,trade_date,ts_code,open,high,low,close,pre_close,change,pct_chg,vol,amount,turnover_rate,volume_ratio,ma2,ma_v_2,ma3,ma_v_3,ma4,ma_v_4,ma5,ma_v_5,ma8,ma_v_8,ma10,ma_v_10,ma15,ma_v_15,ma20,ma_v_20
0,20190830,002557.SZ,24.51,25.18,24.15,24.24,25.8,-1.56,-6.0465,120027.72,295489.011,2.3674,3.46,25.02,78949.39,25.3367,63791.2367,25.6975,55728.6075,25.818,50489.786,25.9825,41241.8487,26.058,43018.095,25.6047,44903.976,25.5905,39260.605
1,20190829,002557.SZ,25.97,26.11,25.3,25.8,25.97,-0.17,-0.6546,37871.06,97738.726,0.747,1.23,25.885,35672.995,26.1833,34295.57,26.2125,33105.3025,26.36,34710.464,26.255,30868.1962,26.183,38568.014,25.6587,38512.982,25.6515,34681.988
2,20190828,002557.SZ,26.9,26.9,25.88,25.97,26.78,-0.81,-3.0246,33474.93,87414.52,0.6603,1.21,26.375,32507.825,26.35,31516.7167,26.5,33920.315,26.364,30729.16,26.3175,34035.2712,26.087,38777.527,25.6487,37137.5727,25.6625,34662.836
3,20190827,002557.SZ,26.55,26.98,26.09,26.78,26.3,0.48,1.8251,31540.72,83806.671,0.6221,1.09,26.54,30537.61,26.6767,34068.7767,26.4625,30042.7175,26.37,27712.216,26.2575,39291.7687,25.869,40151.651,25.6487,36096.966,25.6935,34844.3395
4,20190826,002557.SZ,26.15,26.81,26.15,26.3,26.95,-0.65,-2.4119,29534.5,77787.6,0.5825,0.83,26.625,35332.805,26.3567,29543.3833,26.2675,26755.09,26.298,28811.772,26.015,40344.9525,25.598,41577.976,25.57,35757.73,25.741,35660.1865
5,20190823,002557.SZ,26.01,26.99,25.9,26.95,25.82,1.13,4.3765,41131.11,109014.099,0.8113,0.97,26.385,29547.825,26.2567,25828.62,26.2975,28631.09,26.298,35546.404,25.7012,42555.1612,25.498,42111.071,25.5147,35517.5447,25.826,35542.448
6,20190822,002557.SZ,26.0,26.15,25.79,25.82,26.0,-0.18,-0.6923,17964.54,46515.291,0.3543,0.38,25.91,18177.375,26.08,24464.4167,26.135,34150.2275,26.006,42425.564,25.3412,43139.2688,25.308,40414.241,25.4153,34672.496,25.835,34293.634
7,20190821,002557.SZ,26.34,26.34,25.85,26.0,26.42,-0.42,-1.5897,18390.21,47786.907,0.3627,0.35,26.21,27714.355,26.24,39545.4567,26.0525,48540.82,25.81,46825.894,25.2762,45251.8825,25.291,40341.779,25.4287,35974.0613,25.916,34652.6675
8,20190820,002557.SZ,26.55,26.55,26.01,26.42,26.3,0.12,0.4563,37038.5,96946.627,0.7305,0.68,26.36,50123.08,26.07,58591.0233,25.7625,53934.815,25.368,52591.086,25.1575,45973.4575,25.288,40289.341,25.468,37221.714,25.9685,35291.792
9,20190819,002557.SZ,25.56,26.42,25.56,26.3,25.49,0.81,3.1777,63207.66,164990.894,1.2467,1.3,25.895,69367.285,25.5433,59566.92,25.105,56479.2325,24.898,54344.18,25.0613,43498.635,25.206,39230.709,25.5553,37942.9913,25.9725,35010.771
10,20190816,002557.SZ,25.3,26.0,24.29,25.49,24.84,0.65,2.6167,75526.91,189875.07,1.4897,1.97,25.165,57746.55,24.7067,54236.4233,24.5475,52128.31,24.698,48675.738,25.02,37830.9062,25.123,35503.115,25.6687,35541.1293,25.951,33039.7585
11,20190815,002557.SZ,23.44,24.95,23.44,24.84,23.79,1.05,4.4136,39966.19,97654.67,0.7883,1.18,24.315,43591.18,24.2333,44328.7767,24.5,41962.945,24.61,38402.918,25.0337,31696.565,25.12,30795.962,25.778,31582.9907,25.9885,30713.5115
12,20190814,002557.SZ,24.36,24.64,23.7,23.79,24.07,-0.28,-1.1633,47216.17,113506.068,0.9313,1.69,23.93,46510.07,24.3867,42628.53,24.5525,38012.1,24.772,33857.664,25.1125,29942.2562,25.238,30548.145,25.9513,30594.9253,26.0395,29457.9315
13,20190813,002557.SZ,25.0,25.02,22.77,24.07,25.3,-1.23,-4.8617,45803.97,109805.235,0.9034,1.9,24.685,40334.71,24.8067,34944.0767,25.0175,30518.0375,25.208,27987.596,25.3212,27597.1575,25.518,29537.028,26.1687,29525.3607,26.1325,28173.0205
14,20190812,002557.SZ,25.07,25.35,24.53,25.3,25.05,0.25,0.998,34865.45,86599.912,0.6877,1.56,25.175,29514.13,25.3333,25422.7267,25.4925,23533.5025,25.514,24117.238,25.565,26557.6637,25.884,29742.397,26.3307,28566.3013,26.208,28191.775
15,20190809,002557.SZ,26.0,26.15,24.98,25.05,25.65,-0.6,-2.3392,24162.81,61068.998,0.4766,1.04,25.35,20701.365,25.5567,19756.1867,25.5675,21430.185,25.548,22330.492,25.7263,26837.6075,26.154,28973.825,26.3687,27827.7653,26.263,28826.0745
16,20190808,002557.SZ,26.01,26.3,25.52,25.65,25.97,-0.32,-1.2322,17239.92,44554.281,0.34,0.63,25.81,17552.875,25.74,20519.31,25.6725,21872.4125,25.63,23189.006,26.0612,29799.4638,26.362,28173.027,26.448,28150.376,26.291,29562.7435
17,20190807,002557.SZ,25.8,26.26,25.6,25.97,25.6,0.37,1.4453,17865.83,46367.611,0.3524,0.57,25.785,22159.005,25.68,23416.5767,25.625,24676.2775,25.704,27238.626,26.355,31041.94,26.541,28963.556,26.462,27991.354,26.2945,30311.557
18,20190806,002557.SZ,25.2,25.61,24.23,25.6,25.47,0.13,0.5104,26452.18,66349.753,0.5217,0.75,25.535,26191.95,25.51,26946.4267,25.6375,29581.825,25.828,31086.46,26.5,30828.065,26.649,30294.243,26.4407,28234.8287,26.256,30709.465
19,20190805,002557.SZ,25.53,26.04,25.24,25.47,25.46,0.01,0.0393,25931.72,66393.894,0.5115,0.73,25.465,27193.55,25.65,30625.04,25.885,32245.03,26.254,35367.556,26.73,30664.6938,26.739,30790.833,26.4393,29549.954,26.2505,31535.791
20,20190802,002557.SZ,25.69,25.92,25.11,25.46,26.02,-0.56,-2.1522,28455.38,72664.432,0.5613,0.86,25.74,32971.7,26.0233,34349.4667,26.45,37726.515,26.76,35617.158,26.9275,31319.8163,26.779,30576.402,26.5013,30991.2687,26.24,33775.149
21,20190801,002557.SZ,26.45,26.67,25.6,26.02,26.59,-0.57,-2.1437,37488.02,97438.265,0.7394,1.22,26.305,37296.51,26.78,40816.8933,27.085,37407.6025,27.094,33157.048,27.0575,31690.1538,26.857,30631.061,26.5113,31687.3227,26.297,34873.8055
22,20190731,002557.SZ,27.12,27.34,26.37,26.59,27.73,-1.14,-4.1111,37105.0,99137.767,0.7319,1.26,27.16,42481.33,27.44,37380.7967,27.3625,32074.305,27.378,30688.486,27.0387,29977.5775,26.841,28367.718,26.4913,31335.8673,26.2875,35878.4025
23,20190730,002557.SZ,28.06,28.36,27.3,27.73,28.0,-0.27,-0.9643,47857.66,132680.449,0.9439,1.83,27.865,37518.695,27.62,30397.4067,27.575,29084.3575,27.47,29502.026,26.995,28964.6988,26.747,26809.013,26.3987,30583.8,26.267,38141.5175
24,20190729,002557.SZ,27.2,28.1,27.15,28.0,27.13,0.87,3.2068,27179.73,75250.376,0.5361,1.06,27.565,21667.28,27.5233,22826.59,27.405,24913.1175,27.224,26214.11,26.7613,24839.315,26.532,26641.153,26.2493,30258.536,26.2155,39576.1015
25,20190726,002557.SZ,27.35,27.4,26.91,27.13,27.44,-0.31,-1.1297,16154.83,43838.994,0.3186,0.57,27.285,20650.02,27.2067,24157.58,27.03,25972.705,26.798,25535.646,26.4675,24131.5925,26.372,28678.324,26.0667,33161.146,26.183,43116.5045
26,20190725,002557.SZ,27.08,27.78,26.6,27.44,27.05,0.39,1.4418,25145.21,68442.714,0.496,0.97,27.245,28158.955,26.9967,29245.33,26.715,27880.85,26.62,28105.074,26.2737,27884.6213,26.22,30952.46,26.0313,35446.058,26.089,45134.2515
27,20190724,002557.SZ,26.48,27.27,26.15,27.05,26.5,0.55,2.0755,31172.7,83633.887,0.6148,1.29,26.775,31295.39,26.4733,28792.73,26.415,28845.04,26.304,26046.95,26.1438,30685.4,26.048,31659.558,25.924,37608.3747,25.972,47977.0305
28,20190723,002557.SZ,25.68,26.86,25.68,26.5,25.87,0.63,2.4353,31418.08,83148.208,0.6197,1.16,26.185,27602.745,26.2033,28069.1533,26.1175,24765.5125,26.024,24116.0,25.9637,31650.8363,25.863,31124.687,25.866,41021.348,25.8555,50264.7615
29,20190722,002557.SZ,26.35,26.93,25.7,25.87,26.24,-0.37,-1.4101,23787.41,62376.671,0.4692,0.75,26.055,26394.69,25.99,22547.99,25.905,22290.48,25.84,27068.196,25.8662,31750.6,25.762,32280.749,25.8793,44030.0987,25.733,51748.3595
30,20190719,002557.SZ,25.84,26.49,25.66,26.24,25.86,0.38,1.4695,29001.97,75972.511,0.572,0.86,26.05,21928.28,25.9167,21791.5033,25.8325,27888.3925,25.946,31821.002,25.7825,32005.1725,25.701,36973.896,25.978,48976.7907,25.663,54964.479
31,20190718,002557.SZ,25.55,25.9,25.31,25.86,25.65,0.21,0.8187,14854.59,38218.064,0.293,0.4,25.755,18186.27,25.6967,27517.2,25.8725,32525.76,25.82,33799.846,25.6887,33752.2637,25.737,39116.55,25.912,50810.644,25.516,55240.3045
32,20190717,002557.SZ,25.67,25.96,25.32,25.65,25.58,0.07,0.2737,21517.95,55212.685,0.4244,0.56,25.615,33848.505,25.8767,38416.15,25.81,38536.16,25.792,37272.166,25.6137,40735.3,25.734,43389.087,25.8613,55287.0573,25.3905,56988.233
33,20190716,002557.SZ,26.18,26.5,25.3,25.58,26.4,-0.82,-3.1061,46179.06,119140.137,0.9108,1.23,25.99,46865.25,25.8633,44208.8967,25.8275,41210.72,25.702,38133.374,25.7325,44349.12,25.787,49474.022,25.7993,58981.0153,25.24,57903.2615
34,20190715,002557.SZ,25.65,26.68,25.06,26.4,25.61,0.79,3.0847,47551.44,124160.228,0.9379,1.13,26.005,43223.815,25.91,39554.6067,25.7325,36121.9525,25.684,37493.302,25.7637,45774.2325,25.899,52511.05,25.6973,59975.0807,25.0825,56598.7415
35,20190712,002557.SZ,25.57,26.06,24.9,25.61,25.72,-0.11,-0.4277,38896.19,99119.322,0.7672,0.88,25.665,35556.19,25.51,32312.1233,25.505,34978.7675,25.456,42126.79,25.7362,50126.215,25.994,57554.685,25.5687,62678.9713,24.87,56393.8575
36,20190711,002557.SZ,25.57,25.94,25.4,25.72,25.2,0.52,2.0635,32216.19,82713.191,0.6354,0.65,25.46,29020.09,25.47,33672.96,25.4175,42934.44,25.654,44433.254,25.8725,54832.8587,25.958,59316.043,25.4147,62387.124,24.6985,56122.732
37,20190710,002557.SZ,25.85,26.0,25.11,25.2,25.49,-0.29,-1.1377,25823.99,65933.468,0.5093,0.42,25.345,34401.345,25.3167,46507.19,25.6375,47487.52,25.676,49506.008,26.0762,63054.3087,25.896,64294.503,25.2567,63560.2553,24.534,56330.614
38,20190709,002557.SZ,25.27,25.71,25.01,25.49,25.26,0.23,0.9105,42978.7,109578.297,0.8477,0.64,25.375,56848.79,25.7833,54708.6967,25.795,55426.5125,25.872,60814.67,26.0825,66890.0312,25.848,69404.836,25.086,64493.224,24.409,57089.0045
39,20190708,002557.SZ,26.58,26.58,24.88,25.26,26.6,-1.34,-5.0376,70718.88,179246.795,1.3948,0.97,25.93,60573.695,25.8967,59575.7833,25.9675,65273.6625,26.114,67528.798,26.0337,71767.7925,25.704,71215.97,24.882,62967.2213,24.297,57182.328
40,20190705,002557.SZ,26.08,26.78,25.75,26.6,25.83,0.77,2.981,50428.51,132433.103,0.9946,0.68,26.215,54004.235,26.2033,63458.59,26.3275,66731.2775,26.532,72982.58,25.9662,72543.8475,25.625,72955.062,24.6747,61149.5467,24.174,55780.5215
41,20190704,002557.SZ,26.26,26.3,25.52,25.83,26.18,-0.35,-1.3369,57579.96,149075.548,1.1357,0.73,26.005,69973.63,26.2367,72165.5333,26.515,78621.0975,26.262,74198.832,25.6475,73876.5387,25.295,71364.059,24.38,60019.2247,23.9995,55231.476
42,20190703,002557.SZ,26.47,27.11,25.68,26.18,26.7,-0.52,-1.9476,82367.3,217294.315,1.6246,1.06,26.44,79458.32,26.7433,85634.81,26.37,78353.55,26.116,79082.998,25.4775,77692.7688,25.047,70587.379,24.1533,58605.4827,23.873,56417.0975
43,20190702,002557.SZ,27.2,27.2,26.18,26.7,27.35,-0.65,-2.3766,76549.34,203095.699,1.5098,1.02,27.025,87268.565,26.4333,77015.6333,26.1,78261.9225,25.824,77995.002,25.1175,71711.6662,24.693,66332.501,23.9213,55847.116,23.68,53798.6245
44,20190701,002557.SZ,25.7,27.65,25.7,27.35,25.25,2.1,8.3168,97987.79,260019.045,1.9327,1.34,26.3,77248.78,25.9,78832.7833,25.605,78356.4175,25.294,74903.142,24.6988,68369.6438,24.266,60686.433,23.6913,53733.5047,23.4645,52222.703
45,20190628,002557.SZ,24.96,25.77,24.88,25.25,25.1,0.15,0.5976,56509.77,142503.962,1.1146,0.82,25.175,69255.28,25.0233,71812.6267,24.78,69131.98,24.718,72927.544,24.11,61098.485,23.746,55233.03,23.388,50046.502,23.193,49562.3655
46,20190627,002557.SZ,24.74,25.56,24.66,25.1,24.72,0.38,1.5372,82000.79,206060.67,1.6174,1.32,24.91,79464.055,24.6233,73339.3833,24.585,77031.9875,24.328,68529.286,23.7575,56545.8463,23.439,52929.421,23.2453,48909.024,23.0665,48588.751
47,20190626,002557.SZ,24.05,25.01,23.9,24.72,24.05,0.67,2.7859,76927.32,189316.274,1.5173,1.41,24.385,69008.68,24.4133,75375.72,24.135,65161.41,23.978,62091.76,23.3888,51727.4675,23.172,48366.725,23.1253,48861.7973,22.9265,46148.3325
48,20190625,002557.SZ,24.15,24.29,23.76,24.05,24.47,-0.42,-1.7164,61090.04,146864.76,1.2049,1.31,24.26,74599.92,23.94,61239.44,23.7925,58382.87,23.562,54670.0,23.0713,46295.7625,22.97,44773.173,22.9653,45733.1653,22.7915,44636.7385
49,20190624,002557.SZ,23.12,24.74,22.85,24.47,23.3,1.17,5.0215,88109.8,208975.78,1.7379,2.35,23.885,61314.14,23.7067,57480.48,23.44,53064.99,23.238,46469.724,22.8688,43206.2363,22.89,43148.686,22.8547,44662.5567,22.6675,43383.7195
50,20190621,002557.SZ,23.38,23.7,23.12,23.3,23.35,-0.05,-0.2141,34518.48,80611.691,0.6808,0.92,23.325,42165.82,23.0967,41383.3867,22.93,36059.705,22.774,37538.516,22.6475,37316.4863,22.723,38605.981,22.6847,41773.9727,22.509,41263.312
51,20190620,002557.SZ,22.67,23.4,22.48,23.35,22.64,0.71,3.136,49813.16,115164.547,0.9825,1.44,22.995,44815.84,22.8067,36573.4467,22.6425,38293.525,22.55,37329.556,22.6413,38607.3225,22.704,39098.893,22.646,41941.906,22.4415,41847.113
52,20190619,002557.SZ,22.7,22.96,22.48,22.64,22.43,0.21,0.9362,39818.52,90474.463,0.7854,1.14,22.535,29953.59,22.4067,34453.6467,22.35,34208.655,22.366,34641.69,22.5725,37716.0213,22.699,42246.816,22.576,40833.8567,22.3705,41464.5485
53,20190618,002557.SZ,22.1,22.47,22.1,22.43,22.15,0.28,1.2641,20088.66,44855.19,0.3962,0.5,22.29,31771.21,22.2533,32338.7,22.2975,33347.4825,22.378,34876.346,22.6313,37669.6562,22.667,41264.748,22.5347,41292.318,22.3365,42309.6475
54,20190617,002557.SZ,22.01,22.39,21.68,22.15,22.18,-0.03,-0.1353,43453.76,95839.265,0.8571,1.1,22.165,38463.72,22.2533,37767.09,22.365,38573.2675,22.542,39827.648,22.74,45320.1225,22.663,43758.973,22.4773,42355.0513,22.3185,43527.23
55,20190614,002557.SZ,22.45,22.59,21.88,22.18,22.43,-0.25,-1.1146,33473.68,74376.003,0.6602,0.82,22.305,34923.755,22.4367,36946.4367,22.64,38921.12,22.672,39673.446,22.7613,43638.1325,22.64,43891.701,22.4207,42504.9107,22.3295,44556.4735
56,20190613,002557.SZ,22.6,22.67,22.12,22.43,22.7,-0.27,-1.1894,36373.83,81146.481,0.7174,0.73,22.565,38682.815,22.7933,40736.9333,22.795,41223.3875,22.858,40868.23,22.7875,45082.7863,22.694,44248.081,22.4053,43352.9653,22.35,46135.104
57,20190612,002557.SZ,23.12,23.18,22.56,22.7,23.25,-0.55,-2.3656,40991.8,93260.157,0.8085,0.86,22.975,42918.485,22.9167,42839.9067,22.965,41991.83,23.032,49851.942,22.7238,46133.6875,22.681,43929.94,22.372,43738.8347,22.347,47780.955
58,20190611,002557.SZ,22.8,23.42,22.68,23.25,22.8,0.45,1.9737,44845.17,103274.453,0.8845,0.94,23.025,43763.96,23.0533,42325.1733,23.115,52066.9775,22.956,47653.15,22.7263,45639.3975,22.613,44500.304,22.3227,44787.4147,22.282,48011.9095
59,20190610,002557.SZ,23.27,23.35,22.45,22.8,23.11,-0.31,-1.3414,42682.75,97045.207,0.8419,0.89,22.955,41065.175,23.07,54474.2467,22.8825,48355.145,22.784,47690.298,22.6075,44182.8038,22.445,43618.753,22.244,44760.424,22.203,47676.318
60,20190606,002557.SZ,23.0,23.42,22.92,23.11,23.3,-0.19,-0.8155,39447.6,91451.542,0.7781,0.83,23.205,60369.995,22.91,50245.9433,22.78,48942.185,22.608,48109.956,22.51,44684.39,22.295,43920.643,22.2153,46184.1493,22.147,48251.652
61,20190605,002557.SZ,22.38,23.57,21.96,23.3,22.32,0.98,4.3907,81292.39,186510.887,1.6034,2.14,22.81,55645.115,22.67,52107.0467,22.4825,50275.545,22.53,47627.932,22.3175,44257.1475,22.179,44595.333,22.1807,47890.7287,22.0355,48635.258
62,20190604,002557.SZ,22.3,22.6,21.92,22.32,22.39,-0.07,-0.3126,29997.84,66732.003,0.5917,0.73,22.355,37514.375,22.21,39936.5967,22.3375,39211.8175,22.33,38007.938,22.0675,39808.305,22.042,40682.281,22.1187,47090.626,21.949,48214.145
63,20190603,002557.SZ,21.88,22.55,21.56,22.39,21.92,0.47,2.1442,45030.91,99914.9,0.8882,1.14,22.155,44905.975,22.3433,42283.1433,22.3325,40010.4625,22.27,41347.458,22.0213,41832.8875,22.006,43354.547,22.0573,48131.496,21.936,50998.626
64,20190531,002557.SZ,22.36,22.48,21.6,21.92,22.22,-0.3,-1.3501,44781.04,98031.485,0.8833,1.13,22.32,40909.26,22.3133,38336.98,22.24,40426.595,22.106,39547.208,21.9638,41474.2575,21.974,43295.487,22.0093,47671.658,21.8495,52255.28
65,20190530,002557.SZ,22.15,22.75,21.85,22.72,22.3,0.42,1.8834,37037.48,82756.469,0.7305,0.89,22.51,35114.95,22.3467,38975.1133,22.1525,38238.75,21.982,39731.33,21.9688,42966.69,22.019,45221.246,21.9933,48298.884,21.879,52126.025
66,20190529,002557.SZ,21.83,22.37,21.62,22.3,22.02,0.28,1.2716,33192.42,73527.327,0.6547,0.77,22.16,39943.93,21.9633,38639.1733,21.7975,40404.7925,21.828,41562.734,21.8875,43892.0438,22.006,48022.127,21.8707,48971.0333,21.8615,53575.616
67,20190528,002557.SZ,21.5,22.44,21.41,22.02,21.57,0.45,2.0862,46695.44,103171.637,0.921,1.03,21.795,41362.55,21.63,42808.9167,21.71,43655.3125,21.754,43356.624,21.8963,47747.82,22.013,51631.97,21.822,51616.214,21.866,54520.3095
68,20190527,002557.SZ,21.3,21.75,21.03,21.57,21.3,0.27,1.2676,36029.66,76954.658,0.7106,0.77,21.435,40865.655,21.6067,42641.9367,21.6875,42521.92,21.742,45361.636,21.9675,50041.6763,21.951,51523.515,21.8247,54215.682,21.9255,58655.862
69,20190524,002557.SZ,21.95,21.95,21.08,21.3,21.95,-0.65,-2.9613,45701.65,98123.928,0.9014,0.9,21.625,45948.075,21.7267,44686.0067,21.785,47694.63,21.842,47043.766,22.0675,54199.325,21.961,51733.883,21.764,56491.304,22.055,60480.078
70,20190523,002557.SZ,21.8,22.19,21.39,21.95,21.93,0.02,0.0912,46194.5,100950.639,0.9111,0.85,21.94,44178.185,21.9467,48358.9567,21.9775,47379.295,22.056,50711.162,22.08,54187.98,21.999,52582.661,21.8447,56257.59,22.185,63592.833
71,20190522,002557.SZ,21.96,22.06,21.57,21.93,21.96,-0.03,-0.1366,42161.87,92038.524,0.8316,0.7,21.945,49441.185,21.9867,47774.2267,22.0825,51840.3275,22.184,54481.52,22.045,53180.335,21.892,52675.183,21.8727,57579.91,22.237,63989.6085
72,20190521,002557.SZ,21.99,22.26,21.59,21.96,22.07,-0.11,-0.4984,56720.5,124351.124,1.1187,0.98,22.015,50580.405,22.1333,55066.48,22.2475,57561.4325,22.272,59907.316,22.0138,54683.78,21.856,55746.009,21.9033,58241.538,22.3035,64720.7875
73,20190520,002557.SZ,22.02,22.4,21.38,22.07,22.37,-0.3,-1.3411,44440.31,97597.489,0.8765,0.79,22.22,54239.47,22.3433,57841.7433,22.35,60704.02,22.16,57685.394,21.8788,53483.6825,21.866,58642.705,21.9867,63087.2707,22.378,67692.417
74,20190517,002557.SZ,22.68,23.21,22.22,22.37,22.59,-0.22,-0.9739,64038.63,145736.505,1.2631,1.18,22.48,64542.46,22.4433,66125.2567,22.1825,60996.665,22.08,56424.0,21.8163,57037.41,21.725,61215.073,22.126,64958.8487,22.415,70797.4025
75,20190516,002557.SZ,22.22,22.9,22.22,22.59,22.37,0.22,0.9835,65046.29,147148.604,1.283,1.28,22.48,67168.57,22.12,59982.6767,22.0075,54520.3425,21.942,54454.16,21.7775,59743.5138,21.739,59030.804,22.228,67886.7233,22.4065,74207.2845
76,20190515,002557.SZ,21.5,22.38,21.5,22.37,21.4,0.97,4.5327,69290.85,152727.539,1.3667,1.34,21.885,57450.87,21.8133,51011.6933,21.78,51806.1275,21.6,50868.846,21.5363,60383.2263,21.717,59129.105,22.2547,67158.9713,22.402,75506.006
77,20190514,002557.SZ,21.4,21.89,21.17,21.4,21.67,-0.27,-1.246,45610.89,97976.769,0.8996,0.77,21.535,41872.115,21.5833,45977.8867,21.4075,46263.345,21.44,51584.702,21.5538,56996.3625,21.719,57408.649,22.314,66325.278,22.427,77430.219
78,20190513,002557.SZ,21.3,22.08,21.29,21.67,21.68,-0.01,-0.0461,38133.34,83018.661,0.7521,0.58,21.675,46161.385,21.41,46480.83,21.45,53078.155,21.572,59600.016,21.675,59548.6638,21.9,65788.209,22.4507,71028.0913,22.4855,79382.6445
79,20190510,002557.SZ,21.04,21.79,20.52,21.68,20.88,0.8,3.8314,54189.43,115193.555,1.0688,0.85,21.28,50654.575,21.3767,58059.76,21.5475,64966.685,21.37,66006.146,21.765,61292.7825,22.149,69226.273,22.5267,75588.5367,22.552,83117.2455
80,20190509,002557.SZ,21.58,21.69,20.73,20.88,21.57,-0.69,-3.1989,47119.72,99254.225,0.9294,0.7,21.225,59994.925,21.5033,68559.1033,21.2925,68960.325,21.536,63607.448,21.9563,70694.915,22.371,74603.005,22.5613,80791.6593,22.6215,88242.798
81,20190508,002557.SZ,21.8,22.41,21.39,21.57,22.06,-0.49,-2.2212,72870.13,159300.284,1.4373,1.15,21.815,79278.795,21.43,76240.5267,21.7,67729.38,21.834,67389.364,22.3663,73869.1975,22.582,75304.034,22.6693,83718.3927,22.7495,95899.424
82,20190507,002557.SZ,20.74,22.21,20.74,22.06,20.66,1.4,6.7764,85687.46,185947.107,1.6901,1.19,21.36,77925.725,21.7433,66015.7967,21.9,66019.1725,21.998,63232.596,22.6575,78255.025,22.751,73695.566,22.756,86045.3913,22.941,94748.077
83,20190506,002557.SZ,22.0,22.04,20.3,20.66,22.51,-1.85,-8.2186,70163.99,149361.271,1.3839,0.97,21.585,56179.965,21.8467,59463.0767,21.9825,57618.88,22.228,71976.402,22.7738,74310.3438,22.89,76742.129,22.79,85976.854,23.1065,93598.3185
84,20190430,002557.SZ,22.55,22.96,22.28,22.51,22.37,0.14,0.6258,42195.94,95534.892,0.8323,0.49,22.44,54112.62,22.4233,53437.1767,22.62,72429.505,22.928,72446.4,23.0988,72638.0263,23.105,80379.732,22.946,88820.9453,23.363,93029.1305
85,20190429,002557.SZ,22.39,23.08,22.28,22.37,22.39,-0.02,-0.0893,66029.3,149693.249,1.3024,0.79,22.38,59057.795,22.6567,82507.36,23.0325,80009.015,23.206,85598.562,23.2163,81882.67,23.074,89383.765,22.9833,96454.5813,23.5425,94869.1055
86,20190426,002557.SZ,22.94,23.15,22.22,22.39,23.21,-0.82,-3.533,52086.29,118103.92,1.0273,0.62,22.8,90746.39,23.2533,84668.92,23.415,90490.8775,23.33,83218.704,23.2713,86946.51,23.087,91882.907,23.0547,105402.7773,23.713,94252.285
87,20190425,002557.SZ,23.72,23.89,22.8,23.21,24.16,-0.95,-3.9321,129406.49,301592.939,2.5524,1.59,23.685,100960.235,23.7567,103292.4067,23.565,91001.8075,23.504,84158.536,23.2475,96965.2575,23.135,97451.789,23.2553,105253.2373,23.854,93932.781
88,20190424,002557.SZ,24.0,24.41,23.4,24.16,23.9,0.26,1.0879,72513.98,173359.987,1.4303,0.82,24.03,90235.365,23.6833,78200.2467,23.5775,72846.5475,23.552,81507.856,23.1588,92167.0363,23.071,92977.08,23.3993,100805.624,23.9885,90668.877
89,20190423,002557.SZ,23.0,24.42,22.97,23.9,22.99,0.91,3.9582,107956.75,257389.421,2.1293,1.16,23.445,81043.38,23.3833,72957.4033,23.4,83756.325,23.282,88313.064,22.9975,96574.6775,22.955,97008.218,23.508,99890.0407,24.0145,89075.4195
90,20190422,002557.SZ,23.22,23.37,22.71,22.99,23.26,-0.27,-1.1608,54130.01,124283.544,1.0677,0.54,23.125,55457.73,23.2333,75689.5167,23.1275,83402.1425,22.942,93168.968,22.8313,93662.5088,22.872,101882.591,23.6547,97959.2867,24.067,85691.8975
91,20190419,002557.SZ,23.36,23.46,23.11,23.26,23.45,-0.19,-0.8102,56785.45,132137.138,1.12,0.51,23.355,86469.27,23.1733,93159.52,22.93,102928.7075,22.844,100547.11,22.8325,100999.4275,22.917,116494.814,23.8407,97930.1453,24.2005,85485.641
92,20190418,002557.SZ,22.76,23.61,22.56,23.45,22.81,0.64,2.8058,116153.09,270033.144,2.291,1.11,23.13,111346.555,22.82,118309.7933,22.74,111487.525,22.766,110745.042,22.8088,113488.8063,23.131,115800.588,23.9707,97190.8627,24.2845,84992.451
93,20190417,002557.SZ,22.28,23.03,22.23,22.81,22.2,0.61,2.7477,106540.02,242162.185,2.1014,1.01,22.505,119388.145,22.5033,109932.3367,22.595,109393.03,22.59,104446.304,22.8075,124001.2,23.323,110454.508,24.134,93722.5507,24.377,81451.2515
94,20190416,002557.SZ,22.46,22.58,21.6,22.2,22.5,-0.3,-1.3333,132236.27,290288.068,2.6082,1.2,22.35,111628.495,22.5233,110344.0333,22.535,103922.875,22.628,105703.372,23.1313,116914.0963,23.621,105678.529,24.2587,89329.538,24.518,78757.532
95,20190415,002557.SZ,22.88,23.36,22.48,22.5,22.87,-0.37,-1.6178,91020.72,208826.929,1.7953,0.69,22.685,99397.915,22.6467,94485.0767,22.735,99070.1475,22.802,110596.214,23.5275,108221.0988,24.011,100354.446,24.442,83199.5407,24.6985,76724.515
96,20190412,002557.SZ,22.59,23.34,22.59,22.87,22.57,0.3,1.3292,107775.11,248409.197,2.1257,0.89,22.72,96217.255,22.8133,101753.29,22.8775,115490.0875,22.99,132442.518,23.9388,104191.0375,24.339,96621.663,24.6527,80465.1513,24.79,75289.77
97,20190411,002557.SZ,23.07,23.21,22.39,22.57,23.0,-0.43,-1.8696,84659.4,191276.287,1.6698,0.73,22.785,98742.38,22.88,118061.7467,23.02,138609.37,23.496,120856.134,24.3425,100593.5788,24.573,90413.773,24.7907,76408.254,24.817,72139.548
98,20190410,002557.SZ,23.07,23.45,22.7,23.0,23.07,-0.07,-0.3034,112825.36,261258.049,2.2254,1.07,23.035,134762.92,23.17,156592.6933,23.7275,129905.3175,24.056,116462.712,24.7438,96722.765,24.906,88360.674,24.9727,73786.234,24.864,70852.8825
99,20190409,002557.SZ,23.44,23.67,22.89,23.07,23.44,-0.37,-1.5785,156700.48,363543.719,3.0907,1.74,23.255,178476.36,23.97,135598.6367,24.32,117372.05,24.614,105653.686,25.02,88331.6212,25.074,81142.621,25.148,69775.5853,24.8945,69972.98
100,20190408,002557.SZ,25.3,25.3,22.9,23.44,25.4,-1.96,-7.7165,200252.24,475255.705,3.9497,3.29,24.42,125047.715,24.7367,104262.5733,25.0,92891.9875,25.22,90112.678,25.3738,76760.1125,25.262,69501.204,25.3307,65433.9487,24.8905,66293.0675
101,20190404,002557.SZ,25.25,25.65,25.0,25.4,25.37,0.03,0.1182,49843.19,126374.391,0.9831,0.83,25.385,56267.74,25.52,57105.2367,25.665,62577.7875,25.688,60800.808,25.5288,56809.1862,25.484,54476.468,25.39,56238.854,24.801,60723.41
102,20190403,002557.SZ,25.78,25.78,24.9,25.37,25.79,-0.42,-1.6285,62692.29,157950.177,1.2365,1.04,25.58,60736.26,25.7533,66822.6533,25.76,63540.2125,25.65,59971.412,25.4725,55614.5762,25.438,54184.314,25.2573,55900.686,24.6255,62435.6545
103,20190402,002557.SZ,26.22,26.35,25.45,25.79,26.1,-0.31,-1.1877,58780.23,151409.539,1.1594,1.04,25.945,68887.835,25.89,63822.8533,25.72,59291.1925,25.756,60258.636,25.5088,54028.65,25.431,52447.995,25.1333,55649.606,24.476,63406.5845
104,20190401,002557.SZ,25.54,26.28,25.12,26.1,25.78,0.32,1.2413,78995.44,203736.94,1.5581,1.62,25.94,66344.165,25.6967,59461.5133,25.7475,60628.2375,25.534,56631.556,25.4025,52546.3275,25.415,51836.535,24.988,58079.4113,24.294,65570.0635
105,20190329,002557.SZ,25.26,25.99,25.11,25.78,25.21,0.57,2.261,53692.89,137455.592,1.059,1.12,25.495,49694.55,25.63,54505.8367,25.3925,51040.585,25.304,48889.73,25.3025,48338.035,25.386,53094.584,24.7807,58353.1973,24.098,67472.702
106,20190328,002557.SZ,25.7,25.9,25.0,25.21,25.9,-0.69,-2.6641,45696.21,115946.403,0.9013,0.94,25.555,54912.31,25.2633,50156.4833,25.185,47688.94,25.28,48152.128,25.2838,48209.6275,25.241,53957.877,24.5053,60697.6107,23.934,69736.1855
107,20190327,002557.SZ,24.86,26.35,24.86,25.9,24.68,1.22,4.9433,64128.41,164439.375,1.2649,1.44,25.29,52386.62,25.1767,48353.1833,25.2975,48766.1075,25.226,48397.216,25.3588,53944.5925,25.061,53865.323,24.284,63257.0687,23.78,78434.2515
108,20190326,002557.SZ,24.78,25.4,24.5,24.68,24.95,-0.27,-1.0822,40644.83,101495.015,0.8017,0.86,24.815,40465.57,25.0967,43645.34,25.0575,44464.4175,25.106,44637.354,25.1625,53719.2688,24.822,53345.091,24.0493,64455.9007,23.515,80526.258
109,20190325,002557.SZ,25.16,25.27,24.76,24.95,25.66,-0.71,-2.767,40286.31,100504.277,0.7946,0.7,25.305,45145.595,25.1833,45737.6133,25.2125,45635.485,25.296,47041.514,25.0038,54234.9987,24.715,58803.339,23.8807,68549.566,23.3065,83144.668
110,20190322,002557.SZ,24.82,25.75,24.72,25.66,24.94,0.72,2.8869,50004.88,126537.924,0.9863,0.84,25.3,48463.265,25.3,47418.5433,25.3825,48730.315,25.468,57299.438,24.8238,56564.9712,24.519,63084.931,23.696,73667.026,23.122,87001.9015
111,20190321,002557.SZ,25.29,25.38,24.6,24.94,25.3,-0.36,-1.4229,46921.65,116893.883,0.9255,0.79,25.12,46125.375,25.29,48305.46,25.42,59123.0775,25.202,59763.626,24.5675,62217.775,24.118,66970.352,23.4853,76930.8713,22.883,86701.849
112,20190320,002557.SZ,25.4,25.79,24.5,25.3,25.63,-0.33,-1.2876,45329.1,114382.985,0.8941,0.73,25.465,48997.365,25.58,63190.22,25.2675,62974.12,24.896,59333.43,24.3238,66740.3475,23.813,70686.995,23.298,88446.5967,22.673,87497.884
113,20190319,002557.SZ,25.6,26.0,25.1,25.63,25.81,-0.18,-0.6974,52665.63,134138.529,1.0388,0.75,25.72,72120.78,25.2567,68855.7933,24.795,62834.5125,24.538,62052.828,23.8675,72181.5962,23.521,74365.174,22.9847,92489.226,22.452,88866.5695
114,20190318,002557.SZ,24.46,26.34,24.2,25.81,24.33,1.48,6.083,91575.93,229426.848,1.8062,1.33,25.07,76950.875,24.5167,66224.14,24.265,64399.6275,24.134,70565.164,23.4,76109.4025,23.173,79303.592,22.6433,95179.0527,22.2235,88614.106
115,20190315,002557.SZ,23.7,24.76,23.45,24.33,23.41,0.92,3.9299,62325.82,151045.874,1.2293,0.84,23.87,53548.245,23.75,55340.86,23.715,65312.4725,23.57,68870.424,22.9713,74926.2725,22.81,81850.82,22.34,96902.7227,22.0,87935.495
116,20190314,002557.SZ,23.52,24.09,23.22,23.41,23.51,-0.1,-0.4254,44770.67,105840.278,0.8831,0.55,23.46,51848.38,23.51,66308.0233,23.38,70506.575,23.034,74177.078,22.6988,79891.7713,22.627,85514.494,22.11,95681.2567,21.831,92262.385
117,20190313,002557.SZ,23.55,24.35,23.08,23.51,23.61,-0.1,-0.4235,58926.09,139044.144,1.1623,0.68,23.56,77076.7,23.37,79085.21,22.94,81528.68,22.73,82040.56,22.545,88926.4637,22.499,103003.18,21.932,96886.0353,21.758,95363.8875
118,20190312,002557.SZ,23.08,24.14,22.72,23.61,22.99,0.62,2.6968,95227.31,223087.402,1.8783,1.08,23.3,89164.77,22.75,89062.8767,22.535,87819.1775,22.504,86677.52,22.4188,93931.0225,22.208,107707.425,21.7567,97804.4833,21.6335,97040.158
119,20190311,002557.SZ,21.63,22.99,21.6,22.99,21.65,1.34,6.1894,83102.23,185488.557,1.6391,0.88,22.32,85980.66,22.1767,85349.8,22.2275,84540.0725,22.212,88042.02,22.2338,109484.8,21.898,107485.997,21.5867,94630.42,21.5105,96515.319
120,20190308,002557.SZ,21.51,22.44,21.21,21.65,21.89,-0.24,-1.0964,88859.09,194655.284,1.7526,0.92,21.77,86473.585,21.9733,85019.3533,22.0175,89276.9675,22.05,94831.216,21.935,112343.0888,21.725,110918.872,21.4767,94290.5187,21.4125,95540.6065
121,20190307,002557.SZ,22.25,22.58,21.83,21.89,22.38,-0.49,-2.1895,84088.08,186186.345,1.6585,0.68,22.135,83099.485,22.14,89416.26,22.15,96324.2475,22.22,96851.91,21.7925,112862.3313,21.648,106433.346,21.43,98290.8207,21.335,92756.671
122,20190306,002557.SZ,22.1,22.45,21.77,22.38,22.15,0.23,1.0384,82110.89,181539.563,1.6195,0.64,22.265,92080.35,22.2367,100402.97,22.3025,100042.8675,22.268,123965.8,21.7138,117030.1938,21.533,104308.773,21.434,99804.9967,21.2195,91824.4155
123,20190305,002557.SZ,22.15,22.18,21.6,22.15,22.18,-0.03,-0.1353,102049.81,223432.917,2.0128,0.8,22.165,109549.01,22.2767,106020.1933,22.24,134429.5275,21.912,128737.33,21.5263,112266.8113,21.383,103367.965,21.3433,100494.3707,21.104,92041.0135
124,20190304,002557.SZ,22.47,22.88,22.01,22.18,22.5,-0.32,-1.4222,117048.21,261571.713,2.3086,0.92,22.34,108005.385,22.27,145222.7667,21.8525,135409.21,21.584,126929.974,21.35,107365.8788,21.274,97924.62,21.2767,99339.752,20.9915,91276.0945
125,20190301,002557.SZ,22.13,22.63,21.75,22.5,22.13,0.37,1.6719,98962.56,220264.77,1.9519,0.85,22.315,159310.045,21.7433,141529.5433,21.435,129400.415,21.4,127006.528,21.1875,101822.7038,21.19,94020.17,21.2,95777.07,20.897,89324.4255
126,20190228,002557.SZ,21.5,22.66,21.23,22.13,20.6,1.53,7.4272,219657.53,478821.162,4.3325,2.59,21.365,162813.035,21.08,139546.3667,21.125,134017.52,21.076,116014.782,21.0075,95404.4288,21.035,99010.276,21.04,91391.5913,20.807,87886.428
127,20190227,002557.SZ,20.52,20.75,19.71,20.6,20.51,0.09,0.4388,105968.54,214196.995,2.0901,1.36,20.555,99490.785,20.79,105470.85,20.8125,90104.095,20.798,84651.746,20.9088,77697.7013,21.017,87724.595,20.87,81110.6207,20.705,79705.294
128,20190226,002557.SZ,21.22,21.22,20.41,20.51,21.26,-0.75,-3.5278,93013.03,193356.844,1.8346,1.35,20.885,105222.005,20.8833,84815.9467,20.8475,79322.5475,20.854,77998.6,20.9525,83059.5863,21.059,86372.891,20.8347,79808.908,20.6785,76254.3265
129,20190225,002557.SZ,20.64,21.28,20.64,21.26,20.88,0.38,1.8199,117430.98,245699.51,2.3162,1.92,21.07,80717.405,20.96,74759.0533,20.94,74244.9925,20.964,68919.266,21.1325,84783.0475,21.123,85544.641,20.794,79391.468,20.6585,73896.2375
130,20190222,002557.SZ,20.63,21.09,20.41,20.88,20.74,0.14,0.675,44003.83,91405.792,0.8679,0.54,20.81,53423.09,20.8333,59849.6633,20.89,56791.3375,20.98,61033.812,21.1025,81660.6125,21.1,80162.341,20.7293,76763.7247,20.6205,71963.3355
131,20190221,002557.SZ,20.87,21.35,20.55,20.74,20.88,-0.14,-0.6705,62842.35,131851.156,1.2395,0.69,20.81,67772.58,20.8933,61053.84,21.005,65291.3075,20.994,82005.77,21.1363,86751.45,21.022,79079.996,20.7173,78510.31,20.602,75705.923
132,20190220,002557.SZ,21.05,21.58,20.6,20.88,21.06,-0.18,-0.8547,72702.81,152444.8,1.434,0.77,20.97,60159.585,21.0933,66107.6267,21.0575,86796.625,21.236,90797.444,21.1725,86847.1538,20.906,79340.058,20.674,78056.4767,20.6105,77935.455
133,20190219,002557.SZ,21.27,21.44,20.85,21.06,21.34,-0.28,-1.3121,47616.36,100540.045,0.9392,0.47,21.2,62810.035,21.1167,91494.5633,21.325,95321.1025,21.264,94747.182,21.075,81906.85,20.825,80714.062,20.62,75672.902,20.5785,78924.7985
134,20190218,002557.SZ,21.1,21.39,20.81,21.34,20.95,0.39,1.8616,78003.71,164927.03,1.5385,0.79,21.145,113433.665,21.4133,111222.6833,21.315,106529.8875,21.282,102170.016,20.89,84135.1763,20.709,84627.569,20.5567,75555.228,20.4855,78147.2885
135,20190215,002557.SZ,21.81,21.81,20.66,20.95,21.95,-1.0,-4.5558,148863.62,315573.991,2.9362,1.95,21.45,127832.17,21.3067,116038.6133,21.2675,108211.5925,21.22,99290.87,20.7313,85190.0688,20.604,84628.681,20.5007,75606.51,20.387,75559.239
136,20190214,002557.SZ,21.0,21.95,20.82,21.95,21.02,0.93,4.4244,106800.72,229325.475,2.1065,1.57,21.485,99626.11,21.3733,94660.9167,21.2875,86897.6825,21.05,76154.222,20.6,77426.045,20.579,76762.58,20.4713,73605.974,20.2995,69109.552
137,20190213,002557.SZ,21.2,21.2,20.55,21.02,21.15,-0.13,-0.6147,92451.5,192853.942,1.8235,1.39,21.085,88591.015,21.0667,80263.3367,20.825,68492.5975,20.576,67882.672,20.3925,73827.8088,20.393,71685.993,20.402,73648.1253,20.1635,64557.4755
138,20190212,002557.SZ,21.16,21.4,20.7,21.15,21.03,0.12,0.5706,84730.53,177752.294,1.6712,1.26,21.09,74169.255,20.76,60506.2967,20.465,61740.465,20.386,66680.942,20.3525,71046.6975,20.298,66135.762,20.35,73650.6707,20.067,63062.359
139,20190211,002557.SZ,20.12,21.15,20.07,21.03,20.1,0.93,4.6269,63607.98,132218.117,1.2546,0.91,20.565,48394.18,20.2367,54077.11,20.195,62168.545,20.136,67085.122,20.22,67459.7375,20.194,62247.834,20.22,70139.7127,19.9675,59809.97
140,20190201,002557.SZ,19.68,20.1,19.54,20.1,19.58,0.52,2.6558,33180.38,65754.087,0.6544,0.43,19.84,49311.675,19.9167,61688.7333,19.9125,67954.4075,19.988,69966.492,20.1,64127.3888,20.141,63764.33,20.1093,67648.6953,19.884,59052.828
141,20190131,002557.SZ,19.93,20.02,19.42,19.58,20.07,-0.49,-2.4415,65442.97,128775.4,1.2908,0.87,19.825,75942.91,19.85,79545.75,19.96,79163.02,20.108,77370.938,20.1013,65711.2475,20.182,72331.85,20.0493,66761.3287,19.8365,60744.3695
142,20190130,002557.SZ,19.9,20.62,19.84,20.07,19.9,0.17,0.8543,86442.85,175295.093,1.705,1.32,19.985,86597.14,20.0867,83736.37,20.24,80352.93,20.21,75489.314,20.2163,67377.4938,20.315,76530.852,20.026,63449.0767,19.8015,59115.6455
143,20190129,002557.SZ,20.09,20.44,19.7,19.9,20.29,-0.39,-1.9221,86751.43,173618.074,1.7111,1.51,20.095,82383.13,20.2967,78322.9567,20.245,72750.93,20.21,65590.582,20.2713,71429.085,20.332,77135.535,19.9607,61856.1647,19.7315,55859.0725
144,20190128,002557.SZ,20.73,20.98,20.03,20.29,20.7,-0.41,-1.9807,78014.83,160401.31,1.5388,1.36,20.495,74108.72,20.36,68084.0967,20.2875,60300.37,20.252,57410.546,20.3975,74014.28,20.262,71667.008,19.9113,57384.9193,19.6885,53619.098
145,20190125,002557.SZ,20.09,20.95,19.94,20.7,20.09,0.61,3.0363,70202.61,144016.295,1.3847,1.04,20.395,63118.73,20.2867,54395.55,20.2425,52259.475,20.294,57562.168,20.3913,75823.6363,20.17,66489.797,19.8493,55414.94,19.594,51388.6625
146,20190124,002557.SZ,20.2,20.4,19.94,20.09,20.07,0.02,0.0997,56034.85,113109.582,1.1052,0.72,20.08,46492.02,20.09,46278.43,20.1925,54402.0575,20.256,67292.762,20.2038,71056.58,20.02,61456.524,19.746,55202.18,19.478,48868.313
147,20190123,002557.SZ,20.05,20.39,20.02,20.07,20.11,-0.04,-0.1989,36949.19,74728.475,0.7288,0.42,20.09,41400.22,20.2267,53857.7933,20.2975,70107.24,20.42,77572.39,20.1138,67332.5638,19.934,57428.958,19.6653,53657.756,19.4035,47141.8285
148,20190122,002557.SZ,20.55,20.55,19.93,20.11,20.5,-0.39,-1.9024,45851.25,92267.948,0.9044,0.53,20.305,62312.095,20.3733,81159.9233,20.5075,87728.19,20.454,88680.488,20.005,65197.65,19.836,59988.956,19.572,52615.236,19.3255,46577.5705
149,20190121,002557.SZ,20.4,20.54,20.1,20.5,20.51,-0.01,-0.0488,78772.94,160136.562,1.5537,1.04,20.505,98814.26,20.64,101687.17,20.54,99387.7975,20.272,85923.47,19.895,61436.1425,19.741,57372.106,19.5007,52355.282,19.2265,46749.3425
150,20190118,002557.SZ,20.35,20.56,19.95,20.51,20.91,-0.4,-1.913,118855.58,240258.773,2.3443,2.14,20.71,113144.285,20.5533,106259.4167,20.215,87711.1025,20.046,75417.426,19.7188,59408.1713,19.627,54341.326,19.3607,49330.8273,19.08,44683.6665
151,20190117,002557.SZ,20.2,21.65,20.08,20.91,20.24,0.67,3.3103,107432.99,222948.501,2.119,2.88,20.575,99961.335,20.1167,77329.61,19.93,64557.8875,19.784,55620.286,19.55,47011.5675,19.491,49156.889,19.2187,42726.83,18.9395,40842.7705
152,20190116,002557.SZ,19.13,20.38,19.1,20.24,19.2,1.04,5.4167,92489.68,184505.544,1.8243,2.96,19.72,62277.92,19.6033,50266.1867,19.5025,42667.11,19.448,37285.526,19.3563,39640.5863,19.288,41700.439,19.0647,36998.308,18.814,37210.0915
153,20190115,002557.SZ,19.38,19.38,18.86,19.2,19.37,-0.17,-0.8776,32066.16,61144.476,0.6325,1.11,19.285,29154.44,19.2567,26059.5867,19.25,23484.4875,19.218,31297.424,19.22,36455.7775,19.131,34582.61,18.9493,32543.2647,18.7405,34458.886
154,20190114,002557.SZ,19.15,19.59,18.65,19.37,19.2,0.17,0.8854,26242.72,50218.089,0.5176,0.79,19.285,23056.3,19.2667,20623.93,19.2225,31105.24,19.21,28820.742,19.18,36556.0688,19.115,35571.188,18.878,33691.3,18.7355,35833.8965
155,20190111,002557.SZ,19.2,19.4,19.08,19.2,19.23,-0.03,-0.156,19869.88,38234.828,0.3919,0.47,19.215,17814.535,19.1733,32726.08,19.17,29465.2475,19.208,33265.226,19.0925,35939.6525,19.018,36287.528,18.758,34439.08,18.761,37698.391
156,20190110,002557.SZ,19.18,19.42,19.11,19.23,19.09,0.14,0.7334,15759.19,30381.58,0.3108,0.34,19.16,39154.18,19.16,32663.7033,19.21,36614.0625,19.198,42693.492,19.0725,38699.91,18.936,36280.102,18.658,35916.932,18.7255,37593.8255
157,20190109,002557.SZ,19.19,19.36,19.05,19.09,19.16,-0.07,-0.3653,62549.17,120251.267,1.2337,1.65,19.125,41115.96,19.2033,43565.6867,19.19,49427.0675,19.128,46115.352,18.9688,40905.7763,18.873,36854.699,18.6027,37184.9467,18.6985,39297.248
158,20190108,002557.SZ,19.33,19.5,19.09,19.16,19.36,-0.2,-1.0331,19682.75,37886.742,0.3882,0.47,19.26,34073.945,19.2233,45053.0333,19.1375,42006.8975,19.044,37867.796,18.88,35561.5825,18.815,33166.185,18.5813,35512.7067,18.709,38771.2345
159,20190107,002557.SZ,19.3,19.56,19.13,19.36,19.15,0.21,1.0966,48465.14,93639.923,0.9559,1.23,19.255,57738.175,19.13,49448.28,19.015,42414.0575,19.02,42321.634,18.81,35789.3838,18.712,36126.579,18.5773,38171.6147,18.6925,39471.526
160,20190104,002557.SZ,18.53,19.4,18.43,19.15,18.88,0.27,1.4301,67011.21,127040.635,1.3217,2.24,19.015,49939.85,18.9,40397.03,18.935,40785.7575,18.828,39309.83,18.7038,32939.245,18.533,35026.007,18.612,39176.1127,18.707,38995.818
161,20190103,002557.SZ,18.72,19.09,18.12,18.88,18.67,0.21,1.1248,32868.49,61396.261,0.6483,1.19,18.775,27089.94,18.8633,32043.94,18.7475,32384.485,18.674,29866.712,18.5763,30723.68,18.388,32528.652,18.568,35893.9367,18.7335,38087.521
162,20190102,002557.SZ,19.04,19.09,18.0,18.67,19.04,-0.37,-1.9433,21311.39,39935.878,0.4203,0.75,18.855,31631.665,18.7033,32223.15,18.6225,29116.2675,18.618,27594.046,18.4125,31297.5463,18.34,32719.744,18.5553,37024.5467,18.787,38199.888
163,20181228,002557.SZ,18.25,19.08,18.22,19.04,18.4,0.64,3.4783,41951.94,78639.509,0.8275,1.4,18.72,37679.03,18.6067,31717.8933,18.605,29164.71,18.586,28464.574,18.2913,33888.33,18.35,34335.162,18.5973,39072.3807,18.827,40048.5235
164,20181227,002557.SZ,18.57,18.66,18.1,18.4,18.38,0.02,0.1088,33406.12,61023.352,0.6589,1.09,18.39,26600.87,18.46,24902.3,18.4725,25092.7325,18.404,29931.524,18.2113,32991.7638,18.356,36096.605,18.5833,38521.49,18.7955,39805.2145
165,20181226,002557.SZ,18.58,18.84,18.23,18.38,18.6,-0.22,-1.1828,19795.62,36620.353,0.3904,0.56,18.49,20650.39,18.4967,22321.6033,18.405,29062.875,18.238,30742.184,18.2575,33499.195,18.504,39109.254,18.6667,38891.1473,18.805,39313.8215
166,20181225,002557.SZ,18.22,18.66,18.01,18.6,18.51,0.09,0.4862,21505.16,39436.552,0.4242,0.57,18.555,23584.595,18.4133,32151.96,18.2025,33478.825,18.102,35190.592,18.3475,38470.5388,18.515,38907.549,18.7533,40827.7907,18.811,39858.344
167,20181224,002557.SZ,18.13,18.63,17.95,18.51,18.13,0.38,2.096,25664.03,47209.015,0.5062,0.64,18.32,37475.36,18.07,37470.0467,17.9775,38611.95,18.062,37845.442,18.5075,43723.97,18.524,41739.797,18.8433,41735.1687,18.806,40035.302
168,20181221,002557.SZ,17.47,18.26,17.47,18.13,17.57,0.56,3.1873,49286.69,88921.997,0.9721,1.17,17.85,43373.055,17.8,42927.9233,17.95,40890.795,18.114,40205.75,18.505,42738.2875,18.603,44376.284,18.9073,43909.84,18.793,39900.9695
169,20181220,002557.SZ,17.55,17.76,17.18,17.57,17.7,-0.13,-0.7345,37459.42,65437.345,0.7388,0.79,17.635,39748.54,17.89,38092.1633,18.11,37935.515,18.308,42261.686,18.575,42805.9063,18.673,42816.473,18.926,43096.4447,18.7965,40562.737
170,20181219,002557.SZ,18.36,18.49,17.5,17.7,18.4,-0.7,-3.8043,42037.66,75356.959,0.8291,0.99,18.05,38408.535,18.29,38094.2133,18.4925,43462.2525,18.77,47476.324,18.7913,44627.0913,18.881,42965.629,18.994,42171.034,18.8785,39922.641
171,20181218,002557.SZ,18.6,18.96,18.21,18.4,18.77,-0.37,-1.9712,34779.41,64419.637,0.686,0.76,18.585,36122.49,18.7567,43937.1167,19.0375,48835.99,18.928,42624.506,18.9325,43583.4563,19.079,43646.39,19.0473,41414.2613,18.9885,40334.661
172,20181217,002557.SZ,19.25,19.3,18.54,18.77,19.1,-0.33,-1.7277,37465.57,70517.277,0.739,0.77,18.935,48515.97,19.25,53521.5167,19.06,44585.78,18.986,45634.152,19.0888,44104.9025,19.234,43680.032,19.054,40765.2553,19.061,40838.7025
173,20181214,002557.SZ,19.74,19.86,19.01,19.1,19.88,-0.78,-3.9235,59566.37,115946.183,1.1749,1.37,19.49,61549.49,19.1567,46959.1833,19.04,47676.2975,19.092,48546.818,19.2025,45527.365,19.304,45761.885,19.0193,39799.376,19.1135,41176.4625
174,20181213,002557.SZ,18.54,19.95,18.54,19.88,18.49,1.39,7.5176,63532.61,123665.105,1.2531,1.65,19.185,40655.59,19.02,43712.94,19.09,45791.93,19.038,43371.26,19.3088,42471.0475,19.235,43513.824,18.9593,39996.4207,19.1155,40477.2135
175,20181212,002557.SZ,18.84,18.84,18.38,18.49,18.69,-0.2,-1.0701,17778.57,33039.308,0.3507,0.4,18.59,33803.105,18.8267,39878.37,18.8275,38330.9225,18.992,38454.934,19.2575,41814.9838,19.106,39518.389,18.9147,37404.7467,19.0735,39238.1425
176,20181211,002557.SZ,19.56,19.56,18.45,18.69,19.3,-0.61,-3.1606,49827.64,93085.007,0.9828,1.19,18.995,50928.27,18.94,45181.7067,19.1175,43624.025,19.23,44668.274,19.2475,44228.3825,19.107,40809.139,19.0087,39571.3793,19.099,39825.958
177,20181210,002557.SZ,18.78,19.8,18.73,19.3,18.83,0.47,2.496,52028.9,100598.634,1.0262,1.21,19.065,42858.74,19.26,41556.1533,19.365,43378.4325,19.482,41725.912,19.235,40947.21,19.088,38330.807,19.086,39240.2193,19.1395,39425.085
178,20181207,002557.SZ,19.75,19.79,18.8,18.83,19.65,-0.82,-4.173,33688.58,64777.126,0.6645,0.77,19.24,36319.78,19.3867,40494.9433,19.5275,39150.165,19.516,42976.952,19.135,38279.3563,18.983,35425.655,19.1207,38719.6773,19.128,38551.707
179,20181206,002557.SZ,19.39,19.85,19.03,19.65,19.68,-0.03,-0.1524,38950.98,75852.99,0.7683,0.96,19.665,43898.125,19.76,40970.6933,19.6875,45299.045,19.432,43656.388,19.0938,37198.8238,18.92,38309.001,19.1413,39512.5313,19.102,38969.7125
180,20181205,002557.SZ,19.03,19.98,18.9,19.68,19.95,-0.27,-1.3534,48845.27,95509.043,0.9634,1.32,19.815,41980.55,19.7,47415.0667,19.3775,44832.74,19.22,40581.844,18.9188,35202.1238,18.876,36879.653,19.1007,39499.212,19.025,38169.1965
181,20181204,002557.SZ,19.44,20.11,19.18,19.95,19.47,0.48,2.4653,35115.83,68964.129,0.6926,1.01,19.71,46699.965,19.2767,43495.23,19.105,38515.9875,18.984,36950.004,18.7338,36911.72,18.898,37022.932,19.0553,38211.8527,18.9705,37260.918
182,20181203,002557.SZ,18.7,19.47,18.7,19.47,18.41,1.06,5.7577,58284.1,111814.364,1.1496,2.09,18.94,47684.93,18.8233,39649.3733,18.7425,37408.5475,18.694,34935.702,18.6413,35604.4288,18.888,37997.373,19.0253,38658.1427,18.9145,37551.0
183,20181130,002557.SZ,18.53,18.83,17.87,18.41,18.59,-0.18,-0.9683,37085.76,68237.769,0.7315,1.13,18.5,30332.01,18.5,30450.03,18.5,29098.6025,18.45,27874.358,18.695,34603.6738,18.923,36591.04,18.9987,37076.6253,18.886,37651.8555
184,20181129,002557.SZ,18.69,18.79,18.46,18.59,18.5,0.09,0.4865,23578.26,43852.021,0.4651,0.71,18.545,27132.165,18.53,26436.2167,18.46,25571.5075,18.408,32961.614,18.875,35575.4838,18.996,37440.603,18.992,37407.4873,18.883,41049.655
185,20181128,002557.SZ,18.58,18.84,18.21,18.5,18.5,0.0,0.0,30686.07,57126.714,0.6052,0.83,18.5,27865.195,18.4167,26235.9233,18.3625,35307.4525,18.532,33177.462,19.0288,38155.7975,19.041,38957.896,18.96,37364.9807,18.859,41928.181
186,20181127,002557.SZ,18.38,18.55,18.1,18.5,18.25,0.25,1.3699,25044.32,46012.266,0.494,0.61,18.375,24010.85,18.3167,36847.9133,18.54,33800.31,18.812,37095.86,19.1088,40017.7125,19.091,38842.777,18.966,37364.556,18.8385,43076.514
187,20181126,002557.SZ,18.18,18.49,18.1,18.25,18.2,0.05,0.2747,22977.38,42076.515,0.4532,0.51,18.225,42749.71,18.5533,36718.9733,18.89,40108.745,19.082,41059.044,19.1763,41731.0713,19.191,40519.363,18.988,38422.766,18.805,45060.114
188,20181123,002557.SZ,19.2,19.2,17.74,18.2,19.21,-1.01,-5.2577,62522.04,114508.604,1.2332,1.49,18.705,43589.77,19.1033,45819.2,19.29,45579.46,19.396,45307.722,19.27,42550.7588,19.273,41677.759,19.0313,40911.0213,18.703,45535.2605
189,20181122,002557.SZ,19.9,19.95,19.2,19.21,19.9,-0.69,-3.4673,24657.5,48135.149,0.4863,0.55,19.555,37467.78,19.6533,39931.9333,19.695,41004.1425,19.584,41919.592,19.4325,39961.7763,19.284,39630.424,19.0413,43745.6687,18.657,43775.4
190,20181121,002557.SZ,19.7,20.2,19.15,19.9,19.85,0.05,0.2519,50278.06,99408.299,0.9917,1.24,19.875,47569.15,19.8567,46453.0233,19.6775,46235.115,19.55,44738.33,19.415,41199.7563,19.174,39458.74,18.968,44845.0873,18.5625,43822.457
191,20181120,002557.SZ,19.7,19.85,19.13,19.85,19.82,0.03,0.1514,44860.24,87386.375,0.8848,1.12,19.835,44540.505,19.6033,44887.4667,19.4625,43353.3975,19.37,40589.694,19.2163,40171.085,19.043,37498.904,18.8473,45070.0653,18.4335,42447.585
192,20181119,002557.SZ,19.0,19.84,18.88,19.82,19.14,0.68,3.5528,44220.77,85823.068,0.8722,1.16,19.48,44901.08,19.3333,42851.1167,19.25,39522.0575,19.3,39979.682,18.9988,37431.1375,18.941,37104.627,18.7127,46393.804,18.311,41897.3135
193,20181116,002557.SZ,19.03,19.14,18.58,19.14,19.04,0.1,0.5252,45581.39,86208.789,0.899,1.22,19.09,42166.29,19.06,37955.82,19.17,38919.41,19.15,38047.796,18.845,35738.5038,18.849,38712.671,18.472,45611.1067,18.232,43526.179
194,20181115,002557.SZ,19.13,19.17,18.55,19.04,19.0,0.04,0.2105,38751.19,72958.515,0.7643,1.13,19.02,34143.035,19.18,36698.75,19.1525,36164.3975,18.984,37341.256,18.8063,35155.5138,18.77,44658.707,18.348,44394.0027,18.151,42702.0185
195,20181114,002557.SZ,19.45,19.5,18.89,19.0,19.5,-0.5,-2.5641,29534.88,56469.44,0.5825,0.86,19.25,35672.53,19.19,35302.1333,18.97,36988.7725,18.798,34179.15,18.7888,37849.2663,18.677,44898.466,18.2333,43517.166,18.024,42009.166
196,20181113,002557.SZ,18.87,19.7,18.69,19.5,19.07,0.43,2.2549,41810.18,80590.351,0.8247,1.22,19.285,38185.76,18.96,39473.4033,18.7475,35340.2175,18.716,34408.114,18.7075,47287.625,18.586,47310.251,18.1213,43066.882,17.909,42375.167
197,20181112,002557.SZ,18.13,19.2,18.12,19.07,18.31,0.76,4.1507,34561.34,65079.28,0.6817,0.88,18.69,38305.015,18.4967,33183.5633,18.52,32557.5975,18.582,34229.572,18.5338,47204.95,18.419,49600.865,17.9813,42536.524,17.782,42204.832
198,20181109,002557.SZ,18.2,18.95,17.92,18.31,18.11,0.2,1.1044,42048.69,77660.579,0.8294,0.81,18.21,32494.675,18.3367,31889.6833,18.46,34146.63,18.548,39377.546,18.4113,49591.3738,18.133,49392.762,17.926,45352.3067,17.706,43021.8415
199,20181108,002557.SZ,18.85,18.97,18.11,18.11,18.59,-0.48,-2.582,22940.66,42587.491,0.4525,0.41,18.35,26810.18,18.51,31512.61,18.6075,38709.76,18.556,51976.158,18.3513,52424.8275,18.03,47920.376,17.8733,44488.9393,17.7055,42570.4025
200,20181107,002557.SZ,18.83,19.0,18.34,18.59,18.83,-0.24,-1.2746,30679.7,57291.668,0.6051,0.51,18.71,35798.585,18.7733,43966.1267,18.6675,59235.0325,18.556,55617.782,18.1138,53617.2838,17.951,48186.174,17.766,44619.1713,17.671,43186.0775
201,20181106,002557.SZ,18.68,19.14,18.5,18.83,18.9,-0.07,-0.3704,40917.47,76839.534,0.8071,0.63,18.865,50609.34,18.6933,68753.4767,18.5475,61852.3025,18.456,60212.388,17.95,53197.925,17.824,47396.266,17.64,45030.8513,17.6325,42939.1325
202,20181105,002557.SZ,18.1,18.95,17.8,18.9,18.35,0.55,2.9973,60301.21,110128.78,1.1894,1.02,18.625,82671.48,18.4533,68830.58,18.3625,65036.1175,18.256,64972.158,17.7613,51283.0713,17.681,46690.0,17.5153,44863.252,17.5815,43705.09
203,20181102,002557.SZ,18.5,19.72,17.88,18.35,18.11,0.24,1.3252,105041.75,193905.651,2.0718,2.39,18.23,73095.265,18.1833,66614.42,18.095,66139.895,17.718,59407.978,17.5638,46592.9975,17.615,48339.687,17.4253,44236.6067,17.5105,43830.6825
204,20181101,002557.SZ,18.04,18.47,17.8,18.11,18.09,0.02,0.1106,41148.78,74781.686,0.8116,1.01,18.1,47400.755,18.01,53172.61,17.56,47999.535,17.504,43864.594,17.445,37694.63,17.532,40745.33,17.422,39435.1507,17.456,41369.2585
205,20181031,002557.SZ,17.77,18.53,17.72,18.09,17.83,0.26,1.4582,53652.73,97488.403,1.0582,1.55,17.96,59184.525,17.3767,50283.12,17.3525,44543.5475,17.346,40754.566,17.4613,42150.7925,17.371,39119.866,17.376,39042.176,17.3995,41592.1775
206,20181030,002557.SZ,17.0,17.83,16.77,17.83,16.21,1.62,9.9938,64716.32,112365.806,1.2765,2.28,17.02,48598.315,17.1067,41507.1533,17.16,37530.025,17.192,34580.144,17.39,39081.4738,17.232,37440.083,17.358,37181.3807,17.3335,42860.5535
207,20181029,002557.SZ,17.14,17.14,15.88,16.21,17.28,-1.07,-6.1921,32480.31,53244.196,0.6406,0.87,16.745,29902.57,16.9367,28467.9267,17.0325,27046.1,17.106,28407.842,17.2238,34103.7013,17.145,34808.799,17.3567,36616.0673,17.267,42164.444
208,20181026,002557.SZ,17.38,17.38,16.71,17.28,17.32,-0.04,-0.2309,27324.83,46595.891,0.539,0.73,17.3,26461.735,17.3067,25234.6967,17.33,27389.725,17.512,37271.396,17.285,34650.525,17.279,36650.921,17.4413,38638.2507,17.28,43843.0095
209,20181025,002557.SZ,16.88,17.39,16.61,17.32,17.32,0.0,0.0,25598.64,43188.727,0.5049,0.68,17.32,24189.63,17.3467,27411.3567,17.57,39758.0375,17.56,37626.066,17.245,36035.3563,17.381,37220.429,17.44,40537.48,17.2395,44019.829
210,20181024,002557.SZ,17.46,17.73,17.07,17.32,17.4,-0.08,-0.4598,22780.62,39672.281,0.4493,0.57,17.36,28317.715,17.6533,44477.8367,17.62,40632.9225,17.396,37485.166,17.2738,39198.2175,17.391,38185.981,17.4173,41871.3813,17.175,44852.7875
211,20181023,002557.SZ,18.2,18.21,17.22,17.4,18.24,-0.84,-4.6053,33854.81,59899.723,0.6677,0.82,17.82,55326.445,17.72,46583.69,17.415,41161.3025,17.272,40300.022,17.3963,40478.1288,17.441,38481.999,17.3807,45620.69,17.0895,45217.8955
212,20181022,002557.SZ,17.78,18.9,17.59,18.24,17.52,0.72,4.1096,76798.08,140471.168,1.5148,2.13,17.88,52948.13,17.42,43596.8,17.24,41911.325,17.184,41209.756,17.3988,40653.0475,17.482,40720.18,17.3207,46749.978,16.9835,45352.494
213,20181019,002557.SZ,16.19,17.82,16.19,17.52,16.5,1.02,6.1818,29098.18,49323.821,0.5739,0.79,17.01,26996.16,16.9067,30282.4067,16.92,32312.675,17.046,36030.446,17.3463,34270.8875,17.406,39321.678,17.2027,46033.5473,16.8225,42736.755
214,20181018,002557.SZ,16.4,16.86,16.29,16.5,16.7,-0.2,-1.1976,24894.14,41207.915,0.491,0.64,16.6,30874.52,16.72,33384.1733,16.9275,37763.5125,17.202,36814.792,17.3825,37663.1925,17.38,41993.187,17.1327,46151.0833,16.6865,42210.668
215,20181017,002557.SZ,17.15,17.25,16.07,16.7,16.96,-0.26,-1.533,36854.9,61477.127,0.7269,1.01,16.83,37629.19,17.07,42053.3033,17.3775,39794.955,17.386,38886.796,17.505,42403.0575,17.428,44064.489,17.1013,47308.6613,16.6075,42318.6565
216,20181016,002557.SZ,17.4,17.4,16.5,16.96,17.55,-0.59,-3.3618,38403.48,64935.693,0.7575,0.95,17.255,44652.505,17.6033,40774.9733,17.5575,39394.77,17.61,36663.976,17.575,44772.8538,17.435,48281.024,17.0287,46857.1867,16.4975,41595.4735
217,20181015,002557.SZ,18.37,18.58,17.36,17.55,18.3,-0.75,-4.0984,50901.53,90419.275,1.004,1.19,17.925,41960.72,17.7567,39725.2,17.7725,36229.1,17.78,40230.604,17.5775,45673.3138,17.389,49520.089,16.9167,46733.4067,16.387,41262.199
218,20181012,002557.SZ,17.49,18.38,17.2,18.3,17.42,0.88,5.0517,33019.91,59191.889,0.6513,0.7,17.86,34137.035,17.8467,31338.29,17.8375,37562.8725,17.766,42612.91,17.48,49188.1538,17.281,51035.098,16.748,44972.1913,16.2395,39439.3925
219,20181011,002557.SZ,17.49,17.68,16.89,17.42,17.82,-0.4,-2.2447,35254.16,61298.541,0.6953,0.72,17.62,30497.48,17.6833,39077.1933,17.6325,45011.16,17.558,47171.582,17.255,51409.9313,17.098,50819.229,16.5147,44009.2933,16.061,38575.969
220,20181010,002557.SZ,17.76,18.03,17.5,17.82,17.81,0.01,0.0561,25740.8,45837.016,0.5077,0.43,17.815,40988.71,17.7033,48263.4933,17.5925,50150.9375,17.47,49242.182,17.1363,55259.6138,16.959,51519.594,16.348,43462.61,15.94,37979.599
221,20181009,002557.SZ,17.32,18.29,17.18,17.81,17.48,0.33,1.8879,56236.62,100052.6,1.1092,0.96,17.645,59524.84,17.5167,58287.65,17.3825,55117.5275,17.26,59898.072,16.9675,55899.6663,16.738,51953.792,16.1267,43239.306,15.799,38296.3305
222,20181008,002557.SZ,17.0,17.66,16.82,17.48,17.26,0.22,1.2746,62813.06,108863.788,1.2389,1.06,17.37,59313.165,17.24,54744.4967,17.1225,60813.435,16.998,58809.574,16.745,54152.315,16.485,49984.808,15.9227,41606.064,15.6465,36583.828
223,20180928,002557.SZ,16.9,17.35,16.66,17.26,16.98,0.28,1.649,55813.27,94748.453,1.1009,1.02,17.12,50710.215,17.0033,60146.8933,16.8775,57808.7025,16.796,59457.286,16.5113,50061.03,16.239,46151.832,15.7307,38381.5533,15.5035,35417.9675
224,20180927,002557.SZ,16.77,17.02,16.6,16.98,16.77,0.21,1.2522,45607.16,76906.483,0.8995,0.85,16.875,62313.705,16.75,58473.8467,16.68,60368.29,16.638,54466.876,16.2638,47652.7188,15.993,42428.149,15.562,35710.7647,15.3985,33760.286
225,20180926,002557.SZ,16.56,17.1,16.56,16.77,16.5,0.27,1.6364,79020.25,133235.321,1.5586,1.8,16.635,64907.19,16.58,65288.6667,16.5525,56681.805,16.448,53797.006,16.0188,45012.2363,15.787,40572.824,15.43,34225.4047,15.2995,32772.162
226,20180925,002557.SZ,16.31,16.97,16.14,16.5,16.47,0.03,0.1821,50794.13,84517.609,1.0019,1.23,16.485,58422.875,16.48,49235.6567,16.3675,47491.195,16.216,44009.512,15.7725,37456.76,15.56,34909.923,15.312,31095.75,15.218,30880.7015
227,20180921,002557.SZ,16.48,16.75,16.09,16.47,16.47,0.0,0.0,66051.62,108384.028,1.3028,2.01,16.47,48456.42,16.3233,46390.2167,16.145,42313.3575,15.972,41160.042,15.575,34489.2325,15.385,33004.309,15.196,29175.246,15.1305,30529.3695
228,20180920,002557.SZ,15.87,16.48,15.87,16.47,16.03,0.44,2.7449,30861.22,50048.594,0.6087,1.02,16.25,36559.515,16.0367,34400.6033,15.8475,34937.1475,15.682,32846.378,15.3288,29031.685,15.198,27843.687,15.0727,27404.8613,15.021,31501.586
229,20180919,002557.SZ,15.47,16.33,15.47,16.03,15.61,0.42,2.6906,42257.81,67892.021,0.8335,1.55,15.82,36170.295,15.64,36295.79,15.485,33342.6675,15.348,30389.422,15.1138,29141.2813,15.024,26332.709,14.9853,26858.0893,14.941,30856.718
230,20180918,002557.SZ,15.28,15.69,15.02,15.61,15.28,0.33,2.1597,30082.78,46452.109,0.5933,1.17,15.445,33314.78,15.3033,30370.9533,15.1775,27422.325,15.126,27348.642,14.935,25664.73,14.921,24439.604,14.9167,25763.8807,14.881,29455.003
231,20180917,002557.SZ,15.04,15.48,14.8,15.28,15.02,0.26,1.731,36546.78,55687.339,0.7208,1.47,15.15,30515.04,15.0333,26535.5067,15.005,26665.1075,14.904,25810.334,14.825,23873.3125,14.86,24638.869,14.8853,26504.4313,14.8425,29411.5265
232,20180914,002557.SZ,14.69,15.1,14.63,15.02,14.8,0.22,1.4865,24483.3,36423.639,0.4829,1.07,14.91,21529.87,14.9133,23371.2167,14.81,23126.2225,14.798,24848.576,14.79,22220.81,14.808,23182.848,14.85,26985.812,14.803,28821.591
233,20180913,002557.SZ,14.93,14.98,14.52,14.8,14.92,-0.12,-0.8043,18576.44,27377.822,0.3664,0.83,14.86,22815.175,14.74,22673.8633,14.7425,24939.895,14.714,22840.996,14.7875,23169.8263,14.768,24684.103,14.8007,31053.322,14.782,28392.957
234,20180912,002557.SZ,14.5,14.98,14.4,14.92,14.5,0.42,2.8966,27053.91,40038.543,0.5336,1.26,14.71,24722.575,14.7233,27061.0467,14.6925,23907.135,14.7,22275.996,14.7825,23596.0925,14.804,25092.423,14.8053,31012.4833,14.787,28513.1105
235,20180911,002557.SZ,14.91,14.91,14.41,14.5,14.75,-0.25,-1.6949,22391.24,32652.394,0.4416,0.95,14.625,27064.615,14.6167,22858.21,14.645,21081.5175,14.716,21530.566,14.745,25151.335,14.812,24971.5,14.7993,30157.1233,14.794,28891.696
236,20180910,002557.SZ,14.57,14.95,14.56,14.75,14.6,0.15,1.0274,31737.99,46958.992,0.626,1.48,14.675,23091.695,14.6933,20644.9433,14.77,21315.3975,14.816,23467.404,14.8275,25184.885,14.876,26851.48,14.822,30611.924,14.8575,28731.697
237,20180907,002557.SZ,14.77,14.95,14.57,14.6,14.73,-0.13,-0.8826,14445.4,21298.683,0.2849,0.54,14.665,15098.42,14.7767,17841.2,14.8325,21399.7575,14.818,21517.12,14.8588,24448.2213,14.876,28054.43,14.8047,30145.9293,14.916,28632.548
238,20180906,002557.SZ,14.7,14.95,14.6,14.73,15.0,-0.27,-1.8,15751.44,23276.456,0.3107,0.56,14.865,19539.1,14.91,23717.8767,14.8725,23285.05,14.822,26527.21,14.9263,27791.4263,14.844,35159.485,14.8047,30243.6107,14.99,29107.4065
239,20180905,002557.SZ,14.99,15.26,14.81,15.0,15.0,0.0,0.0,23326.76,35100.266,0.4601,0.82,15.0,27701.095,14.92,25796.2533,14.845,29221.1525,14.908,27908.85,14.9288,31293.4325,14.858,35380.727,14.816,30592.1487,15.0445,30443.338
240,20180904,002557.SZ,14.75,15.06,14.68,15.0,14.76,0.24,1.626,32075.43,47776.278,0.6327,1.06,14.88,27031.0,14.7933,31185.95,14.885,29054.3725,14.908,28412.434,14.8388,39064.5813,14.841,34470.402,14.82,31345.406,15.0825,31703.11
241,20180903,002557.SZ,14.58,14.8,14.34,14.76,14.62,0.14,0.9576,21986.57,32051.08,0.4337,0.64,14.69,30741.21,14.8467,28047.3533,14.885,27496.685,14.936,30235.556,14.8225,37300.635,14.825,34184.184,14.8713,30486.4613,15.1175,32231.383
242,20180831,002557.SZ,15.09,15.09,14.3,14.62,15.16,-0.54,-3.562,39495.85,57699.871,0.779,0.9,14.89,31077.745,14.9267,29333.39,14.98,32297.8025,14.934,34591.74,14.8313,36330.2525,14.798,34460.334,14.9487,31004.3573,15.113,33298.2865
243,20180830,002557.SZ,14.87,15.21,14.81,15.16,15.0,0.16,1.0667,22659.64,34074.474,0.4469,0.53,15.08,24252.16,15.1,29898.4533,15.0125,33365.7125,14.866,43791.76,14.8588,35044.9275,14.796,32101.811,15.046,29967.472,15.1745,32919.2855
244,20180829,002557.SZ,15.12,15.13,14.86,15.0,15.14,-0.14,-0.9247,25844.68,38706.622,0.5098,0.64,15.07,33517.86,14.9633,36934.4033,14.7925,49074.79,14.808,42852.604,14.775,35305.9813,14.77,31933.798,15.09,31288.1673,15.204,33591.614
245,20180828,002557.SZ,14.88,15.35,14.7,15.14,14.75,0.39,2.6441,41191.04,62121.128,0.8124,1.08,14.945,42479.265,14.7233,56818.16,14.76,47104.585,14.774,40528.37,14.725,34064.2238,14.776,32811.892,15.1407,32800.002,15.2745,34337.4055
246,20180827,002557.SZ,14.13,14.87,14.03,14.75,14.28,0.47,3.2913,43767.49,63432.388,0.8633,1.27,14.515,64631.72,14.6333,49075.7667,14.6825,40362.7025,14.714,38132.812,14.695,31537.7825,14.839,30611.914,15.178,32896.6587,15.341,34223.0495
247,20180824,002557.SZ,14.38,14.46,13.71,14.28,14.87,-0.59,-3.9677,85495.95,120266.427,1.6863,4.19,14.575,51729.905,14.66,39227.7733,14.705,36724.1425,14.662,34328.928,14.7338,30395.0488,14.956,29210.666,15.1727,32867.1353,15.41,34650.1515
248,20180823,002557.SZ,14.72,14.97,14.58,14.87,14.83,0.04,0.2697,17963.86,26590.238,0.3543,0.85,14.85,16093.685,14.8467,20466.8733,14.7575,21537.1725,14.726,20411.862,14.92,22106.9625,15.136,23055.328,15.2773,29295.1273,15.508,32443.235
249,20180822,002557.SZ,14.84,14.94,14.68,14.83,14.84,-0.01,-0.0674,14223.51,21079.303,0.2805,0.57,14.835,21718.38,14.72,22728.2767,14.69,21023.8625,14.732,21014.992,15.0513,23580.8563,15.231,25505.949,15.336,30504.6173,15.5955,32221.6545
250,20180821,002557.SZ,14.5,15.1,14.49,14.84,14.49,0.35,2.4155,29213.25,43354.629,0.5762,1.27,14.665,26980.66,14.6433,23290.6467,14.7075,22712.8625,14.778,25095.414,15.2075,24795.7388,15.324,28935.818,15.4413,32273.7507,15.6915,32767.5155
251,20180820,002557.SZ,14.6,14.6,14.13,14.49,14.6,-0.11,-0.7534,24748.07,35478.475,0.4881,1.03,14.545,20329.345,14.6633,20546.0667,14.7625,24065.955,14.964,23091.016,15.33,26452.8413,15.41,30278.582,15.55,32919.7953,15.792,32584.7835
252,20180817,002557.SZ,15.0,15.14,14.51,14.6,14.9,-0.3,-2.0134,15910.62,23573.284,0.3138,0.62,14.75,18445.065,14.8533,23838.5833,15.0825,22676.7525,15.25,24092.404,15.4888,29424.6075,15.428,32136.239,15.6593,34757.226,15.91,33736.7245
253,20180816,002557.SZ,14.86,15.27,14.8,14.9,15.06,-0.16,-1.0624,20979.51,31404.77,0.4138,0.7,14.98,27802.565,15.2433,24932.13,15.4125,26137.85,15.546,25698.794,15.6263,32765.8913,15.553,33736.76,15.7687,36453.6927,16.024,37096.027
254,20180815,002557.SZ,15.78,15.88,14.85,15.06,15.77,-0.71,-4.5022,34625.62,52774.069,0.683,1.06,15.415,26908.44,15.5833,27857.2967,15.7075,26878.615,15.73,29996.906,15.5975,35559.0325,15.638,35249.43,15.8833,35957.2087,16.1285,38878.8445
255,20180814,002557.SZ,15.95,16.19,15.58,15.77,15.92,-0.15,-0.9422,19191.26,30327.42,0.3785,0.51,15.845,24473.135,15.9233,24296.28,15.8975,28839.7275,15.87,32776.222,15.6963,35220.3088,15.773,35862.919,15.996,35324.8827,16.2155,42697.886
256,20180813,002557.SZ,15.88,16.0,15.4,15.92,16.08,-0.16,-0.995,29755.01,46715.866,0.5869,0.74,16.0,26848.79,15.94,32055.8833,15.895,36172.4625,15.856,37466.148,15.6938,37334.6775,15.843,37834.185,16.068,35749.3727,16.2215,43043.6875
257,20180810,002557.SZ,15.76,16.14,15.62,16.08,15.82,0.26,1.6435,23942.57,38172.916,0.4722,0.57,15.95,33206.32,15.8867,38311.6133,15.84,39393.9325,15.606,40180.074,15.755,38710.365,15.864,40089.637,16.13,36951.498,16.2155,43740.1545
258,20180809,002557.SZ,15.7,16.13,15.23,15.82,15.76,0.06,0.3807,42470.07,67004.278,0.8377,1.05,15.79,45496.135,15.76,44544.3867,15.4875,44239.45,15.56,41774.726,15.8038,40580.5338,15.88,41831.142,16.1833,40895.1047,16.204,45518.83
259,20180808,002557.SZ,15.53,16.09,15.35,15.76,15.7,0.06,0.3822,48522.2,76177.755,0.957,1.25,15.73,45581.545,15.3767,44829.2433,15.495,41600.89,15.546,40501.954,15.8425,41810.4663,15.96,38937.36,16.2613,41839.4907,16.1845,45936.539
260,20180807,002557.SZ,14.67,15.71,14.67,15.7,14.67,1.03,7.0211,42640.89,64747.184,0.841,1.12,15.185,42982.765,15.4067,39293.7867,15.4925,38496.8925,15.676,38949.616,15.9025,40914.8938,16.059,36599.213,16.3307,46005.1073,16.13,45344.41
261,20180806,002557.SZ,15.87,15.87,14.6,14.67,15.85,-1.18,-7.4448,43324.64,65183.509,0.8545,1.08,15.26,37620.235,15.4233,37115.56,15.67,38026.7975,15.83,38202.222,16.0175,37276.3138,16.174,34890.985,16.3433,44902.8673,16.0875,45232.4285
262,20180803,002557.SZ,15.75,16.19,15.45,15.85,15.75,0.1,0.6349,31915.83,50794.482,0.6295,0.76,15.8,34011.02,16.0033,36260.85,16.12,36921.6175,16.122,39999.2,16.2775,35003.325,16.392,35337.21,16.4187,44926.848,16.0865,47077.649
263,20180802,002557.SZ,16.25,16.25,15.35,15.75,16.41,-0.66,-4.0219,36106.21,57156.846,0.7122,0.97,16.08,38433.36,16.21,38590.2133,16.19,42020.0425,16.2,41887.558,16.4025,34208.6725,16.495,40455.294,16.4187,46766.8647,16.034,52296.447
264,20180801,002557.SZ,16.47,16.84,16.15,16.41,16.47,-0.06,-0.3643,40760.51,67281.482,0.804,1.19,16.44,39832.215,16.3367,43991.32,16.3125,43332.895,16.374,37372.766,16.54,35668.7575,16.619,42508.259,16.3973,47748.0673,15.9855,52376.89
265,20180731,002557.SZ,16.02,16.75,15.94,16.47,16.13,0.34,2.1079,38903.92,63381.847,0.7673,1.23,16.3,45606.725,16.28,44190.3567,16.365,36525.83,16.442,34248.81,16.5988,40960.7775,16.658,49532.853,16.2813,47476.008,15.908,51895.94
266,20180730,002557.SZ,16.38,17.04,16.05,16.13,16.24,-0.11,-0.6773,52309.53,86530.4,1.0317,1.71,16.185,46833.575,16.33,35733.1333,16.435,33085.0325,16.518,31579.748,16.6638,43177.27,16.6,48253.19,16.1733,47575.8307,15.834,51808.952
267,20180727,002557.SZ,16.66,16.74,16.01,16.24,16.62,-0.38,-2.2864,41357.62,67348.836,0.8157,1.06,16.43,27444.935,16.5367,26676.8667,16.615,26397.3025,16.662,30675.22,16.7475,50514.385,16.567,47390.672,16.0747,49437.132,15.7785,51072.0745
268,20180726,002557.SZ,16.77,16.82,16.54,16.62,16.75,-0.13,-0.7761,13532.25,22536.514,0.2669,0.28,16.685,19336.49,16.74,21410.53,16.7675,28004.62,16.79,39023.03,16.7038,48608.0938,16.528,49206.518,15.9787,55766.0767,15.729,51036.13
269,20180725,002557.SZ,16.71,16.9,16.52,16.75,16.85,-0.1,-0.5935,25140.73,41987.694,0.4959,0.39,16.8,25349.67,16.8167,32828.7433,16.8325,45395.725,16.864,47643.752,16.6013,52377.1063,16.409,52935.718,15.856,57378.2647,15.623,54976.24
270,20180724,002557.SZ,16.75,16.93,16.45,16.85,16.85,0.0,0.0,25558.61,42815.69,0.5041,0.39,16.85,36672.75,16.86,52147.39,16.8925,53269.5075,16.874,64816.896,16.4888,56674.025,16.201,54089.607,15.73,57778.3167,15.5595,55279.691
271,20180723,002557.SZ,16.85,17.17,16.21,16.85,16.88,-0.03,-0.1777,47786.89,79851.352,0.9425,0.75,16.865,65441.78,16.9067,62506.4733,16.88,74631.4675,16.682,64926.632,16.3113,59832.23,16.001,55573.872,15.606,58552.02,15.502,55514.9325
272,20180720,002557.SZ,17.3,17.65,16.21,16.88,16.99,-0.11,-0.6474,83096.67,140286.872,1.639,1.4,16.935,69866.265,16.89,83579.66,16.64,69211.5675,16.472,64106.124,16.0388,58443.8213,15.781,58818.088,15.484,57871.026,15.449,55998.24
273,20180719,002557.SZ,16.93,17.34,16.71,16.99,16.8,0.19,1.13,56635.86,95976.128,1.1171,0.97,16.895,83821.155,16.56,64583.2,16.37,59358.4875,16.266,59390.006,15.785,53106.895,15.573,64137.6,15.3753,55040.4967,15.3785,54186.366
274,20180718,002557.SZ,15.95,17.48,15.95,16.8,15.89,0.91,5.73,111006.45,187728.817,2.1895,2.56,16.345,68556.87,16.1633,60266.03,16.085,60078.5425,15.954,58227.684,15.4925,56056.0438,15.352,62245.521,15.2093,57420.4027,15.3015,53984.8605
275,20180717,002557.SZ,15.73,16.02,15.65,15.89,15.8,0.09,0.57,26107.29,41345.543,0.5149,0.56,15.845,34895.82,15.8467,43102.5733,15.7425,45032.9925,15.528,43362.318,15.2425,59216.7113,15.158,54259.027,15.1213,52100.6227,15.2515,51925.6435
276,20180716,002557.SZ,15.67,16.07,15.61,15.8,15.85,-0.05,-0.32,43684.35,69216.447,0.8616,0.82,15.825,51600.215,15.6933,51341.56,15.4375,47676.075,15.32,46221.112,15.1038,60667.6838,15.068,55364.714,15.1087,52377.6993,15.2245,54132.4205
277,20180713,002557.SZ,15.44,15.9,15.13,15.85,15.43,0.42,2.72,59516.08,92879.202,1.1739,0.86,15.64,55170.165,15.3167,49006.65,15.2,46855.3025,15.09,53530.052,14.9863,59099.8288,14.99,54753.477,15.108,53295.612,15.2645,53906.6045
278,20180712,002557.SZ,14.66,15.53,14.58,15.43,14.67,0.76,5.18,50824.25,77599.727,1.0025,0.77,15.05,43751.935,14.9833,42635.0433,14.9,52033.545,14.88,68885.194,14.8788,56305.8388,14.93,52865.742,15.0827,52451.8193,15.3,52494.485
279,20180711,002557.SZ,14.52,14.88,14.25,14.67,14.85,-0.18,-1.21,36679.62,53583.132,0.7235,0.56,14.76,38540.44,14.7233,52436.6433,14.7425,73400.43,14.75,66263.358,14.8275,54649.305,14.837,57016.762,15.084,52570.586,15.3745,52145.3655
280,20180710,002557.SZ,14.7,14.89,14.51,14.85,14.65,0.2,1.37,40401.26,59465.228,0.7969,0.63,14.75,60315.155,14.7667,85640.7,14.77,73659.2925,14.788,65155.736,14.9,55144.1938,14.918,56469.775,15.1593,54780.0853,15.503,52920.811
281,20180709,002557.SZ,14.35,14.89,14.04,14.65,14.8,-0.15,-1.01,80229.05,117057.078,1.5824,1.43,14.725,108260.42,14.7433,84745.3033,14.7725,71344.355,14.816,64508.316,14.8563,61635.8425,15.003,55455.993,15.1927,56769.5233,15.6005,53568.738
282,20180706,002557.SZ,14.79,14.83,13.3,14.8,14.78,0.02,0.14,136291.79,188869.209,2.6882,3.7,14.79,87003.43,14.8133,68382.79,14.8575,60578.1325,14.89,55976.902,14.96,55508.43,15.117,53178.392,15.3227,54032.122,15.7375,51788.565
283,20180705,002557.SZ,14.87,15.2,14.51,14.78,14.86,-0.08,-0.54,37715.07,56363.422,0.7439,0.79,14.82,34428.29,14.8767,35340.2467,14.9125,35898.18,14.98,36846.29,15.0725,42254.8863,15.184,44235.132,15.44,47030.9153,15.886,48009.7055
284,20180704,002557.SZ,15.0,15.48,14.81,14.86,14.99,-0.13,-0.87,31141.51,46952.721,0.6142,0.65,14.925,34152.835,14.9567,35292.55,15.03,36629.095,14.924,47770.166,15.1988,44722.1325,15.251,45724.2,15.5827,47439.368,16.046,51403.3335
285,20180703,002557.SZ,15.15,15.18,14.6,14.99,15.02,-0.03,-0.2,37164.16,55391.944,0.733,0.8,15.005,37368.07,15.0867,38458.29,14.94,51927.33,15.048,47783.814,15.275,46686.8425,15.345,49592.26,15.7413,48842.5027,16.2255,54520.806
286,20180702,002557.SZ,15.28,15.61,14.6,15.02,15.25,-0.23,-1.51,37571.98,57109.088,0.7411,0.75,15.135,39105.355,14.9233,56848.3867,15.0625,50438.7275,15.19,46403.67,15.3325,48617.0413,15.381,52900.127,15.862,49922.212,16.387,56643.6515
287,20180629,002557.SZ,14.5,15.37,14.5,15.25,14.5,0.75,5.17,40638.73,60654.159,0.8016,0.79,14.875,66486.59,15.0767,54727.6433,15.2325,48611.5925,15.344,50379.882,15.43,52648.3075,15.539,53059.732,16.02,50392.4527,16.516,59034.358
288,20180628,002557.SZ,15.41,15.55,14.37,14.5,15.48,-0.98,-6.33,92334.45,136704.792,1.8212,2.11,14.99,61772.1,15.2267,51269.2133,15.3675,52815.17,15.388,51623.974,15.4425,56348.82,15.67,52123.228,16.188,51730.844,16.688,61930.9855
289,20180627,002557.SZ,15.74,16.1,15.26,15.48,15.7,-0.22,-1.4,31209.75,49082.306,0.6156,0.61,15.59,30736.595,15.6567,39642.0767,15.61,41446.355,15.578,43678.234,15.705,49703.0175,15.912,47273.969,16.42,52614.3893,16.8495,62565.0445
290,20180626,002557.SZ,15.72,16.06,15.52,15.7,15.79,-0.09,-0.57,30263.44,47718.854,0.5969,0.51,15.745,43858.24,15.6533,44858.5567,15.6025,46795.355,15.642,51400.706,15.84,49711.01,16.088,49371.847,16.618,56766.47,16.9595,66423.105
291,20180625,002557.SZ,15.59,16.1,15.48,15.79,15.47,0.32,2.07,57453.04,90663.939,1.1332,1.03,15.63,52156.115,15.57,52305.9933,15.6275,56685.0225,15.572,59396.584,15.9925,51408.3125,16.198,51681.483,16.786,60056.9787,17.0845,73217.0305
292,20180622,002557.SZ,15.17,15.69,15.01,15.47,15.45,0.02,0.13,46859.19,72037.685,0.9242,0.89,15.46,49732.47,15.5733,56429.0167,15.5175,59882.47,15.734,55739.582,16.1738,50750.2488,16.358,50398.738,16.9067,61919.1833,17.2255,78964.673
293,20180621,002557.SZ,15.8,16.15,15.16,15.45,15.8,-0.35,-2.22,52605.75,82430.799,1.0376,1.03,15.625,61213.93,15.5333,64223.5633,15.8,57959.68,15.952,52622.482,16.34,51562.825,16.588,51784.279,17.1213,65366.656,17.326,81075.0055
294,20180620,002557.SZ,15.33,15.92,15.16,15.8,15.35,0.45,2.93,69822.11,108834.933,1.3772,1.47,15.575,70032.47,15.9167,59744.3233,16.0775,52626.665,16.246,50869.704,16.5825,50565.305,16.841,57082.467,17.2733,68860.648,17.4435,82354.745
295,20180619,002557.SZ,16.49,16.55,14.94,15.35,16.6,-1.25,-7.53,70242.83,111316.687,1.3855,1.6,15.975,54705.43,16.17,46894.85,16.3575,46131.6025,16.534,47342.988,16.8288,49426.8663,17.106,59449.352,17.3987,71430.5713,17.554,85097.4765
296,20180615,002557.SZ,16.6,16.79,16.35,16.6,16.56,0.04,0.24,39168.03,64938.47,0.7725,0.87,16.58,35220.86,16.6933,38094.5267,16.83,41618.0275,16.824,43966.382,17.1575,53844.9663,17.393,60387.176,17.5887,77823.846,17.6415,87203.994
297,20180614,002557.SZ,16.8,17.09,16.51,16.56,16.92,-0.36,-2.13,31273.69,52372.964,0.6168,0.61,16.74,37557.775,16.9067,42434.6933,16.88,45165.97,16.982,45057.894,17.3888,60635.3325,17.493,65008.984,17.7227,86706.37,17.6845,91022.386
298,20180613,002557.SZ,17.4,17.58,16.88,16.92,17.24,-0.32,-1.86,43841.86,75870.489,0.8647,0.69,17.08,48015.195,16.9867,49796.73,17.0875,48503.945,17.224,50946.076,17.5963,66678.755,17.706,71738.743,17.784,90559.18,17.7015,94407.695
299,20180612,002557.SZ,16.77,17.33,16.77,17.24,16.8,0.44,2.62,52188.53,89364.635,1.0294,0.73,17.02,52774.165,17.1433,50057.9733,17.3,52722.13,17.436,63295.23,17.6813,71871.7863,17.787,77856.12,17.8427,92849.7587,17.7425,97339.1835
300,20180611,002557.SZ,17.3,17.48,16.56,16.8,17.39,-0.59,-3.39,53359.8,90517.032,1.0525,0.69,17.095,48992.695,17.32,52899.9967,17.485,66071.905,17.678,71555.716,17.8625,77669.63,17.831,83474.363,17.894,97682.306,17.7365,98467.7235
301,20180608,002557.SZ,17.87,17.87,17.21,17.39,17.77,-0.38,-2.14,44625.59,77887.549,0.8802,0.53,17.58,52670.095,17.7133,70309.2733,17.8975,76104.695,17.962,76807.97,17.9788,84126.6088,17.971,94752.578,17.914,101616.5313,17.722,99223.6495
302,20180607,002557.SZ,18.01,18.34,17.63,17.77,17.98,-0.21,-1.17,60714.6,109316.661,1.1975,0.66,17.875,83151.115,18.0667,86597.73,18.105,84853.565,18.004,84960.074,18.015,92094.78,18.093,107530.608,17.9187,106343.8833,17.651,98653.15
303,20180606,002557.SZ,18.44,18.45,17.68,17.98,18.45,-0.47,-2.55,105587.63,188638.13,2.0826,1.14,18.215,99539.295,18.2167,92899.8867,18.0625,91021.4425,18.188,92531.41,18.0688,105273.1988,18.064,110365.732,17.8607,108894.9013,17.5705,97687.2965
304,20180605,002557.SZ,17.99,18.45,17.72,18.45,18.22,0.23,1.26,93490.96,169015.681,1.844,0.98,18.335,86556.015,18.09,86166.0467,18.24,89267.355,18.138,92417.01,18.1475,113625.4813,18.046,107627.023,17.8447,108687.168,17.4415,94147.434
305,20180604,002557.SZ,17.6,18.35,17.46,18.22,17.6,0.62,3.52,79621.07,143428.159,1.5704,0.71,17.91,82503.59,18.17,87859.4867,18.06,92148.5225,17.984,95393.01,18.0263,113072.3413,18.002,110745.601,17.756,107438.3927,17.2925,92063.7385
306,20180601,002557.SZ,18.5,18.64,17.41,17.6,18.69,-1.09,-5.83,85386.11,154067.677,1.6841,0.66,18.145,91978.695,18.0067,96324.34,17.925,99335.995,17.98,112697.186,17.9738,112894.775,17.89,114020.812,17.642,106695.5427,17.1375,90405.379
307,20180531,002557.SZ,17.75,18.86,17.75,18.69,17.73,0.96,5.41,98571.28,181811.901,1.9442,0.77,18.21,101793.455,18.0333,103985.9567,18.075,119524.955,18.182,130101.142,18.025,117806.1038,17.876,117035.788,17.5333,103217.5087,16.9885,87048.7735
308,20180530,002557.SZ,16.98,18.2,16.71,17.73,17.33,0.4,2.31,105015.63,185571.588,2.0713,0.85,17.705,106693.295,17.87,126509.5133,18.055,137983.6075,17.94,128200.054,17.8263,119531.3413,17.697,117076.647,17.3647,99405.9253,16.7895,84151.3665
309,20180529,002557.SZ,18.1,18.69,17.6,17.68,18.2,-0.52,-2.86,108370.96,197594.161,2.1375,0.86,17.94,137256.455,18.1633,148972.9333,17.9925,133996.16,17.954,122837.036,17.7925,120846.3713,17.698,116822.247,17.2093,94724.242,16.632,81702.1195
310,20180528,002557.SZ,18.5,18.66,17.67,18.2,18.61,-0.41,-2.2,166141.95,301562.695,3.277,1.44,18.405,169273.92,18.0967,142537.8933,18.0225,126453.555,18.02,126098.192,17.695,119672.485,17.642,113461.084,17.062,90953.9813,16.458,78631.316
311,20180525,002557.SZ,17.53,19.23,17.53,18.61,17.48,1.13,6.46,172405.89,323687.577,3.4005,1.66,18.045,130735.865,17.9633,113224.09,17.975,116087.2525,17.8,115344.438,17.6375,111713.695,17.473,103694.721,16.8567,82974.7767,16.2725,74004.893
312,20180524,002557.SZ,17.91,18.23,17.3,17.48,17.8,-0.32,-1.8,89065.84,159039.867,1.7567,0.84,17.64,83633.19,17.7633,97314.3733,17.5975,101079.075,17.57,103970.434,17.4513,99507.875,17.209,89775.692,16.5907,72697.984,16.0955,70509.7515
313,20180523,002557.SZ,18.01,18.14,17.78,17.8,18.01,-0.21,-1.17,78200.54,140675.59,1.5424,0.71,17.905,101438.64,17.6367,105083.4867,17.5925,107696.5825,17.454,105953.24,17.33,96934.435,17.077,85008.861,16.406,69468.4707,15.9815,74133.716
314,20180522,002557.SZ,17.01,18.23,17.01,18.01,17.1,0.91,5.32,124676.74,223275.51,2.4591,1.24,17.555,118524.96,17.5233,117528.5967,17.3675,112891.415,17.442,110807.458,17.1013,91311.3175,16.837,80667.845,16.1913,67990.4807,15.9015,73044.8105
315,20180521,002557.SZ,17.3,17.71,16.87,17.1,17.46,-0.36,-2.06,112373.18,193602.038,2.2164,1.22,17.28,113954.525,17.1533,108962.9733,17.3,107340.1375,17.264,100823.976,16.87,80901.4163,16.583,73381.876,15.9373,62809.024,15.819,68859.9005
316,20180518,002557.SZ,16.87,17.49,16.54,17.46,16.9,0.56,3.31,115535.87,195065.174,2.2788,1.53,17.18,107257.87,17.3667,105662.4567,17.305,97936.675,17.146,92045.004,16.6575,71203.5663,16.385,66789.946,15.7633,60225.0447,15.8085,65170.5825
317,20180517,002557.SZ,17.74,17.74,16.77,16.9,17.74,-0.84,-4.74,98979.87,169630.979,1.9523,1.55,17.32,100725.75,17.2533,92070.2767,17.0675,86172.2875,16.848,75580.95,16.4088,63238.7138,16.101,57061.759,15.604,59356.1907,15.7975,61985.6855
318,20180516,002557.SZ,17.1,18.13,16.93,17.74,17.12,0.62,3.62,102471.63,180123.789,2.0211,2.03,17.43,88615.48,17.1233,81903.0933,16.835,69731.22,16.7,64064.482,16.1863,56672.965,15.882,51226.086,15.4907,63527.208,15.795,60783.024
319,20180515,002557.SZ,16.52,17.48,16.42,17.12,16.51,0.61,3.69,74759.33,127336.369,1.4745,1.63,16.815,71618.825,16.5333,58817.75,16.44,54462.695,16.232,50528.232,15.7963,46145.7613,15.566,46581.992,15.388,60457.2613,15.7575,57944.314
320,20180514,002557.SZ,16.04,16.55,15.72,16.51,15.97,0.54,3.38,68478.32,111565.643,1.3507,1.65,16.24,50846.96,16.2133,47697.15,16.01,44470.4575,15.902,45939.776,15.495,41878.7375,15.274,43801.548,15.3373,58205.2087,15.7355,56531.384
321,20180511,002557.SZ,16.26,16.31,15.9,15.97,16.16,-0.19,-1.18,33215.6,53384.297,0.6551,0.86,16.065,37306.565,15.8433,36467.8367,15.75,40305.14,15.624,41534.888,15.2538,40322.7838,15.072,44315.065,15.3627,56212.442,15.7515,57301.8195
322,20180510,002557.SZ,15.4,16.18,15.39,16.16,15.4,0.76,4.94,41397.53,65608.092,0.8165,1.08,15.78,38093.955,15.6767,42668.32,15.5375,43614.71,15.354,38542.568,15.0325,42040.195,14.982,51243.811,15.4473,57453.9307,15.7485,56403.0955
323,20180509,002557.SZ,15.48,15.74,15.37,15.4,15.47,-0.07,-0.45,34790.38,54206.47,0.6862,0.82,15.435,43303.715,15.33,44353.77,15.1525,37828.8275,15.064,38387.69,14.8238,46067.19,14.886,63258.571,15.4933,59689.2047,15.742,55540.935
324,20180508,002557.SZ,15.11,15.69,15.11,15.47,15.12,0.35,2.31,51817.05,80286.01,1.022,1.24,15.295,49135.465,15.07,38841.6433,14.98,39287.0175,14.9,42635.752,14.7825,54531.275,14.966,65421.776,15.5993,60416.3413,15.7815,56560.935
325,20180507,002557.SZ,14.65,15.2,14.44,15.12,14.62,0.5,3.42,46453.88,69580.746,0.9163,0.99,14.87,32353.94,14.8167,35110.34,14.7575,40340.4275,14.646,41663.32,14.7488,68247.285,15.055,64337.925,15.68,60061.92,15.8035,57005.9755
326,20180504,002557.SZ,14.71,14.77,14.52,14.62,14.71,-0.09,-0.61,18254.0,26774.497,0.36,0.29,14.665,29438.57,14.6367,38302.61,14.5275,40465.68,14.52,47095.242,14.8838,69493.3538,15.232,63551.219,15.794,62557.4633,15.824,55920.6885
327,20180503,002557.SZ,14.55,14.86,14.3,14.71,14.58,0.13,0.89,40623.14,59546.375,0.8012,0.46,14.645,48326.915,14.4967,47869.5733,14.495,54305.5525,14.61,63945.054,15.1013,72333.9213,15.494,66909.612,15.88,62356.6047,15.872,56620.045
328,20180502,002557.SZ,14.25,14.7,14.2,14.58,14.2,0.38,2.68,56030.69,81160.728,1.1051,0.64,14.39,51492.79,14.4233,58866.3567,14.585,69775.5325,14.708,88129.452,15.3738,72079.3813,15.708,70339.962,15.968,61258.6833,15.895,55126.3045
329,20180427,002557.SZ,14.48,14.56,14.02,14.2,14.49,-0.29,-2.0,46954.89,66829.532,0.9261,0.54,14.345,60284.19,14.5867,74357.1467,14.74,96154.1425,15.032,88207.8,15.7063,71555.2863,15.949,69306.636,16.0753,61202.6627,15.912,53722.819
330,20180426,002557.SZ,15.01,15.07,14.45,14.49,15.07,-0.58,-3.85,73613.49,107429.831,1.4519,0.92,14.78,88058.275,14.92,112553.8933,15.24,98521.0275,15.464,87012.53,16.0375,75051.755,16.197,69261.22,16.1893,62120.194,15.9375,52851.1225
331,20180425,002557.SZ,15.01,15.17,14.76,15.07,15.2,-0.13,-0.86,102503.06,153671.544,2.0218,1.47,15.135,132024.095,15.49,106823.54,15.7075,90362.29,15.944,80007.196,16.35,71562.2475,16.431,70288.574,16.2587,58862.504,15.983,50665.646
332,20180424,002557.SZ,15.99,15.99,14.78,15.2,16.2,-1.0,-6.17,161545.13,244328.932,3.1863,3.07,15.7,108983.78,15.92,86315.3667,16.1625,74383.23,16.378,69874.17,16.5513,64561.9563,16.515,61562.38,16.2927,54178.3753,15.984,46722.4885
333,20180423,002557.SZ,16.5,16.78,15.81,16.2,16.36,-0.16,-0.98,56422.43,92436.851,1.1129,1.12,16.28,48700.485,16.4833,45329.2633,16.6725,46956.43,16.708,52550.472,16.755,54854.6938,16.598,47823.299,16.2907,44125.2553,15.9735,40345.506
334,20180420,002557.SZ,16.88,16.99,16.34,16.36,16.89,-0.53,-3.14,40978.54,68068.398,0.8083,0.8,16.625,39782.68,16.83,43801.0967,16.835,51582.4825,16.866,50405.472,16.7188,49707.03,16.597,47700.094,16.2053,42227.8253,15.9225,38185.4705
335,20180419,002557.SZ,17.21,17.32,16.81,16.89,17.24,-0.35,-2.03,38586.82,65921.279,0.7611,0.64,17.065,45212.375,16.9933,55117.13,16.9925,52762.205,16.93,51509.91,16.6775,47604.0025,16.552,49674.026,16.0953,41463.9867,15.877,36846.0775
336,20180418,002557.SZ,16.88,17.41,16.51,17.24,16.85,0.39,2.31,51837.93,88452.899,1.0224,0.97,17.045,63382.285,17.0267,57487.3333,16.94,54740.6825,16.918,60569.952,16.59,49679.4475,16.416,48290.158,15.996,40885.1293,15.8185,35909.6115
337,20180417,002557.SZ,16.97,17.66,16.74,16.85,16.99,-0.14,-0.82,74926.64,129805.494,1.4778,1.74,16.92,60312.035,16.84,55708.2667,16.8375,62752.9575,16.652,53250.59,16.4238,50789.4388,16.25,46330.478,15.8527,39005.2613,15.742,33786.3905
338,20180416,002557.SZ,16.6,17.27,16.55,16.99,16.68,0.31,1.86,45697.43,77564.538,0.9013,1.02,16.835,46099.08,16.8333,58695.0633,16.6025,47831.5775,16.488,43096.126,16.2588,44517.1263,16.082,39912.647,15.7287,36277.184,15.679,30897.7325
339,20180413,002557.SZ,16.83,17.08,16.57,16.68,16.83,-0.15,-0.89,46500.73,78334.645,0.9172,0.97,16.755,65193.88,16.4733,48542.96,16.3625,42445.8,16.328,44994.716,16.0825,42835.0888,15.875,38139.002,15.608,34112.1367,15.622,29561.764
340,20180412,002557.SZ,15.92,16.89,15.92,16.83,15.91,0.92,5.78,83887.03,139441.152,1.6546,2.33,16.37,49564.075,16.2567,41094.1567,16.24,44618.2125,16.174,47838.142,15.8938,38366.0388,15.678,36441.025,15.526,31958.1333,15.577,28033.0525
341,20180411,002557.SZ,16.1,16.16,15.82,15.91,16.03,-0.12,-0.75,15241.12,24252.335,0.3006,0.39,15.97,19697.72,16.0433,31528.6067,16.01,38825.92,15.914,36010.364,15.655,31375.2825,15.535,31042.718,15.452,27689.498,15.5305,25717.1675
342,20180410,002557.SZ,16.19,16.33,15.86,16.03,16.19,-0.16,-0.99,24154.32,38779.785,0.4764,0.66,16.11,39672.35,16.0433,46687.52,15.915,41202.675,15.848,39410.366,15.505,33160.2625,15.453,31882.597,15.4387,27298.324,15.515,25980.4565
343,20180409,002557.SZ,15.86,16.5,15.78,16.19,15.91,0.28,1.76,55190.38,89692.261,1.0886,1.76,16.05,57954.12,15.8767,46885.46,15.8025,43224.3775,15.676,36729.168,15.4263,33878.9675,15.349,32867.713,15.4093,26831.6013,15.492,25669.155
344,20180404,002557.SZ,15.53,16.04,15.47,15.91,15.53,0.38,2.45,60717.86,96062.434,1.1976,2.42,15.72,42733.0,15.6733,39235.71,15.5475,32113.865,15.422,31283.288,15.2888,29935.1588,15.248,28670.847,15.3867,24417.4467,15.442,23199.3035
345,20180403,002557.SZ,15.38,15.56,15.13,15.53,15.58,-0.05,-0.32,24748.14,37927.637,0.4881,0.95,15.555,28494.635,15.4267,22579.2,15.3,23924.645,15.182,25043.908,15.1738,26596.1113,15.202,24018.129,15.378,21431.356,15.4105,20786.989
346,20180402,002557.SZ,15.18,15.72,14.99,15.58,15.17,0.41,2.7,32241.13,49718.038,0.6359,1.32,15.375,21494.73,15.2233,23650.1467,15.095,25117.85,15.156,26075.072,15.13,25155.3088,15.221,23529.065,15.4027,22286.102,15.403,20396.7525
347,20180330,002557.SZ,14.92,15.24,14.84,15.17,14.92,0.25,1.68,10748.33,16185.89,0.212,0.37,15.045,19354.655,14.9333,22743.4233,15.05,24533.5575,15.058,24354.828,15.1138,22899.0025,15.234,21242.303,15.404,21503.82,15.3935,20242.4885
348,20180329,002557.SZ,14.72,15.0,14.55,14.92,14.71,0.21,1.43,27960.98,41369.852,0.5515,1.07,14.815,28740.97,15.01,29128.6333,15.03,27756.4525,15.022,29006.258,15.1825,24037.6488,15.276,21882.818,15.4307,21982.484,15.3755,20344.147
349,20180328,002557.SZ,15.38,15.38,14.68,14.71,15.4,-0.69,-4.48,29520.96,43953.835,0.5823,1.28,15.055,29712.46,15.0667,27688.2767,15.0475,29267.5775,15.074,26058.406,15.2813,21714.215,15.369,20984.526,15.4487,20504.642,15.3725,20604.3785
350,20180327,002557.SZ,15.24,15.72,15.24,15.4,15.09,0.31,2.05,29903.96,46144.539,0.5898,1.43,15.245,26771.935,15.16,29183.1167,15.165,25192.7675,15.222,22992.35,15.3913,20168.28,15.476,19625.08,15.4867,19368.016,15.368,20518.7735
351,20180326,002557.SZ,15.0,15.18,14.82,15.09,14.99,0.1,0.67,23639.91,35532.733,0.4663,1.3,15.04,28822.695,15.0867,23622.37,15.1775,21264.4475,15.286,20983.058,15.4475,18802.5425,15.526,20391.617,15.4853,18503.9793,15.314,20001.6355
352,20180323,002557.SZ,14.81,15.43,14.81,14.99,15.18,-0.19,-1.25,34005.48,50988.435,0.6707,2.3,15.085,23613.6,15.2067,20472.6267,15.335,20318.845,15.41,18129.778,15.5338,17838.3663,15.577,20078.316,15.5053,18871.7087,15.284,20350.532
353,20180322,002557.SZ,15.5,15.68,15.11,15.18,15.45,-0.27,-1.75,13221.72,20246.43,0.2608,0.83,15.315,13706.2,15.45,15756.6333,15.515,14160.8525,15.53,14759.378,15.6475,18283.8475,15.635,18470.597,15.4933,17456.7767,15.2365,19299.364
354,20180321,002557.SZ,15.75,15.86,15.41,15.45,15.72,-0.27,-1.72,14190.68,22275.478,0.2799,0.87,15.585,17024.09,15.6267,14473.8967,15.6175,15143.7925,15.664,15910.646,15.7,19194.495,15.636,17727.76,15.472,18786.3693,15.1915,19248.6595
355,20180320,002557.SZ,15.8,15.88,15.6,15.72,15.71,0.01,0.06,19857.5,31278.284,0.3917,1.0,15.715,14615.505,15.6733,15461.4967,15.7175,16340.6375,15.73,16257.81,15.715,19661.6963,15.619,17555.849,15.4167,19694.248,15.128,18889.863
356,20180319,002557.SZ,15.56,15.86,15.42,15.71,15.59,0.12,0.77,9373.51,14741.715,0.1849,0.43,15.65,13263.495,15.7167,15168.35,15.7325,15357.8875,15.766,19800.176,15.6488,17903.6775,15.585,17264.44,15.3233,19674.4947,15.0485,19138.8595
357,20180316,002557.SZ,15.8,15.96,15.41,15.59,15.85,-0.26,-1.64,17153.48,26934.661,0.3383,0.77,15.72,18065.77,15.74,17352.68,15.78,22406.8425,15.744,22026.854,15.595,18290.935,15.553,19242.674,15.242,21090.7833,14.957,20268.931
358,20180315,002557.SZ,15.68,15.96,15.68,15.85,15.78,0.07,0.44,18978.06,30068.869,0.3743,0.97,15.815,17452.28,15.8433,24157.9633,15.7825,23245.1975,15.74,22181.816,15.5688,18264.6763,15.475,18805.476,15.1387,20812.6927,14.8475,23607.272
359,20180314,002557.SZ,15.93,16.12,15.77,15.78,15.9,-0.12,-0.75,15926.5,25403.813,0.3141,0.84,15.84,26747.915,15.76,24667.5767,15.7125,22982.755,15.608,19544.874,15.5113,19536.9,15.376,20224.231,15.034,20361.3307,14.7465,24093.037
360,20180313,002557.SZ,15.63,15.97,15.63,15.9,15.6,0.3,1.92,37569.33,59698.13,0.741,2.55,15.75,29038.115,15.69,25334.84,15.565,20449.4675,15.508,18853.888,15.39,19143.775,15.26,21412.467,14.9273,19767.214,14.6475,25299.6185
361,20180312,002557.SZ,15.53,15.98,15.53,15.6,15.57,0.03,0.19,20506.9,32391.116,0.4045,1.25,15.585,19217.595,15.4533,14742.8467,15.41,14175.0275,15.404,14728.704,15.26,18593.31,15.102,19611.654,14.8093,18918.4207,14.569,24723.472
362,20180309,002557.SZ,15.21,15.63,15.18,15.57,15.19,0.38,2.5,17928.29,27798.969,0.3536,1.16,15.38,11860.82,15.3467,12064.4033,15.355,13284.155,15.362,16458.494,15.1375,19506.055,14.991,20622.748,14.6947,19682.9567,14.543,24745.7065
363,20180308,002557.SZ,15.21,15.32,15.1,15.19,15.28,-0.09,-0.59,5793.35,8796.441,0.1143,0.28,15.235,9132.46,15.2833,11736.11,15.31,16091.045,15.21,15429.136,14.9813,19710.1688,14.838,20128.131,14.55,24082.424,14.533,25371.158
364,20180307,002557.SZ,15.38,15.45,15.12,15.28,15.38,-0.1,-0.65,12471.57,19033.065,0.246,0.52,15.33,14707.49,15.35,19523.61,15.215,17838.0825,15.144,20903.588,14.8938,22813.23,14.747,20769.559,14.4593,25609.0913,14.534,26428.2745
365,20180306,002557.SZ,15.38,15.5,15.11,15.38,15.39,-0.01,-0.07,16943.41,25970.571,0.3342,0.69,15.385,23049.63,15.1933,19626.92,15.11,23011.5925,15.012,23971.046,14.7388,22877.0488,14.637,20223.877,14.3607,27448.1953,14.5705,27080.0865
366,20180305,002557.SZ,14.81,15.5,14.8,15.39,14.81,0.58,3.92,29155.85,44360.537,0.5751,1.18,15.1,20968.675,15.02,25034.32,14.92,25727.955,14.8,24494.604,14.6013,22285.0763,14.512,21013.279,14.2907,28055.0613,14.605,27730.2535
367,20180302,002557.SZ,14.74,14.96,14.74,14.81,14.86,-0.05,-0.34,12781.5,18968.022,0.2521,0.51,14.835,22973.555,14.7633,24585.3233,14.6525,23329.2925,14.62,24787.002,14.45,19517.4388,14.361,21295.188,14.27,27508.1107,14.6255,27522.0275
368,20180301,002557.SZ,14.55,15.09,14.47,14.86,14.62,0.24,1.64,33165.61,49025.71,0.6542,1.61,14.74,30487.235,14.6,26845.2233,14.5725,27788.3775,14.466,24827.126,14.365,21024.43,14.22,28409.068,14.3073,28685.1653,14.698,28157.582
369,20180228,002557.SZ,14.34,14.78,14.17,14.62,14.32,0.3,2.1,27808.86,40502.019,0.5485,1.69,14.47,23685.03,14.4767,25995.9667,14.3675,22742.505,14.35,20635.53,14.2425,20875.5963,14.117,27961.843,14.3307,28269.8367,14.759,28139.7135
370,20180227,002557.SZ,14.49,14.65,14.16,14.32,14.49,-0.17,-1.17,19561.2,28072.208,0.3858,1.12,14.405,25089.52,14.2833,21053.72,14.2825,18842.1975,14.262,16476.708,14.09,27889.5263,14.035,29186.77,14.4233,28116.4333,14.846,30688.243
371,20180226,002557.SZ,14.17,14.53,14.14,14.49,14.04,0.45,3.21,30617.84,43971.246,0.6039,1.72,14.265,21799.98,14.27,18602.53,14.2475,15705.585,14.224,17531.954,14.0288,29031.0463,14.036,29835.29,14.54,28808.8033,14.9,30748.4425
372,20180223,002557.SZ,14.37,14.37,13.97,14.04,14.28,-0.24,-1.68,12982.12,18292.582,0.2561,0.41,14.16,12594.875,14.1667,10734.8333,14.1575,14260.4825,14.102,17803.374,13.9425,30211.0825,14.095,28868.665,14.6273,28433.7027,14.935,30135.56
373,20180222,002557.SZ,14.36,14.45,14.18,14.28,14.18,0.1,0.71,12207.63,17487.338,0.2408,0.35,14.23,9611.19,14.1967,14686.6033,14.1175,19008.6875,13.974,31991.01,13.9788,31844.1175,14.228,30614.185,14.7753,29267.734,14.986,30426.6875
374,20180214,002557.SZ,14.13,14.3,14.0,14.18,14.13,0.05,0.35,7014.75,9945.761,0.1384,0.17,14.155,15926.09,14.0633,21275.7067,13.8975,36936.855,13.884,35288.156,14.0788,32937.1125,14.321,32086.99,14.8953,30641.108,15.039,30669.0135
375,20180213,002557.SZ,13.9,14.3,13.78,14.13,13.88,0.25,1.8,24837.43,35193.008,0.4899,0.59,14.005,28406.185,13.8033,46910.89,13.81,42356.5075,13.808,41896.832,14.2275,35864.9338,14.504,33936.296,15.0407,35425.4213,15.08,31453.976
376,20180212,002557.SZ,13.5,13.9,13.45,13.88,13.4,0.48,3.58,31974.94,43777.877,0.6307,0.8,13.64,57947.62,13.7033,48196.2,13.7275,46161.6825,13.848,42138.626,14.3625,36127.215,14.698,34447.228,15.1253,35153.9387,15.143,31392.9315
377,20180209,002557.SZ,13.5,13.79,13.29,13.4,13.83,-0.43,-3.11,83920.3,113787.776,1.6552,2.87,13.615,56306.83,13.6767,50890.5967,13.84,44679.5475,14.088,39933.956,14.6288,35318.8238,14.89,33748.867,15.2127,34246.2887,15.2065,31874.794
378,20180208,002557.SZ,13.88,14.13,13.61,13.83,13.8,0.03,0.22,28693.36,39841.263,0.5659,0.99,13.815,34375.745,13.9867,31599.2967,14.26,28937.37,14.482,29237.36,14.9625,28572.13,15.176,27906.096,15.3233,29905.2467,15.314,28433.4495
379,20180207,002557.SZ,14.59,14.63,13.58,13.8,14.33,-0.53,-3.7,40058.13,56112.284,0.7901,1.54,14.065,33052.265,14.4033,29018.7067,14.645,29373.36,14.758,28885.824,15.2088,28109.3763,15.401,28317.584,15.424,29129.2993,15.3975,28237.569
380,20180206,002557.SZ,14.74,14.74,14.28,14.33,15.08,-0.75,-4.97,26046.4,37806.794,0.5137,0.97,14.705,23498.995,14.9267,25811.77,14.9975,26092.7475,15.2,25975.76,15.5163,26288.6838,15.657,32189.716,15.504,27973.024,15.4895,27944.4055
381,20180205,002557.SZ,15.22,15.33,14.98,15.08,15.37,-0.29,-1.89,20951.59,31708.286,0.4132,0.76,15.225,25694.455,15.22,26108.1967,15.4175,25958.1,15.548,26755.83,15.735,27133.9138,15.764,31661.595,15.5747,27811.0333,15.5725,27528.237
382,20180202,002557.SZ,15.26,15.54,15.05,15.37,15.21,0.16,1.05,30437.32,46661.503,0.6003,1.15,15.29,28686.5,15.53,27626.9367,15.665,28206.89,15.692,27563.778,15.895,34362.3963,15.775,31402.455,15.5793,29188.4067,15.6205,27566.718
383,20180201,002557.SZ,16.01,16.07,15.18,15.21,16.01,-0.8,-5.0,26935.68,41715.344,0.5313,0.97,15.61,26221.745,15.7633,27463.4133,15.7725,26845.3925,15.87,26574.832,15.8988,33153.38,15.744,30239.19,15.5913,28165.4793,15.6575,27457.71
384,20180131,002557.SZ,15.92,16.14,15.73,16.01,16.07,-0.06,-0.37,25507.81,40714.3,0.5031,0.66,16.04,27727.28,15.96,26815.2967,16.035,26484.62,16.044,27749.344,15.8963,32081.4438,15.757,29251.037,15.6107,28021.484,15.702,27158.901
385,20180130,002557.SZ,15.82,16.08,15.6,16.07,15.8,0.27,1.71,29946.75,47708.751,0.5907,0.82,15.935,27469.04,16.0433,26810.2233,16.0525,28309.7275,16.114,38403.672,15.7775,31243.5513,15.656,28971.656,15.586,28600.6207,15.7055,27645.511
386,20180129,002557.SZ,16.21,16.28,15.72,15.8,16.26,-0.46,-2.83,24991.33,39787.025,0.4929,0.71,16.03,25241.96,16.0467,27764.0533,16.125,40517.9025,15.98,36567.36,15.6863,29631.9763,15.588,28338.635,15.5807,27785.706,15.705,27434.747
387,20180126,002557.SZ,16.17,16.3,16.03,16.26,16.08,0.18,1.12,25492.59,41225.646,0.5028,0.75,16.17,29150.415,16.2333,45693.4267,16.025,39461.3675,15.858,35241.132,15.5863,29347.31,15.523,30000.721,15.5967,27567.698,15.7045,27609.719
388,20180125,002557.SZ,16.3,16.35,16.03,16.08,16.36,-0.28,-1.71,32808.24,53088.212,0.6471,1.07,16.22,55793.845,15.9467,44117.6267,15.7575,37678.2675,15.618,33903.548,15.4775,29112.8038,15.452,28960.803,15.5867,27752.0027,15.664,27328.552
389,20180124,002557.SZ,15.6,16.39,15.55,16.36,15.4,0.96,6.23,78779.45,125940.854,1.5538,4.03,15.88,49772.32,15.65,39301.61,15.5025,34177.375,15.47,30752.73,15.3613,30213.2975,15.394,28157.554,15.588,26962.0867,15.63,26637.5665
390,20180123,002557.SZ,15.19,15.55,15.15,15.4,15.19,0.21,1.38,20765.19,32020.966,0.4096,1.03,15.295,19562.69,15.2167,19310.0167,15.2475,18746.05,15.198,19539.64,15.26,22252.5425,15.322,23699.095,15.5693,24059.4573,15.5925,24357.7365
391,20180122,002557.SZ,15.06,15.29,14.96,15.19,15.06,0.13,0.86,18360.19,27764.317,0.3621,0.74,15.125,18582.43,15.1967,18073.0033,15.1475,19233.2525,15.196,20109.91,15.2725,22753.8625,15.381,23394.879,15.6133,24390.5427,15.6035,25224.372
392,20180119,002557.SZ,15.35,15.35,14.94,15.06,15.34,-0.28,-1.83,18804.67,28454.848,0.3709,0.78,15.2,17929.41,15.1333,19524.2733,15.1975,20547.34,15.188,24760.31,15.3288,24733.1963,15.466,23730.981,15.6533,25065.9147,15.638,26331.123
393,20180118,002557.SZ,15.0,15.36,15.0,15.34,15.0,0.34,2.27,17054.15,25998.628,0.3364,0.67,15.17,19884.075,15.2433,21128.23,15.22,26249.22,15.286,24018.058,15.445,24597.9913,15.571,24676.23,15.6793,25136.8867,15.689,26508.2505
394,20180117,002557.SZ,15.37,15.42,15.0,15.0,15.39,-0.39,-2.53,22714.0,34555.103,0.448,0.82,15.195,23165.27,15.18,29314.2433,15.2725,25759.035,15.318,25562.378,15.5325,25181.3738,15.647,25066.765,15.6833,25265.8453,15.7235,26646.8795
395,20180116,002557.SZ,15.3,15.44,15.15,15.39,15.15,0.24,1.58,23616.54,36193.146,0.4658,0.89,15.27,32614.365,15.3633,26774.0467,15.3975,26274.4725,15.446,27858.55,15.6713,25874.2688,15.755,26319.366,15.724,25963.7687,15.768,26355.4335
396,20180115,002557.SZ,15.55,15.59,15.07,15.15,15.55,-0.4,-2.57,41612.19,63501.101,0.8208,1.83,15.35,28352.8,15.4,27160.45,15.46,28919.0525,15.566,26679.848,15.76,25542.1388,15.822,26530.859,15.7393,26929.1927,15.783,26921.8
397,20180112,002557.SZ,15.49,15.65,15.43,15.55,15.5,0.05,0.32,15093.41,23470.363,0.2977,0.6,15.525,19934.58,15.5633,24688.0067,15.67,22946.7625,15.744,22701.652,15.8763,24745.6163,15.886,25218.717,15.788,26854.7273,15.8365,26151.8225
398,20180111,002557.SZ,15.63,15.63,15.38,15.5,15.64,-0.14,-0.9,24775.75,38320.586,0.4887,1.01,15.57,29485.305,15.71,25564.5467,15.7925,24603.7125,15.856,25334.402,15.94,26075.3738,15.876,25696.301,15.8233,27338.3147,15.8595,26357.2615
399,20180110,002557.SZ,16.0,16.0,15.51,15.64,15.99,-0.35,-2.19,34194.86,53583.84,0.6745,1.38,15.815,25958.945,15.89,24546.3667,15.945,25474.065,15.976,24571.152,15.9763,26539.7513,15.866,25117.579,15.8587,27008.38,15.8895,26256.771
400,20180109,002557.SZ,16.05,16.13,15.93,15.99,16.04,-0.05,-0.31,17723.03,28351.362,0.3496,0.67,16.015,19722.12,16.0467,22567.1333,16.06,22165.225,16.064,24780.182,15.9525,24749.05,15.863,25016.378,15.8753,25854.3947,15.911,26147.5095
401,20180108,002557.SZ,16.06,16.15,15.93,16.04,16.11,-0.07,-0.43,21721.21,34788.377,0.4284,0.78,16.075,24989.185,16.0833,23645.9567,16.0825,26544.47,16.078,26381.87,15.8788,24907.2375,15.826,27053.865,15.8553,27002.4507,15.931,28005.366
402,20180105,002557.SZ,16.05,16.16,15.95,16.11,16.1,0.01,0.06,28257.16,45360.6,0.5573,1.08,16.105,24608.33,16.0967,28152.2233,16.0875,27547.035,16.028,27735.782,15.825,26339.9425,15.81,28931.265,15.8673,27301.8793,15.9415,29984.9925
403,20180104,002557.SZ,16.08,16.2,15.92,16.1,16.08,0.02,0.12,20959.5,33572.678,0.4134,0.82,16.09,28099.755,16.08,27310.3267,16.0075,27605.4375,15.896,26058.2,15.7638,27570.035,15.807,28340.271,15.8607,26698.2147,15.929,29750.625
404,20180103,002557.SZ,16.12,16.24,16.0,16.08,16.06,0.02,0.12,35240.01,56764.244,0.6951,1.4,16.07,30485.74,15.9767,29820.75,15.845,27332.875,15.756,25664.006,15.7363,30011.9988,15.8,28226.994,15.8607,26818.644,15.913,30302.2705
405,20180102,002557.SZ,15.79,16.25,15.72,16.06,15.79,0.27,1.71,25731.47,41312.623,0.5075,0.93,15.925,27111.12,15.7667,24697.1633,15.675,23270.005,15.662,25252.574,15.7363,28400.4,15.781,26391.501,15.86,26603.2853,15.8975,30283.459
406,20171229,002557.SZ,15.49,15.88,15.42,15.79,15.45,0.34,2.2,28490.77,44785.878,0.5619,0.95,15.62,24180.01,15.5467,22449.5167,15.5625,25132.85,15.574,27725.86,15.7325,27662.3075,15.744,27312.741,15.882,28546.5313,15.887,30483.9005
407,20171228,002557.SZ,15.4,15.63,15.35,15.45,15.4,0.05,0.32,19869.25,30808.368,0.3919,0.65,15.425,19428.89,15.4867,24013.5433,15.52,27534.6325,15.592,30126.748,15.745,26211.5963,15.787,27084.928,15.9127,30734.7293,15.8965,30584.7405
408,20171227,002557.SZ,15.58,15.63,15.28,15.4,15.61,-0.21,-1.35,18988.53,29305.266,0.3745,0.62,15.505,26085.69,15.5433,30089.76,15.6275,32691.1225,15.718,30622.342,15.775,28095.9238,15.843,27018.222,15.94,30981.4333,15.924,32019.608
409,20171226,002557.SZ,15.55,15.74,15.33,15.61,15.62,-0.01,-0.06,33182.85,51589.716,0.6545,1.21,15.615,35640.375,15.7033,37258.6533,15.7975,33530.795,15.844,30789.982,15.8775,28998.9375,15.913,27395.963,15.9653,31848.3587,15.9385,32797.712
410,20171225,002557.SZ,15.83,15.98,15.42,15.62,15.88,-0.26,-1.64,38097.9,59521.06,0.7514,1.42,15.75,39296.555,15.86,33646.7767,15.9025,30191.765,15.9,27530.428,15.9275,27251.355,15.959,27278.641,15.976,31960.4207,15.927,32423.474
411,20171222,002557.SZ,16.08,16.26,15.8,15.88,16.08,-0.2,-1.24,40495.21,64887.493,0.7987,1.68,15.98,31421.215,15.9967,27556.3867,15.97,24888.56,15.914,26899.622,15.9875,25334.86,16.036,28956.867,15.9913,31403.2473,15.911,31963.729
412,20171221,002557.SZ,15.9,16.15,15.7,16.08,16.03,0.05,0.31,22347.22,35684.409,0.4408,0.95,16.055,21086.975,16.0,19686.3433,15.9225,23500.725,15.982,24043.108,16.0113,24274.1625,16.073,31038.72,15.998,30737.4047,15.9095,31544.211
413,20171220,002557.SZ,15.85,16.05,15.72,16.03,15.89,0.14,0.88,19826.73,31630.932,0.3911,0.83,15.96,18355.905,15.87,23885.2267,15.9575,24467.08,15.968,23414.102,16.05,28340.78,16.051,31160.979,15.9927,32485.3633,15.8815,32174.309
414,20171219,002557.SZ,15.7,15.99,15.68,15.89,15.69,0.2,1.27,16885.08,26756.255,0.333,0.62,15.79,25914.475,15.9333,26013.8633,15.9525,24310.945,15.982,24001.944,16.0775,33526.6563,16.026,32377.547,15.97,33466.9553,15.8735,33925.426
415,20171218,002557.SZ,16.27,16.36,15.6,15.69,16.22,-0.53,-3.27,34943.87,55608.582,0.6892,1.13,15.955,30578.255,15.9733,26786.2333,16.005,25781.16,16.018,27026.854,16.0738,34362.2475,16.014,34175.417,15.936,34054.4893,15.8765,36678.4495
416,20171215,002557.SZ,15.98,16.23,15.89,16.22,16.01,0.21,1.31,26212.64,42282.75,0.517,0.69,16.115,22707.415,16.11,22726.9233,16.1,25047.6,16.158,31014.112,16.085,33993.315,16.03,33655.06,15.91,33651.7647,15.882,39385.734
417,20171214,002557.SZ,16.15,16.19,15.85,16.01,16.1,-0.09,-0.56,19202.19,30674.417,0.3787,0.49,16.055,20984.065,16.06,24659.2533,16.1425,32214.48,16.164,38034.332,16.0288,35074.7075,16.006,34084.553,15.8853,34044.5787,15.8275,40623.8505
418,20171213,002557.SZ,16.07,16.21,15.95,16.1,16.07,0.03,0.19,22765.94,36630.212,0.449,0.56,16.085,27387.785,16.1867,36551.91,16.2025,42742.3675,16.134,38907.856,16.0088,36391.9713,16.005,37020.994,15.8527,35094.378,15.7675,41009.871
419,20171212,002557.SZ,16.14,16.31,16.01,16.07,16.39,-0.32,-1.95,32009.63,51633.269,0.6314,0.77,16.23,43444.895,16.2367,49401.1767,16.1425,42943.335,16.07,40753.15,15.9938,37359.675,15.964,38199.461,15.8373,37233.2533,15.705,40833.4755
420,20171211,002557.SZ,16.23,16.54,16.11,16.39,16.25,0.14,0.86,54880.16,89737.545,1.0824,1.51,16.32,58096.95,16.1667,46587.9033,16.07,42939.03,16.01,41323.98,15.985,39429.2963,15.895,37568.307,15.8293,39895.648,15.651,41207.5585
421,20171208,002557.SZ,15.75,16.42,15.72,16.25,15.86,0.39,2.46,61313.74,99446.363,1.2093,2.03,16.055,42441.775,15.9633,38958.6533,15.915,37934.935,15.902,36296.008,15.8975,36888.1025,15.786,34970.591,15.79,42176.2747,15.5665,39822.3555
422,20171207,002557.SZ,15.77,15.94,15.59,15.86,15.78,0.08,0.51,23569.81,37151.764,0.4649,0.67,15.82,27781.11,15.8033,30142.0,15.815,30041.575,15.848,30134.774,15.7888,32436.1463,15.746,32049.702,15.7153,41487.0233,15.4715,37869.389
423,20171206,002557.SZ,15.75,15.82,15.3,15.78,15.77,0.01,0.06,31992.41,49719.734,0.631,0.9,15.775,33428.095,15.8,32198.83,15.845,31776.015,15.876,35134.132,15.7188,33102.795,15.712,33187.639,15.6453,41710.5427,15.4055,37465.6635
424,20171205,002557.SZ,15.85,16.12,15.56,15.77,15.85,-0.08,-0.5,34863.78,55524.835,0.6876,1.03,15.81,32302.04,15.8667,31703.8833,15.9,35919.5625,15.858,35645.772,15.7275,33116.85,15.721,35473.305,15.5833,40860.2507,15.353,36563.8385
425,20171204,002557.SZ,15.96,15.96,15.67,15.85,15.98,-0.13,-0.81,29740.3,47009.552,0.5866,0.88,15.915,30123.935,15.9433,36271.49,15.88,35841.27,15.78,33812.634,15.6963,33127.525,15.739,39181.482,15.5313,41168.7513,15.301,35662.706
426,20171201,002557.SZ,15.87,16.13,15.75,15.98,16.0,-0.02,-0.13,30507.57,48639.169,0.6017,0.9,15.99,39537.085,15.89,37874.9267,15.7625,34830.7175,15.67,33645.174,15.6988,36266.1213,15.734,45116.408,15.4547,40997.8047,15.243,36024.2585
427,20171130,002557.SZ,15.57,16.08,15.55,16.0,15.69,0.31,1.98,48566.6,77253.301,0.9579,1.55,15.845,41558.605,15.69,36271.7667,15.5925,34429.575,15.644,33964.63,15.695,41445.8688,15.649,47163.148,15.346,40447.594,15.159,36342.994
428,20171129,002557.SZ,15.32,15.69,15.13,15.69,15.38,0.31,2.02,34550.61,53285.123,0.6815,0.98,15.535,30124.35,15.4567,29717.2333,15.555,30314.1375,15.548,31241.146,15.67,46511.2388,15.53,44998.748,15.2487,38242.8407,15.0865,35054.3505
429,20171128,002557.SZ,15.39,15.43,15.14,15.38,15.3,0.08,0.52,25698.09,39274.418,0.5069,0.58,15.34,27300.545,15.51,28901.98,15.5125,30413.78,15.584,35300.838,15.6,48564.2838,15.446,43467.49,15.1847,36869.8607,15.044,34276.378
430,20171127,002557.SZ,15.85,15.99,15.22,15.3,15.85,-0.55,-3.47,28903.0,45130.845,0.5701,0.51,15.575,30503.925,15.5567,31985.6767,15.635,37701.525,15.698,44550.33,15.5288,48717.3475,15.407,44846.81,15.1413,36279.3967,15.014,34413.3965
431,20171124,002557.SZ,15.54,15.88,15.26,15.85,15.52,0.33,2.13,32104.85,50084.788,0.6332,0.53,15.685,33527.015,15.7467,40634.3667,15.7975,48462.1625,15.798,56587.642,15.4725,47509.2263,15.347,44674.12,15.1007,36817.2867,15.0,34638.322
432,20171123,002557.SZ,15.7,16.05,15.41,15.52,15.87,-0.35,-2.21,34949.18,55068.306,0.6893,0.59,15.695,44899.125,15.78,53914.6,15.785,62708.34,15.654,60361.666,15.365,48432.5313,15.197,43689.076,14.9973,37135.782,14.978,35140.9365
433,20171122,002557.SZ,16.24,16.32,15.64,15.87,15.95,-0.08,-0.5,54849.07,87873.949,1.0818,1.06,15.91,63397.31,15.8733,71961.3933,15.6875,66714.7875,15.512,58756.35,15.2625,47460.8963,15.099,41743.688,14.9327,36325.4187,14.9545,34753.753
434,20171121,002557.SZ,15.64,16.14,15.61,15.95,15.8,0.15,0.95,71945.55,114678.983,1.419,1.59,15.875,80517.555,15.6267,70670.0267,15.4225,59733.17,15.308,51634.142,15.0725,43386.5638,14.985,37654.372,14.864,33934.8913,14.9145,33861.044
435,20171120,002557.SZ,15.17,15.8,14.91,15.8,15.13,0.67,4.43,89089.56,137588.552,1.7572,2.72,15.465,70032.265,15.2467,55662.3767,15.1475,46556.29,15.116,45143.29,14.8963,36330.2825,14.863,32143.93,14.786,31034.4187,14.8785,31231.7185
436,20171117,002557.SZ,14.8,15.28,14.78,15.13,14.81,0.32,2.16,50974.97,76829.144,1.0054,1.89,14.97,38948.785,14.93,32378.5333,14.945,34156.7225,14.896,32760.598,14.7625,26938.5763,14.752,26932.109,14.734,27321.882,14.8565,28435.4845
437,20171116,002557.SZ,14.83,15.27,14.81,14.81,14.85,-0.04,-0.27,26922.6,40472.041,0.531,1.09,14.83,23080.315,14.8833,28550.64,14.8375,28207.005,14.74,27016.486,14.7125,22671.8463,14.669,25522.84,14.7527,26734.0267,14.8655,27546.2275
438,20171115,002557.SZ,15.0,15.14,14.8,14.85,14.99,-0.14,-0.93,19238.03,28821.512,0.3794,0.81,14.92,29364.66,14.8467,28635.14,14.7225,27039.9575,14.686,24731.026,14.6975,23927.94,14.643,25109.953,14.7687,26752.8873,14.89,27934.384
439,20171114,002557.SZ,14.68,15.06,14.64,14.99,14.7,0.29,1.97,39491.29,58925.152,0.7789,2.06,14.845,33333.695,14.68,29640.6,14.645,26104.275,14.662,23674.602,14.6288,26133.4713,14.642,25085.266,14.7833,27936.678,14.902,28255.8135
440,20171113,002557.SZ,14.45,14.81,14.35,14.7,14.35,0.35,2.44,27176.1,39831.352,0.536,1.29,14.525,24715.255,14.53,21641.9367,14.58,19720.43,14.61,19144.57,14.5738,24046.2763,14.621,23979.983,14.7993,26594.528,14.914,28908.8125
441,20171110,002557.SZ,14.68,14.68,14.28,14.35,14.54,-0.19,-1.31,22254.41,32121.125,0.4389,0.93,14.445,18874.855,14.54,17235.2067,14.5875,17136.6875,14.608,21103.62,14.5913,23023.1588,14.653,24602.524,14.8433,26993.78,14.9195,28659.56
442,20171109,002557.SZ,14.74,14.77,14.46,14.54,14.73,-0.19,-1.29,15495.3,22627.553,0.3056,0.61,14.635,14725.605,14.6667,15430.78,14.6725,20815.9225,14.598,24029.194,14.645,23796.165,14.759,26592.797,14.9073,27722.808,14.9485,28726.211
443,20171108,002557.SZ,14.79,14.88,14.7,14.73,14.73,0.0,0.0,13955.91,20646.275,0.2753,0.53,14.73,15398.52,14.7167,22589.4633,14.6125,26162.6675,14.6,25488.88,14.705,26034.4413,14.81,27763.818,14.958,29002.17,14.973,29292.6115
444,20171107,002557.SZ,14.69,15.0,14.62,14.73,14.69,0.04,0.27,16841.13,24958.043,0.3322,0.58,14.71,26906.24,14.5733,30231.5867,14.5675,28372.1225,14.622,26495.93,14.79,29559.595,14.844,30067.716,14.982,29782.884,14.993,30836.584
445,20171106,002557.SZ,14.25,14.87,14.04,14.69,14.3,0.39,2.73,36971.35,53448.687,0.7292,1.32,14.495,36926.815,14.5133,32215.7867,14.595,28909.63,14.632,28815.396,14.83,30855.1425,14.894,30319.507,15.0153,32163.56,14.9995,31297.959
446,20171103,002557.SZ,14.5,14.76,14.28,14.3,14.55,-0.25,-1.72,36882.28,53429.635,0.7275,1.26,14.425,29838.005,14.5633,26222.39,14.6175,26776.4075,14.698,28101.428,14.8775,30858.085,14.961,29938.86,15.0233,31178.2067,15.004,30882.5485
447,20171102,002557.SZ,14.66,14.76,14.48,14.55,14.84,-0.29,-1.95,22793.73,33240.608,0.4496,0.76,14.695,20892.445,14.7233,23407.7833,14.7975,25906.215,14.92,29156.4,14.9938,28667.68,15.062,29569.615,15.0653,30291.8833,15.016,29898.508
448,20171101,002557.SZ,14.75,14.96,14.67,14.84,14.78,0.06,0.41,18991.16,28166.174,0.3746,0.56,14.81,23714.81,14.88,26943.71,15.0125,30747.0675,15.02,30038.756,15.095,29964.0738,15.137,30758.815,15.0973,30560.522,15.022,29746.8765
449,20171031,002557.SZ,14.99,15.12,14.77,14.78,15.02,-0.24,-1.6,28438.46,42462.515,0.5609,0.89,14.9,30919.985,15.07,34665.7033,15.065,32800.655,15.066,33639.502,15.1538,31738.9075,15.162,31426.361,15.1167,32283.4687,15.011,29290.252
450,20171030,002557.SZ,15.28,15.4,14.91,15.02,15.41,-0.39,-2.53,33401.51,50552.907,0.6588,1.05,15.215,37779.325,15.16,34254.72,15.1375,34939.7625,15.156,31823.618,15.2188,32519.8163,15.207,33837.642,15.122,32125.48,14.9995,28361.5315
451,20171027,002557.SZ,15.12,15.43,14.98,15.41,15.05,0.36,2.39,42157.14,64471.252,0.8315,1.41,15.23,34681.325,15.1767,35452.5133,15.19,31429.145,15.224,31776.292,15.2275,31552.955,15.186,32716.596,15.106,31809.5887,14.9745,27533.892
452,20171026,002557.SZ,15.05,15.21,15.02,15.05,15.07,-0.02,-0.13,27205.51,41096.693,0.5366,0.86,15.06,32100.2,15.1167,27853.1467,15.1775,29181.08,15.204,29982.83,15.205,32852.2213,15.138,30859.625,15.048,30145.8773,14.933,26201.135
453,20171025,002557.SZ,15.25,15.31,14.96,15.07,15.23,-0.16,-1.05,36994.89,55815.59,0.7297,1.27,15.15,28176.965,15.22,29839.6033,15.2425,30677.16,15.254,31478.874,15.175,32225.4138,15.136,30821.405,15.0227,29649.5833,14.917,26003.2805
454,20171024,002557.SZ,15.35,15.35,15.21,15.23,15.36,-0.13,-0.85,19359.04,29523.424,0.3818,0.54,15.295,26261.96,15.3,28571.25,15.3,30099.87,15.258,29213.22,15.1575,30549.4813,15.142,31605.452,14.9927,27840.502,14.9055,26037.0205
455,20171023,002557.SZ,15.31,15.39,15.13,15.36,15.31,0.05,0.33,33164.88,50508.938,0.6541,0.99,15.335,33177.355,15.3233,33680.1467,15.265,31676.765,15.258,35851.666,15.1325,31482.515,15.105,32276.411,14.9473,27207.5027,14.8805,28582.597
456,20171020,002557.SZ,15.32,15.4,15.22,15.31,15.3,0.01,0.07,33189.83,50793.679,0.6546,1.05,15.305,33937.78,15.2333,31180.7267,15.2325,36523.3625,15.148,33656.9,15.1038,32941.325,15.047,31826.237,14.8913,26119.7587,14.8345,27905.531
457,20171019,002557.SZ,15.09,15.31,14.96,15.3,15.09,0.21,1.39,34685.73,52612.004,0.6841,1.15,15.195,30176.175,15.2067,37634.54,15.1075,33773.6675,15.072,31736.42,15.0475,32051.175,14.97,30227.401,14.8427,24940.57,14.781,26784.8835
458,20171018,002557.SZ,15.2,15.29,15.06,15.09,15.23,-0.14,-0.92,25666.62,38930.363,0.5062,0.75,15.16,39108.945,15.0433,33469.6467,15.015,30999.0925,15.018,30163.936,14.9825,31298.3513,14.907,28734.938,14.8047,24178.0827,14.732,25643.4875
459,20171017,002557.SZ,14.84,15.29,14.75,15.23,14.81,0.42,2.84,52551.27,79611.696,1.0365,1.83,15.02,37371.16,14.99,32776.5833,15.0,31288.265,15.026,33997.684,14.9138,30240.2075,14.86,27154.143,14.788,24978.2873,14.696,25226.44
460,20171016,002557.SZ,14.9,14.98,14.73,14.81,14.93,-0.12,-0.8,22191.05,32987.254,0.4377,0.74,14.87,22889.24,14.9233,24200.5967,14.975,29359.2875,14.952,28701.156,14.8438,26141.4363,14.792,22885.421,14.7547,26159.574,14.6415,23296.658
461,20171013,002557.SZ,15.05,15.2,14.88,14.93,15.03,-0.1,-0.67,23587.43,35426.482,0.4652,0.82,14.98,25205.37,15.03,31748.7,14.9875,30328.6825,14.946,29995.574,14.82,24599.8888,14.763,22351.188,14.73,25988.408,14.6105,22667.64
462,20171012,002557.SZ,15.1,15.16,14.95,15.03,15.13,-0.1,-0.66,26823.31,40264.106,0.5291,0.98,15.08,35829.335,15.0067,32575.7667,14.95,31597.61,14.868,28718.382,14.7725,22884.4663,14.728,21542.645,14.684,25134.3713,14.575,22068.6535
463,20171011,002557.SZ,14.81,15.23,14.81,15.13,14.86,0.27,1.82,44835.36,67525.791,0.8843,2.21,14.995,35451.995,14.9233,33189.0433,14.8275,29192.15,14.796,27305.94,14.7088,21637.6425,14.698,21185.156,14.6367,24136.6713,14.533,21738.885
464,20171010,002557.SZ,14.83,14.88,14.71,14.86,14.78,0.08,0.54,26068.63,38626.404,0.5142,1.53,14.82,27365.885,14.7267,23977.7467,14.7125,22923.585,14.694,20310.602,14.64,17970.9725,14.669,20468.589,14.586,22302.692,14.497,20029.742
465,20171009,002557.SZ,14.61,14.78,14.54,14.78,14.54,0.24,1.65,28663.14,42051.726,0.5653,1.95,14.66,22932.305,14.6633,21875.2367,14.6525,18871.095,14.632,17069.686,14.6238,17618.4463,14.656,24888.783,14.538,21495.1587,14.476,19436.176
466,20170929,002557.SZ,14.73,14.77,14.48,14.54,14.67,-0.13,-0.89,17201.47,25116.348,0.3393,1.2,14.605,18481.285,14.61,15607.08,14.595,14171.3225,14.58,14706.802,14.6313,18744.265,14.622,23984.825,14.4987,20224.9953,14.4585,19159.503
467,20170928,002557.SZ,14.63,14.83,14.55,14.67,14.62,0.05,0.34,19761.1,29086.737,0.3898,1.31,14.645,14809.885,14.6133,13161.2733,14.59,14083.135,14.588,14366.908,14.655,25377.9025,14.592,23342.366,14.4773,19852.0773,14.4465,19469.3405
468,20170927,002557.SZ,14.51,14.62,14.46,14.62,14.55,0.07,0.48,9858.67,14353.49,0.1945,0.48,14.585,9861.36,14.5633,12190.48,14.5675,13018.36,14.6,15064.372,14.6263,25360.71,14.557,22552.037,14.4453,19883.2,14.427,19112.237
469,20170926,002557.SZ,14.57,14.6,14.46,14.55,14.52,0.03,0.21,9864.05,14332.839,0.1946,0.3,14.535,13356.385,14.55,14071.59,14.595,16365.7975,14.644,20626.576,14.5788,25475.4863,14.532,23298.737,14.4313,19936.122,14.4125,19676.271
470,20170925,002557.SZ,14.52,14.7,14.42,14.52,14.58,-0.06,-0.41,16848.72,24596.919,0.3323,0.51,14.55,16175.36,14.61,18533.0467,14.6675,23317.2075,14.68,32707.88,14.55,25724.7063,14.491,23707.895,14.424,20225.006,14.3925,19831.2685
471,20170922,002557.SZ,14.7,14.73,14.53,14.58,14.73,-0.15,-1.02,15502.0,22656.442,0.3058,0.48,14.655,19375.21,14.7167,25473.37,14.72,36672.67,14.664,33262.848,14.5313,25784.325,14.458,22984.092,14.418,20643.7367,14.372,19745.954
472,20170921,002557.SZ,14.76,14.92,14.68,14.73,14.84,-0.11,-0.74,23248.42,34380.094,0.4585,0.77,14.785,30459.055,14.7667,43729.56,14.685,37703.06,14.596,32317.824,14.4763,25591.0288,14.422,22594.662,14.3993,21170.1513,14.348,19976.8295
473,20170920,002557.SZ,14.7,14.84,14.56,14.84,14.73,0.11,0.75,37669.69,55479.863,0.743,1.45,14.785,53970.13,14.67,42521.2733,14.5625,34585.175,14.514,30039.702,14.4088,23886.3125,14.368,22292.614,14.3693,20461.5253,14.3075,20029.0695
474,20170919,002557.SZ,14.44,15.11,14.38,14.73,14.44,0.29,2.01,70270.57,103698.245,1.386,4.78,14.585,44947.065,14.47,33557.0033,14.4325,28132.205,14.42,25970.898,14.3313,20628.5638,14.325,19590.895,14.3353,19359.5027,14.2655,19272.885
475,20170918,002557.SZ,14.23,14.51,14.2,14.44,14.24,0.2,1.4,19623.56,28266.527,0.3871,1.54,14.34,15200.22,14.3333,14086.0833,14.3425,14895.98,14.302,14707.91,14.2638,14373.235,14.296,13983.569,14.2967,15539.0647,14.239,17100.67
476,20170915,002557.SZ,14.34,14.37,14.18,14.24,14.32,-0.08,-0.56,10776.88,15352.194,0.2126,0.84,14.28,11317.345,14.31,13320.12,14.2675,13478.9975,14.252,12705.336,14.26,13251.8525,14.295,14334.181,14.2747,15240.3227,14.2395,17346.581
477,20170914,002557.SZ,14.37,14.47,14.28,14.32,14.37,-0.05,-0.35,11857.81,17023.622,0.2339,0.82,14.345,14591.74,14.2767,14379.7033,14.255,13187.45,14.248,12871.5,14.285,13679.4063,14.301,15596.315,14.2653,15863.1647,14.2505,19647.0295
478,20170913,002557.SZ,14.14,14.38,14.11,14.37,14.14,0.23,1.63,17325.67,24738.001,0.3417,1.31,14.255,15640.65,14.2333,13630.6633,14.23,13124.9225,14.222,14545.526,14.2988,15088.39,14.297,15672.437,14.2387,16692.192,14.244,19949.726
479,20170912,002557.SZ,14.2,14.25,14.12,14.14,14.19,-0.05,-0.35,13955.63,19799.866,0.2753,1.05,14.165,11783.16,14.1833,11724.6733,14.185,13850.49,14.23,13210.892,14.29,15847.4588,14.293,16053.805,14.214,17040.214,14.228,19677.4915
480,20170911,002557.SZ,14.24,14.27,14.13,14.19,14.22,-0.03,-0.21,9610.69,13657.539,0.1896,0.6,14.205,10609.195,14.2,13815.4433,14.2525,13024.7075,14.29,13259.228,14.3075,15680.3838,14.294,15954.642,14.218,17898.2567,14.221,19436.66
481,20170908,002557.SZ,14.2,14.28,14.15,14.22,14.19,0.03,0.21,11607.7,16497.923,0.2289,0.63,14.205,15917.82,14.2733,14162.7133,14.315,14171.3625,14.338,15963.026,14.325,17121.4663,14.286,16507.816,14.2353,18893.6627,14.215,19716.7895
482,20170907,002557.SZ,14.38,14.43,14.15,14.19,14.41,-0.22,-1.53,20227.94,28909.356,0.399,1.2,14.3,15440.22,14.3467,15025.9167,14.3675,17051.8575,14.354,18321.13,14.3163,17291.0038,14.274,17358.997,14.2513,21905.5393,14.194,19730.3365
483,20170906,002557.SZ,14.44,14.44,14.29,14.41,14.44,-0.03,-0.21,10652.5,15300.445,0.2101,0.56,14.425,12424.905,14.4267,15993.1633,14.395,17844.4275,14.372,16799.348,14.3063,16655.315,14.247,17765.525,14.2513,21751.126,14.185,19436.2415
484,20170905,002557.SZ,14.49,14.56,14.38,14.44,14.43,0.01,0.07,14197.31,20500.729,0.28,0.76,14.435,18663.495,14.39,20241.7367,14.3625,18336.06,14.356,18896.718,14.2675,17838.6913,14.206,18954.875,14.2273,21833.0247,14.178,19813.841
485,20170904,002557.SZ,14.24,14.54,14.2,14.43,14.3,0.13,0.91,23129.68,33277.038,0.4562,1.36,14.365,23263.95,14.3367,19715.6433,14.335,20071.57,14.298,18650.056,14.2025,19100.68,14.182,20217.771,14.198,21495.804,14.161,19580.659
486,20170901,002557.SZ,14.27,14.39,14.15,14.3,14.28,0.02,0.14,23398.22,33352.756,0.4615,1.43,14.29,18008.625,14.3033,19052.2,14.265,17530.15,14.234,17052.606,14.1488,19027.72,14.184,20358.981,14.174,20968.044,14.1445,19062.3825
487,20170831,002557.SZ,14.33,14.44,14.25,14.28,14.33,-0.05,-0.35,12619.03,18075.598,0.2489,0.67,14.305,16879.19,14.2533,15574.1267,14.2175,15466.2025,14.194,16396.864,14.1363,19456.2263,14.2,23697.744,14.1407,20200.072,14.1255,18368.2715
488,20170830,002557.SZ,14.16,14.41,14.13,14.33,14.15,0.18,1.27,21139.35,30246.19,0.4169,1.11,14.24,17051.675,14.1967,16415.26,14.1725,17341.3225,14.122,18731.702,14.1575,20946.57,14.191,24227.015,14.1227,20315.206,14.1125,18321.158
489,20170829,002557.SZ,14.13,14.22,14.08,14.15,14.11,0.04,0.28,12964.0,18367.408,0.2557,0.6,14.13,14053.215,14.12,16075.3133,14.07,18129.79,14.056,19013.032,14.1738,25402.3825,14.163,23301.178,14.1187,20119.5487,14.0935,18093.1485
490,20170828,002557.SZ,14.08,14.21,14.08,14.11,14.1,0.01,0.07,15142.43,21429.218,0.2987,0.64,14.105,17630.97,14.0433,19851.72,14.0325,20525.29,14.066,21785.486,14.1788,26020.85,14.148,22918.678,14.1153,19890.86,14.087,18284.91
491,20170825,002557.SZ,13.93,14.14,13.8,14.1,13.92,0.18,1.29,20119.51,28206.657,0.3968,0.65,14.01,22206.365,14.0067,22319.5767,14.055,23446.25,14.134,23665.356,14.1713,25613.1688,14.144,22925.763,14.1147,19732.308,14.0865,18751.264
492,20170824,002557.SZ,14.05,14.09,13.82,13.92,14.0,-0.08,-0.57,24293.22,33840.659,0.4792,0.82,13.96,23419.61,14.04,24555.1633,14.1425,24551.8175,14.206,30998.624,14.1588,24240.605,14.114,22101.676,14.1027,19025.4073,14.071,18506.7965
493,20170823,002557.SZ,14.28,14.28,13.96,14.0,14.2,-0.2,-1.41,22546.0,31811.846,0.4447,0.82,14.1,24686.135,14.2167,24638.0167,14.2775,32674.975,14.26,29722.328,14.1775,23105.6125,14.123,21106.958,14.1093,18184.31,14.0625,17941.773
494,20170822,002557.SZ,14.48,14.49,14.15,14.2,14.45,-0.25,-1.73,26826.27,38201.835,0.5291,1.12,14.325,25684.025,14.37,36051.3,14.325,31516.41,14.27,27589.324,14.1525,21772.1925,14.15,20672.807,14.106,17786.5207,14.0345,17218.174
495,20170821,002557.SZ,14.44,14.58,14.3,14.45,14.46,-0.01,-0.07,24541.78,35451.68,0.4841,1.11,14.455,40663.815,14.3667,33079.79,14.2875,27780.0875,14.23,24051.87,14.1288,20212.1638,14.14,18943.547,14.094,17118.0513,13.9945,16431.461
496,20170818,002557.SZ,14.09,14.61,14.02,14.46,14.19,0.27,1.9,56785.85,81840.356,1.12,4.3,14.325,37348.795,14.2333,28859.5233,14.175,23929.3925,14.154,22186.17,14.1063,19420.0025,14.105,17765.784,14.0707,17113.2333,13.9525,15629.0675
497,20170817,002557.SZ,14.02,14.29,14.0,14.19,14.05,0.14,1.0,17911.74,25372.949,0.3533,1.43,14.12,14896.36,14.08,12977.24,14.0775,13536.25,14.022,13204.728,14.0613,13513.48,14.051,13038.799,14.026,14342.854,13.909,13121.475
498,20170816,002557.SZ,14.02,14.07,13.87,14.05,14.0,0.05,0.36,11880.98,16590.687,0.2343,0.86,14.025,10509.99,14.04,12077.7533,13.98,12027.975,13.986,12491.588,14.05,12870.0313,14.034,12415.301,13.9967,14014.9213,13.878,12753.987
499,20170815,002557.SZ,14.14,14.14,13.92,14.0,14.07,-0.07,-0.5,9139.0,12830.371,0.1803,0.66,14.035,12176.14,13.9567,12076.9733,13.97,12644.24,14.03,13756.29,14.0338,12574.4088,14.024,12885.119,13.956,13761.124,13.8505,12747.712
500,20170814,002557.SZ,13.8,14.16,13.61,14.07,13.8,0.27,1.96,15213.28,21405.551,0.3001,1.14,13.935,13545.96,13.96,13812.6533,14.0375,14910.6125,14.05,13835.224,14.0363,12891.6288,14.026,13651.142,13.916,13891.3247,13.8155,12900.5315
501,20170811,002557.SZ,13.93,14.07,13.8,13.8,14.01,-0.21,-1.5,11878.64,16535.92,0.2343,0.92,13.905,13112.34,14.0267,14809.7233,14.045,13490.71,14.056,13345.398,14.0213,13062.3638,14.029,14576.765,13.8853,13443.3667,13.777,13180.6675
502,20170810,002557.SZ,14.24,14.24,13.82,14.01,14.27,-0.26,-1.82,14346.04,20189.388,0.283,1.16,14.14,16275.265,14.1267,14028.0667,14.12,13712.0875,14.08,12872.87,14.0488,13677.4375,14.028,14911.917,13.8713,13093.724,13.7755,13122.202
503,20170809,002557.SZ,14.08,14.38,13.98,14.27,14.1,0.17,1.21,18204.49,25871.995,0.3591,1.52,14.185,13869.08,14.1567,13500.77,14.0975,12504.5775,14.082,12339.014,14.06,14942.8713,14.002,14776.588,13.842,12841.4533,13.758,13048.8415
504,20170808,002557.SZ,14.1,14.14,13.99,14.1,14.1,0.0,0.0,9533.67,13417.752,0.188,0.71,14.1,11148.91,14.04,10604.6067,14.035,10872.645,14.018,12013.948,14.0,14571.08,13.919,13763.541,13.7907,12411.5193,13.73,13249.4665
505,20170807,002557.SZ,13.92,14.12,13.85,14.1,13.92,0.18,1.29,12764.15,17883.913,0.2518,0.81,14.01,11140.075,14.0133,11318.97,13.9975,12634.0175,14.002,13467.06,13.9563,15003.465,13.849,13919.375,13.7373,12588.9673,13.718,13604.3805
506,20170804,002557.SZ,14.04,14.18,13.92,13.92,14.02,-0.1,-0.71,9516.0,13400.859,0.1877,0.56,13.97,10596.38,13.9633,12590.64,13.9775,13642.7875,14.002,15808.132,13.8738,14417.1988,13.8,13492.351,13.684,13125.7573,13.709,14452.8275
507,20170803,002557.SZ,13.9,14.17,13.88,14.02,13.95,0.07,0.5,11676.76,16411.23,0.2303,0.68,13.985,14127.96,13.9967,15018.3833,14.0225,17381.165,13.976,16950.964,13.8088,14614.2,13.767,13204.151,13.674,13205.3127,13.721,14998.998
508,20170802,002557.SZ,14.03,14.12,13.92,13.95,14.02,-0.07,-0.5,16579.16,23242.814,0.327,1.07,13.985,16689.195,14.0233,19282.6333,13.965,18269.515,13.922,17214.162,13.7575,14216.3438,13.722,13092.673,13.65,13285.4507,13.7385,15127.4265
509,20170801,002557.SZ,14.0,14.23,13.97,14.02,14.1,-0.08,-0.57,16799.23,23644.96,0.3313,1.17,14.06,20634.37,13.97,18832.9667,13.915,17372.9125,13.82,15513.134,13.7125,12973.1988,13.677,12610.305,13.634,13661.306,13.761,14918.3595
510,20170731,002557.SZ,13.82,14.19,13.79,14.1,13.79,0.31,2.25,24469.51,34377.067,0.4826,2.19,13.945,19849.835,13.88,17564.14,13.77,15191.61,13.696,14371.69,13.6563,12193.5425,13.605,12149.921,13.6233,13650.154,13.782,14815.7535
511,20170728,002557.SZ,13.69,13.91,13.69,13.79,13.75,0.04,0.29,15230.16,21076.694,0.3004,1.61,13.77,14111.455,13.66,12098.9767,13.595,11847.235,13.598,11176.57,13.5813,10604.2888,13.525,11784.57,13.6113,14001.0593,13.8005,14371.8085
512,20170727,002557.SZ,13.43,13.75,13.42,13.75,13.44,0.31,2.31,12992.75,17723.94,0.2563,1.45,13.595,10533.385,13.53,10719.5933,13.55,10163.1725,13.558,9457.338,13.52,10224.9425,13.523,11332.487,13.636,14348.3427,13.8345,14399.252
513,20170726,002557.SZ,13.45,13.5,13.35,13.44,13.4,0.04,0.3,8074.02,10836.222,0.1593,0.83,13.42,9583.015,13.4833,9219.98,13.51,8573.485,13.522,8971.184,13.4638,11202.8488,13.514,11321.095,13.6773,14431.848,13.875,14533.4285
514,20170725,002557.SZ,13.55,13.6,13.4,13.4,13.61,-0.21,-1.54,11092.01,14957.058,0.2188,1.12,13.505,9792.96,13.5333,8739.9733,13.5425,9195.475,13.534,9707.476,13.505,11532.2625,13.541,12735.392,13.7413,14720.1013,13.9265,14705.9395
515,20170724,002557.SZ,13.5,13.67,13.5,13.61,13.59,0.02,0.15,8493.91,11553.733,0.1675,0.69,13.6,7563.955,13.59,8563.2967,13.5675,9361.3425,13.514,9928.152,13.5375,11755.615,13.587,13289.386,13.8107,14963.7747,13.9775,14872.7435
516,20170721,002557.SZ,13.58,13.63,13.51,13.59,13.57,0.02,0.15,6634.0,8997.28,0.1308,0.5,13.58,8597.99,13.5533,9650.4867,13.49,10286.7125,13.452,12392.57,13.55,13471.0,13.618,15413.304,13.868,15436.888,14.0245,16797.0615
517,20170720,002557.SZ,13.51,13.67,13.49,13.57,13.5,0.07,0.52,10561.98,14368.429,0.2083,0.77,13.535,11158.73,13.4567,11504.2833,13.4175,13832.2125,13.488,13207.636,13.5838,14720.7438,13.675,16793.845,13.9267,16046.5567,14.0425,16991.3465
518,20170719,002557.SZ,13.28,13.52,13.21,13.5,13.3,0.2,1.5,11755.48,15754.209,0.2319,0.75,13.4,11975.435,13.3667,14922.29,13.4675,13869.05,13.506,13671.006,13.6275,17117.1325,13.755,17162.18,13.9927,16387.51,14.0605,16978.335
519,20170718,002557.SZ,13.18,13.31,13.16,13.3,13.3,0.0,0.0,12195.39,16140.908,0.2405,0.73,13.3,16505.695,13.4567,14573.5733,13.5075,14149.8875,13.548,15763.308,13.71,18202.6238,13.845,17226.414,14.0573,16372.094,14.092,16886.675
520,20170717,002557.SZ,13.79,13.79,13.2,13.3,13.77,-0.47,-3.41,20816.0,27983.126,0.4106,1.13,13.535,15762.665,13.5767,14801.3867,13.61,16655.2875,13.66,16650.62,13.8438,18458.8662,13.959,17481.586,14.132,16520.9407,14.1325,16676.9765
521,20170714,002557.SZ,13.65,13.79,13.63,13.77,13.66,0.11,0.81,10709.33,14696.655,0.2112,0.53,13.715,11794.08,13.7133,15268.3833,13.75,15609.275,13.784,18434.038,13.9813,17406.5938,14.076,16959.047,14.2153,18265.2253,14.176,16210.813
522,20170713,002557.SZ,13.76,13.76,13.6,13.66,13.71,-0.05,-0.36,12878.83,17570.53,0.254,0.62,13.685,17547.91,13.7433,17242.59,13.7875,20365.215,13.862,20380.054,14.065,17911.3162,14.146,17466.017,14.2273,18252.5833,14.19,16129.2945
523,20170712,002557.SZ,13.89,13.9,13.55,13.71,13.86,-0.15,-1.08,22216.99,30404.222,0.4382,1.19,13.785,19424.47,13.83,22860.6767,13.9125,22255.36,14.004,20653.354,14.1663,18250.2888,14.236,17745.762,14.2453,18080.778,14.2145,16076.0445
524,20170711,002557.SZ,13.9,14.0,13.81,13.86,13.92,-0.06,-0.43,16631.95,23138.516,0.328,0.91,13.89,23182.52,13.98,22268.15,14.0775,20262.445,14.142,18689.52,14.2613,17445.5438,14.312,16676.487,14.2733,17261.1307,14.2285,15343.779
525,20170710,002557.SZ,14.16,14.18,13.91,13.92,14.16,-0.24,-1.69,29733.09,41671.43,0.5865,1.92,14.04,25086.25,14.15,21472.61,14.2125,19203.9125,14.258,18312.552,14.3488,17326.085,14.368,16456.101,14.29,16685.762,14.239,15466.053
526,20170707,002557.SZ,14.36,14.37,14.15,14.16,14.37,-0.21,-1.46,20439.41,28999.606,0.4031,1.4,14.265,17342.37,14.31,15694.1867,14.3425,15457.4175,14.368,15484.056,14.4175,15049.9788,14.431,18180.819,14.3067,15469.738,14.236,14597.0375
527,20170706,002557.SZ,14.4,14.47,14.23,14.37,14.4,-0.03,-0.21,14245.33,20428.564,0.281,0.96,14.385,13321.575,14.4033,13796.7533,14.42,14245.2175,14.43,14551.98,14.45,14298.5638,14.41,17188.848,14.2993,14712.3747,14.228,14228.6415
528,20170705,002557.SZ,14.45,14.5,14.35,14.4,14.44,-0.04,-0.28,12397.82,17858.582,0.2445,0.85,14.42,13572.465,14.4367,14245.18,14.445,14628.6425,14.468,14838.17,14.4725,18390.4313,14.366,16794.49,14.2847,14550.2747,14.2155,14342.451
529,20170704,002557.SZ,14.44,14.55,14.34,14.44,14.47,-0.03,-0.21,14747.11,21262.109,0.2909,1.01,14.455,15168.86,14.46,15372.25,14.485,15448.2575,14.482,14663.454,14.4163,18155.6663,14.339,16546.936,14.2573,14228.532,14.202,14585.2615
530,20170703,002557.SZ,14.39,14.58,14.33,14.47,14.47,0.0,0.0,15590.61,22466.41,0.3075,0.75,14.47,15684.82,14.5,15681.9733,14.4925,14642.54,14.478,14599.65,14.3525,17599.9963,14.306,15872.367,14.2327,14517.22,14.179,15165.777
531,20170630,002557.SZ,14.52,14.59,14.26,14.47,14.56,-0.09,-0.62,15779.03,22766.521,0.3112,0.8,14.515,15727.655,14.5,14326.5167,14.48,14351.91,14.494,20877.582,14.31,16891.455,14.276,15462.579,14.192,14301.3647,14.145,16223.199
532,20170629,002557.SZ,14.47,14.58,14.39,14.56,14.47,0.09,0.62,15676.28,22688.64,0.3092,0.84,14.515,13600.26,14.4833,13876.2033,14.5,22152.22,14.39,19825.716,14.265,15919.2538,14.234,14792.572,14.1607,14120.862,14.0945,16652.3815
533,20170628,002557.SZ,14.39,14.52,14.31,14.47,14.42,0.05,0.35,11524.24,16601.151,0.2273,0.63,14.445,12976.165,14.48,24310.8667,14.3475,20863.075,14.264,18750.81,14.2163,15396.31,14.193,14406.327,14.1313,14177.2113,14.0415,17137.186
534,20170627,002557.SZ,14.45,14.55,14.38,14.42,14.55,-0.13,-0.89,14428.09,20841.861,0.2846,0.84,14.485,30704.18,14.3067,23976.02,14.2125,20557.4525,14.196,18430.418,14.1638,15090.65,14.145,14011.071,14.1087,14559.1973,13.995,18319.4745
535,20170626,002557.SZ,13.92,14.68,13.92,14.55,13.95,0.6,4.3,46980.27,67390.59,0.9266,4.68,14.25,28749.985,14.1433,22600.5733,14.14,19431.0,14.134,17145.084,14.13,14763.8675,14.11,14476.005,14.0793,15354.486,13.9355,19043.46
536,20170623,002557.SZ,13.96,13.96,13.8,13.95,13.93,0.02,0.14,10519.7,14611.211,0.2075,1.08,13.94,10410.725,14.0033,10247.91,14.03,9686.2875,14.058,10047.576,14.06,9837.7938,14.041,11013.256,14.0287,14671.738,13.869,17859.324
537,20170622,002557.SZ,14.13,14.18,13.91,13.93,14.13,-0.2,-1.42,10301.75,14468.191,0.2032,1.02,14.03,10112.015,14.0567,9408.4833,14.085,9929.545,14.078,9759.428,14.075,10907.51,14.046,11268.435,13.996,15594.6033,13.8315,18524.2485
538,20170621,002557.SZ,14.11,14.28,14.02,14.13,14.11,0.02,0.14,9922.28,14001.792,0.1957,1.03,14.12,8961.85,14.1367,9805.4767,14.115,9623.8475,14.122,10061.844,14.0663,11163.8888,14.065,11890.412,13.9673,16599.3113,13.819,19743.4
539,20170620,002557.SZ,14.2,14.25,14.08,14.11,14.17,-0.06,-0.42,8001.42,11328.188,0.1578,0.68,14.14,9747.075,14.11,9524.37,14.12,10096.735,14.094,9591.724,14.05,11557.54,14.065,12623.587,13.928,18282.4933,13.8095,20706.7415
540,20170619,002557.SZ,14.06,14.27,14.06,14.17,14.05,0.12,0.85,11492.73,16284.471,0.2267,0.96,14.11,10285.845,14.1233,10795.1733,14.09,9989.3,14.086,11806.926,14.0513,12622.5525,14.052,14459.187,13.8693,19676.252,13.803,21309.6615
541,20170616,002557.SZ,14.14,14.24,14.02,14.05,14.15,-0.1,-0.71,9078.96,12806.774,0.1791,0.71,14.1,10446.395,14.0633,9488.1567,14.065,11885.475,14.024,11978.936,14.0463,13342.715,14.014,16983.819,13.806,20463.24,13.795,22064.337
542,20170615,002557.SZ,13.99,14.22,13.94,14.15,13.99,0.16,1.14,11813.83,16685.481,0.233,0.86,14.07,9692.755,14.07,12820.98,14.0175,12703.93,14.014,12777.442,14.0375,15502.5225,13.955,18512.191,13.7493,21445.8553,13.7995,23622.8355
543,20170614,002557.SZ,14.02,14.1,13.95,13.99,14.07,-0.08,-0.57,7571.68,10603.638,0.1493,0.48,14.03,13324.555,13.9733,13000.63,13.98,13018.345,14.008,13718.98,13.9925,18618.175,13.89,19868.045,13.718,22970.5853,13.795,24364.93
544,20170613,002557.SZ,13.83,14.12,13.8,14.07,13.86,0.21,1.52,19077.43,26592.883,0.3763,1.11,13.965,15715.105,13.9767,14833.9,14.0125,15255.805,14.036,15655.45,13.9263,20717.05,13.845,22627.878,13.7147,24411.7473,13.789,25250.615
545,20170612,002557.SZ,14.0,14.0,13.77,13.86,14.0,-0.14,-1.0,12352.78,17106.505,0.2436,0.56,13.93,12712.135,13.9933,13981.93,14.0275,14799.955,14.018,17111.448,13.855,21503.9175,13.761,23610.915,13.7087,24477.24,13.7785,25476.698
546,20170609,002557.SZ,14.07,14.15,13.85,14.0,14.12,-0.12,-0.85,13071.49,18241.797,0.2578,0.54,14.06,14796.505,14.0833,15615.68,14.0575,18301.115,14.004,21988.702,13.815,24356.0713,13.697,24705.392,13.7187,25426.1373,13.781,26431.3765
547,20170608,002557.SZ,14.13,14.16,13.95,14.12,14.13,-0.01,-0.07,16521.52,23255.689,0.3259,0.64,14.125,16887.775,14.0767,20044.3233,14.005,24218.005,13.896,24246.94,13.7188,26335.61,13.617,25780.062,13.728,27237.9667,13.7755,26817.0565
548,20170607,002557.SZ,13.98,14.16,13.87,14.13,13.98,0.15,1.07,17254.03,24257.533,0.3403,0.58,14.055,21805.725,13.9667,26783.5,13.84,26178.295,13.772,26017.11,13.6063,27182.6138,13.573,27596.388,13.724,27913.58,13.779,27086.477
549,20170606,002557.SZ,13.78,14.0,13.71,13.98,13.79,0.19,1.38,26357.42,36530.174,0.5199,0.88,13.885,31548.235,13.7433,29153.05,13.6825,28207.88,13.654,29600.306,13.49,28003.1338,13.554,28789.896,13.7067,28449.0033,13.781,27714.2295
550,20170605,002557.SZ,13.54,13.79,13.43,13.79,13.46,0.33,2.45,36739.05,50293.282,0.7246,1.34,13.625,30550.865,13.5833,28824.7,13.5725,30411.0275,13.504,30110.382,13.4525,29044.0538,13.554,28160.136,13.6987,28265.1147,13.789,27666.722
551,20170602,002557.SZ,13.5,13.55,13.21,13.46,13.5,-0.04,-0.3,24362.68,32537.003,0.4805,0.89,13.48,24867.525,13.5,28301.6867,13.4325,28453.215,13.39,27422.082,13.4713,28100.3113,13.576,27144.855,13.7067,27912.268,13.828,27116.6585
552,20170601,002557.SZ,13.44,13.66,13.44,13.5,13.54,-0.04,-0.3,25372.37,34446.808,0.5004,0.87,13.52,30271.19,13.4233,29816.7267,13.3725,28186.9325,13.338,27313.184,13.5363,27562.4538,13.644,28733.48,13.7353,27673.762,13.883,26564.5165
553,20170531,002557.SZ,13.4,13.6,13.38,13.54,13.23,0.31,2.34,35170.01,47499.187,0.6937,1.26,13.385,32038.905,13.33,29125.12,13.2975,27798.3875,13.374,29175.666,13.6,27714.1875,13.7,28861.815,13.7813,27442.9327,13.94,26663.123
554,20170526,002557.SZ,13.22,13.29,13.11,13.23,13.22,0.01,0.08,28907.8,38100.853,0.5702,1.1,13.225,26102.675,13.2167,25341.18,13.3325,27677.08,13.454,27979.486,13.675,28349.0525,13.733,27873.352,13.8233,27085.5373,13.993,26446.499
555,20170525,002557.SZ,13.21,13.26,12.93,13.22,13.2,0.02,0.15,23297.55,30563.977,0.4595,0.87,13.21,23557.87,13.3667,27266.84,13.51,27747.4075,13.604,26209.89,13.7788,28067.5425,13.796,27342.481,13.884,26852.1687,14.0605,28840.4105
556,20170524,002557.SZ,13.18,13.29,12.97,13.2,13.28,-0.08,-0.6,23818.19,31306.196,0.4698,0.79,13.44,29251.485,13.6067,29230.6933,13.7,26937.975,13.762,26867.628,13.86,28316.0213,13.865,28157.361,13.974,27014.8507,14.1625,28783.963
557,20170523,002557.SZ,13.98,14.02,13.4,13.68,13.94,-0.26,-1.87,34684.78,47677.225,0.6841,1.21,13.81,31936.945,13.8667,27977.9033,13.9025,27629.9875,13.95,30153.776,13.9425,28288.6338,13.934,27854.051,14.0647,26314.9607,14.2695,28623.9445
558,20170522,002557.SZ,14.02,14.39,13.82,13.94,13.98,-0.04,-0.29,29189.11,40888.139,0.5757,1.05,13.96,24624.465,13.9767,25278.39,14.0175,29021.025,14.026,28547.964,13.9713,27883.83,13.985,26576.566,14.1287,25825.6087,14.3605,28097.942
559,20170519,002557.SZ,14.04,14.04,13.9,13.98,14.01,-0.03,-0.21,20059.82,27981.554,0.3957,0.7,13.995,23323.03,14.0433,28964.9967,14.0475,28387.6775,14.012,27767.218,13.965,26833.3275,14.008,26638.563,14.1727,25935.5033,14.464,27797.145
560,20170518,002557.SZ,14.05,14.17,13.89,14.01,14.14,-0.13,-0.92,26586.24,37286.186,0.5244,0.9,14.075,33417.585,14.07,31163.63,14.02,29694.0675,13.988,28475.072,13.9913,27064.5913,14.024,27173.308,14.2127,29717.2507,14.5595,27793.9815
561,20170517,002557.SZ,14.09,14.4,14.09,14.14,14.06,0.08,0.57,40248.93,57175.125,0.7939,1.58,14.1,33452.325,14.0233,30730.01,13.9825,28947.28,13.968,29447.094,14.0113,27467.4463,14.08,27088.462,14.296,29422.7413,14.6425,27820.317
562,20170516,002557.SZ,13.87,14.06,13.78,14.06,13.87,0.19,1.37,26655.72,37191.647,0.5258,1.08,13.965,25970.55,13.93,25180.0633,13.925,26746.635,13.918,25554.326,14.0113,25612.2388,14.122,24395.553,14.376,28114.0007,14.7265,26484.199
563,20170515,002557.SZ,13.94,14.04,13.85,13.87,13.86,0.01,0.07,25285.38,35268.689,0.4987,0.99,13.865,24442.235,13.88,26776.94,13.8825,25278.9775,13.944,24605.168,14.075,25497.4963,14.18,24464.431,14.472,27947.9347,14.813,26411.6285
564,20170512,002557.SZ,13.93,13.95,13.82,13.86,13.91,-0.05,-0.36,23599.09,32696.96,0.4655,0.91,13.885,27522.72,13.8867,25276.8433,13.9625,24435.115,14.004,25509.908,14.1613,24001.8038,14.253,25019.646,14.6147,27807.1207,14.916,26567.5315
565,20170511,002557.SZ,13.79,14.0,13.63,13.91,13.89,0.02,0.14,31446.35,43450.488,0.6202,1.27,13.9,26115.72,13.9967,24713.79,14.04,25987.6125,14.06,25871.544,14.2588,24469.98,14.325,30338.34,14.75,27566.9513,15.031,27627.1085
566,20170510,002557.SZ,14.23,14.27,13.81,13.89,14.19,-0.3,-2.11,20785.09,29314.717,0.41,0.89,14.04,21347.51,14.0833,24168.0333,14.0975,24477.8425,14.192,24729.83,14.345,24393.8775,14.46,29410.565,14.8673,27278.058,15.148,27279.8895
567,20170509,002557.SZ,14.13,14.29,14.0,14.19,14.17,0.02,0.14,21909.93,30968.591,0.4321,0.9,14.18,25859.505,14.1667,25708.76,14.2675,25716.015,14.326,23236.78,14.4313,31393.995,14.605,29393.838,14.996,26794.1567,15.276,28062.932
568,20170508,002557.SZ,14.1,14.3,13.99,14.17,14.14,0.03,0.21,29809.08,42008.449,0.588,1.22,14.155,27608.175,14.2933,26984.71,14.36,23568.4925,14.416,24323.694,14.565,31426.3288,14.736,29619.318,15.1027,27013.782,15.392,28607.0165
569,20170505,002557.SZ,14.55,14.57,14.14,14.14,14.57,-0.43,-2.95,25407.27,36356.083,0.5011,0.73,14.355,25572.525,14.4233,21488.2967,14.4775,22952.3475,14.502,24529.384,14.7113,30277.4213,14.92,28955.727,15.22,26920.0727,15.522,29236.676
570,20170504,002557.SZ,14.56,14.86,14.43,14.57,14.56,0.01,0.07,25737.78,37758.272,0.5076,0.75,14.565,19528.81,14.59,22134.04,14.5925,24309.9125,14.59,34805.136,14.8813,30122.1038,15.095,28414.655,15.3547,28212.2967,15.6645,31159.384
571,20170503,002557.SZ,14.65,14.67,14.5,14.56,14.64,-0.08,-0.55,13319.84,19438.031,0.2627,0.37,14.6,20332.17,14.6,23833.9567,14.595,37071.975,14.728,34091.3,15.0613,29801.5275,15.205,28552.172,15.4667,28129.9093,15.773,33019.7695
572,20170502,002557.SZ,14.6,14.73,14.47,14.64,14.6,0.04,0.27,27344.5,40060.047,0.5393,0.78,14.62,29091.015,14.6067,44989.3533,14.77,39284.165,14.884,35550.896,15.2275,30636.1163,15.331,28572.845,15.5927,29671.6493,15.872,34222.5165
573,20170428,002557.SZ,14.58,14.64,14.41,14.6,14.58,0.02,0.14,30837.53,44803.78,0.6082,0.92,14.59,53811.78,14.8133,43264.0533,14.945,37602.495,15.056,34914.942,15.3563,30607.1725,15.446,28358.826,15.7173,30034.7907,15.9725,35451.956
574,20170427,002557.SZ,15.01,15.01,14.33,14.58,15.26,-0.68,-4.46,76786.03,112108.358,1.5145,3.49,14.92,49477.315,15.06,39857.4833,15.17,35934.295,15.338,33382.07,15.5088,28443.3025,15.579,28115.417,15.862,30805.7733,16.08,36512.9615
575,20170426,002557.SZ,15.35,15.47,15.17,15.26,15.34,-0.08,-0.52,22168.6,33993.244,0.4373,0.96,15.3,21393.21,15.3667,22317.05,15.5275,22531.08,15.6,22024.174,15.66,21995.5875,15.737,24915.877,16.0227,29944.1333,16.184,35562.0445
576,20170425,002557.SZ,15.58,15.6,15.31,15.34,15.5,-0.16,-1.03,20617.82,31859.771,0.4067,0.95,15.42,22391.275,15.6167,22651.9067,15.685,21988.0675,15.682,23013.044,15.7438,22774.9425,15.836,25149.214,16.1213,32662.5927,16.252,38283.717
577,20170424,002557.SZ,16.01,16.01,15.49,15.5,16.01,-0.51,-3.19,24164.73,37814.963,0.4766,1.11,15.755,23668.95,15.8,22444.8167,15.7675,23611.85,15.778,21594.794,15.8463,25796.5438,15.947,26732.026,16.2013,33779.7233,16.311,42165.4905
578,20170421,002557.SZ,15.89,16.07,15.77,16.01,15.89,0.12,0.76,23173.17,36953.475,0.4571,1.01,15.95,21584.86,15.8567,23427.5567,15.8475,20952.31,15.836,21802.71,15.94,25838.6988,16.048,27594.715,16.278,35630.9607,16.343,43621.0295
579,20170420,002557.SZ,15.67,15.93,15.58,15.89,15.67,0.22,1.4,19996.55,31623.255,0.3944,0.72,15.78,23554.75,15.7933,20212.0233,15.7925,21460.095,15.82,22848.764,15.995,27497.795,16.124,29517.625,16.3273,37556.592,16.338,44355.1255
580,20170419,002557.SZ,15.79,15.8,15.48,15.67,15.82,-0.15,-0.95,27112.95,42280.24,0.5348,0.99,15.745,20319.76,15.76,21947.9433,15.8025,23561.8175,15.874,27807.58,16.0725,29097.1788,16.234,33904.113,16.3787,40074.668,16.3435,44749.762
581,20170418,002557.SZ,15.79,15.96,15.76,15.82,15.79,0.03,0.19,13526.57,21436.787,0.2668,0.42,15.805,19365.44,15.8467,22378.1067,15.925,27981.2375,15.99,27285.384,16.21,31008.3438,16.341,37487.367,16.442,43373.9413,16.3545,44457.801
582,20170417,002557.SZ,15.85,16.03,15.7,15.79,15.93,-0.14,-0.88,25204.31,39889.252,0.4971,0.75,15.86,26803.875,15.96,32799.46,16.0325,30725.0875,16.116,31869.258,16.3563,37300.2013,16.413,39872.188,16.4887,49022.3893,16.358,45403.4805
583,20170414,002557.SZ,16.16,16.16,15.86,15.93,16.16,-0.23,-1.42,28403.44,45418.787,0.5602,0.78,16.045,36597.035,16.1133,32565.3467,16.1975,33535.495,16.26,33386.72,16.475,42017.8488,16.499,42545.086,16.512,50893.8027,16.3705,46481.0435
584,20170413,002557.SZ,16.25,16.35,16.06,16.16,16.25,-0.09,-0.55,44790.63,72436.603,0.8834,1.12,16.205,34646.3,16.2867,35246.18,16.3425,34632.54,16.428,36186.486,16.5513,43139.2663,16.581,44910.506,16.5107,51523.9127,16.369,46304.3495
585,20170412,002557.SZ,16.4,16.46,16.23,16.25,16.45,-0.2,-1.22,24501.97,40038.537,0.4833,0.51,16.35,30473.955,16.4033,31246.51,16.495,34035.45,16.594,40000.646,16.6125,44032.0988,16.631,46208.212,16.5,50397.156,16.358,45087.5815
586,20170411,002557.SZ,16.43,16.52,16.21,16.45,16.51,-0.06,-0.36,36445.94,59650.751,0.7189,0.76,16.48,34618.78,16.5767,37213.2767,16.68,43875.315,16.692,47689.35,16.675,47476.5575,16.668,51418.22,16.476,50181.94,16.3425,45438.9435
587,20170410,002557.SZ,16.78,16.8,16.4,16.51,16.77,-0.26,-1.55,32791.62,54113.259,0.6468,0.63,16.64,37596.945,16.7567,46351.7733,16.7525,50500.2025,16.71,47875.118,16.7013,50141.7763,16.675,57598.955,16.4387,49914.888,16.3165,45943.952
588,20170407,002557.SZ,16.95,16.98,16.74,16.77,16.99,-0.22,-1.29,42402.27,71437.585,0.8363,0.79,16.88,53131.85,16.8333,56403.0633,16.76,51645.9925,16.738,51703.452,16.715,55618.08,16.638,59647.344,16.4073,50845.818,16.286,47330.878
589,20170406,002557.SZ,16.74,17.04,16.65,16.99,16.74,0.25,1.49,63861.43,108230.251,1.2596,1.22,16.865,63403.46,16.7567,54727.2333,16.73,54028.7475,16.734,53634.526,16.6838,62599.4575,16.552,59192.626,16.3493,49676.9707,16.266,46787.1465
590,20170405,002557.SZ,16.56,16.8,16.41,16.74,16.54,0.2,1.21,62945.49,104861.375,1.2415,1.14,16.64,50160.135,16.6433,50751.1867,16.67,51077.8,16.668,52415.778,16.5775,61276.2175,16.453,55595.411,16.2793,46783.2267,16.237,45198.8775
591,20170331,002557.SZ,16.53,16.57,16.33,16.54,16.65,-0.11,-0.66,37374.78,61408.411,0.7372,0.56,16.595,44654.035,16.6467,47121.9033,16.65,49783.35,16.644,55147.09,16.4738,58139.9175,16.368,51428.235,16.226,44688.808,16.222,43273.4595
592,20170330,002557.SZ,16.73,16.73,16.36,16.65,16.75,-0.1,-0.6,51933.29,85829.929,1.0243,0.77,16.7,51995.465,16.6867,53919.54,16.67,59590.1675,16.64,67322.792,16.4063,56954.23,16.303,50934.773,16.1853,45300.23,16.211,42145.5715
593,20170329,002557.SZ,16.67,16.86,16.46,16.75,16.66,0.09,0.54,52057.64,86697.985,1.0268,0.8,16.705,54912.665,16.6767,62142.46,16.6375,71170.1675,16.538,67591.236,16.3113,53121.785,16.242,50417.001,16.1353,45873.3533,16.1985,40684.2325
594,20170328,002557.SZ,16.55,16.74,16.43,16.66,16.62,0.04,0.24,57767.69,95518.419,1.1394,0.98,16.64,67184.87,16.6,77541.01,16.485,71474.635,16.37,64750.726,16.2038,50669.6,16.157,47698.193,16.11,44504.6867,16.1855,39197.0295
595,20170327,002557.SZ,16.51,16.76,16.45,16.62,16.52,0.1,0.61,76602.05,127067.647,1.5109,1.61,16.57,87427.67,16.4267,76043.6167,16.2975,66496.485,16.238,58775.044,16.1263,49293.085,16.085,43966.951,16.0933,42793.244,16.1805,37316.0855
596,20170324,002557.SZ,16.07,16.64,16.07,16.52,16.14,0.38,2.35,98253.29,161229.486,1.9379,2.84,16.33,75764.4,16.19,63127.9633,16.1425,54318.2925,16.092,47709.38,16.0363,42826.5238,16.017,39459.667,16.0813,39315.5827,16.175,34538.732
597,20170323,002557.SZ,15.91,16.16,15.78,16.14,15.91,0.23,1.45,53275.51,85302.513,1.0508,1.6,16.025,45565.3,16.0167,39673.2933,15.985,35073.4025,15.966,34546.754,15.9638,33101.7713,15.958,34288.949,16.068,33753.1647,16.185,30440.1125
598,20170322,002557.SZ,15.96,16.15,15.88,15.91,16.0,-0.09,-0.56,37855.09,60490.609,0.7466,1.24,15.955,32872.185,15.9333,29006.0333,15.9225,29864.565,15.946,33242.766,15.9388,30383.4838,15.934,35014.412,16.0853,31715.2313,16.212,28713.651
599,20170321,002557.SZ,15.9,16.02,15.79,16.0,15.89,0.11,0.69,27889.28,44327.245,0.5501,0.96,15.945,24581.505,15.9267,27201.0567,15.955,32089.685,15.944,30645.66,15.9413,31469.8613,15.98,34381.667,16.124,30679.1307,16.2515,28452.8905
600,20170320,002557.SZ,15.9,15.97,15.78,15.89,15.89,0.0,0.0,21273.73,33765.417,0.4196,0.68,15.89,26856.945,15.94,33489.82,15.93,31334.755,15.932,29158.858,15.9288,35549.9688,16.021,34802.344,16.1613,30163.0993,16.277,28541.705
601,20170317,002557.SZ,16.09,16.11,15.86,15.89,16.04,-0.15,-0.94,32440.16,51942.957,0.6398,0.95,15.965,39597.865,15.9433,34688.43,15.9425,31130.14,15.942,31209.954,15.9888,36831.7075,16.076,35118.684,16.2027,30148.516,16.3045,29043.8365
602,20170316,002557.SZ,15.96,16.13,15.86,16.04,15.9,0.14,0.88,46755.57,74738.179,0.9222,1.27,15.97,35812.565,15.96,30693.4667,15.955,30902.4025,15.95,34031.144,16.0538,36788.6938,16.119,33356.37,16.258,29071.232,16.3185,28119.702
603,20170315,002557.SZ,15.92,16.0,15.84,15.9,15.94,-0.04,-0.25,24869.56,39592.169,0.4905,0.65,15.92,22662.415,15.9267,25618.0133,15.9275,30850.0375,15.922,36786.058,16.1038,33998.8888,16.155,30951.464,16.3007,27203.946,16.3265,26422.8195
604,20170314,002557.SZ,15.92,16.08,15.89,15.94,15.94,0.0,0.0,20455.27,32639.323,0.4035,0.51,15.94,25992.24,15.9367,32843.53,15.9275,39765.1825,16.016,38117.674,16.1563,32742.3213,16.214,30695.866,16.354,27721.9673,16.341,26243.8665
605,20170313,002557.SZ,15.94,15.99,15.8,15.94,15.93,0.01,0.06,31529.21,50198.616,0.6219,0.81,15.935,39037.66,15.9233,46201.82,16.035,42533.275,16.11,40445.83,16.2138,33023.7263,16.276,30665.22,16.392,28335.9873,16.3625,26514.828
606,20170310,002557.SZ,15.9,16.0,15.77,15.93,15.9,0.03,0.19,46546.11,74003.496,0.9181,1.42,15.915,53538.125,16.0667,46201.2967,16.1525,42674.985,16.21,39027.414,16.2825,31871.7725,16.333,29617.797,16.4253,28321.7973,16.3755,26170.1445
607,20170309,002557.SZ,16.31,16.35,15.83,15.9,16.37,-0.47,-2.87,60530.14,96823.675,1.1939,2.41,16.135,46028.89,16.2267,41384.61,16.28,37147.74,16.288,32681.596,16.3613,28572.11,16.412,26591.276,16.4413,26149.2213,16.386,24941.227
608,20170308,002557.SZ,16.39,16.42,16.2,16.37,16.41,-0.04,-0.24,31527.64,51372.74,0.6218,1.35,16.39,31811.845,16.4067,29353.6067,16.385,25719.46,16.388,25116.87,16.4375,23637.715,16.49,22412.89,16.4613,22968.4067,16.4055,22780.835
609,20170307,002557.SZ,16.41,16.54,16.31,16.41,16.44,-0.03,-0.18,32096.05,52661.59,0.6331,1.54,16.425,28266.59,16.39,23783.4,16.3925,23514.1775,16.412,23274.058,16.4813,21731.8725,16.523,22524.114,16.4493,22285.9307,16.4005,21977.2245
610,20170306,002557.SZ,16.31,16.45,16.27,16.44,16.32,0.12,0.74,24437.13,39961.457,0.482,1.21,16.38,19627.075,16.3867,20653.5533,16.4125,21068.56,16.442,20884.61,16.515,20063.1513,16.533,22281.066,16.4467,21871.1607,16.391,21417.4135
611,20170303,002557.SZ,16.32,16.43,16.25,16.32,16.4,-0.08,-0.49,14817.02,24199.69,0.2922,0.72,16.36,18761.765,16.4033,19945.7033,16.4425,19996.48,16.456,20208.18,16.5475,21088.495,16.533,22968.989,16.4307,21884.388,16.3775,21515.0895
612,20170302,002557.SZ,16.5,16.55,16.24,16.4,16.49,-0.09,-0.55,22706.51,37141.728,0.4479,1.15,16.445,22510.045,16.4833,21722.9667,16.49,21555.97,16.536,20500.956,16.5713,22944.5638,16.518,22883.034,16.4187,22361.104,16.353,21646.9045
613,20170301,002557.SZ,16.55,16.62,16.41,16.49,16.56,-0.07,-0.42,22313.58,36892.097,0.4401,1.02,16.525,21231.195,16.52,21172.4567,16.57,19949.5675,16.592,19708.91,16.5763,24020.795,16.498,21894.175,16.4113,22002.1567,16.3345,22610.202
614,20170228,002557.SZ,16.42,16.7,16.42,16.56,16.51,0.05,0.3,20148.81,33310.685,0.3974,0.85,16.535,20601.895,16.5967,19161.5633,16.6175,19057.7425,16.634,21774.17,16.5363,22976.2813,16.468,21791.867,16.3967,21544.9467,16.3035,22479.1875
615,20170227,002557.SZ,16.73,16.79,16.47,16.51,16.72,-0.21,-1.26,21054.98,34869.492,0.4153,0.82,16.615,18667.94,16.6367,18694.0533,16.6525,22180.51,16.624,23677.522,16.4913,22059.92,16.449,22364.436,16.374,21595.0147,16.2705,23002.403
616,20170224,002557.SZ,16.7,16.83,16.63,16.72,16.68,0.04,0.24,16280.9,27227.284,0.3211,0.64,16.7,17513.59,16.7,22555.6867,16.6525,24333.1575,16.61,25729.798,16.4513,22089.36,16.418,22722.492,16.3513,21950.726,16.237,23183.362
617,20170223,002557.SZ,16.7,16.8,16.54,16.68,16.7,-0.02,-0.12,18746.28,31175.732,0.3697,0.78,16.69,25693.08,16.63,27017.2433,16.5825,28092.0225,16.5,25265.112,16.4075,23288.56,16.36,23291.178,16.292,22028.8873,16.1905,23299.5905
618,20170222,002557.SZ,16.51,16.77,16.46,16.7,16.51,0.19,1.15,32639.88,54303.238,0.6438,1.5,16.605,31152.725,16.55,31207.27,16.455,26894.82,16.404,24079.44,16.3475,24024.7175,16.321,23148.78,16.2487,23577.2993,16.129,22921.443
619,20170221,002557.SZ,16.42,16.61,16.33,16.51,16.44,0.07,0.43,29665.57,49026.018,0.5851,1.41,16.475,30490.965,16.3733,24979.8,16.33,21939.33,16.302,21809.564,16.2775,22690.7025,16.278,21430.335,16.1933,22714.1933,16.068,21839.176
620,20170220,002557.SZ,16.23,16.44,16.18,16.44,16.17,0.27,1.67,31316.36,51154.356,0.6177,1.59,16.305,22636.915,16.27,19363.9167,16.25,19845.5625,16.274,21051.35,16.25,21147.7938,16.249,20553.761,16.1527,22777.3633,16.02,21356.0675
621,20170217,002557.SZ,16.19,16.34,16.17,16.17,16.2,-0.03,-0.19,13957.47,22704.897,0.2753,0.65,16.185,13387.695,16.1867,16021.9633,16.2325,18485.0975,16.226,19715.186,16.2288,19165.1775,16.222,20061.19,16.1127,22334.55,15.965,21109.1585
622,20170216,002557.SZ,16.18,16.29,16.14,16.2,16.19,0.01,0.06,12817.92,20775.343,0.2528,0.58,16.195,17054.21,16.2533,19994.3067,16.24,21154.615,16.22,21317.244,16.235,20032.9725,16.188,20410.775,16.0873,22644.4167,15.934,21958.972
623,20170215,002557.SZ,16.37,16.37,16.17,16.19,16.37,-0.18,-1.1,21290.5,34607.936,0.4199,1.01,16.28,23582.5,16.2533,23933.5133,16.225,23442.075,16.238,22218.12,16.2313,21729.5638,16.171,23326.229,16.0373,22535.444,15.924,22202.726
624,20170214,002557.SZ,16.21,16.45,16.2,16.37,16.2,0.17,1.05,25874.5,42297.691,0.5103,1.29,16.285,25255.02,16.2367,24159.2667,16.25,22450.025,16.254,21051.106,16.1863,21249.9163,16.139,23166.508,15.99,21849.0467,15.9225,22228.4445
625,20170213,002557.SZ,16.1,16.25,16.08,16.2,16.14,0.06,0.37,24635.54,39820.499,0.4859,1.21,16.17,23301.65,16.21,21308.5333,16.225,19845.2575,16.224,20056.172,16.1438,23262.1613,16.092,23640.37,15.9353,21457.64,15.92,22226.087
626,20170210,002557.SZ,16.29,16.34,16.13,16.14,16.29,-0.15,-0.92,21967.76,35615.823,0.4333,1.13,16.215,19645.03,16.2333,18248.4967,16.23,18911.33,16.218,20407.194,16.1025,22644.38,16.056,23644.232,15.878,21573.816,15.9295,22949.873
627,20170209,002557.SZ,16.28,16.36,16.23,16.29,16.27,0.02,0.12,17322.3,28214.143,0.3417,0.71,16.28,16388.865,16.26,17892.52,16.2375,20017.0525,16.156,19504.306,16.0725,23725.05,16.021,23308.003,15.8387,22172.8813,15.9415,23233.5495
628,20170208,002557.SZ,16.22,16.3,16.07,16.27,16.22,0.05,0.31,15455.43,25053.847,0.3048,0.61,16.245,18177.63,16.22,20915.3033,16.1225,20049.8075,16.104,24434.338,16.0163,24644.0325,15.937,22694.106,15.8193,22197.5947,15.945,23723.942
629,20170207,002557.SZ,16.16,16.3,16.07,16.22,16.17,0.05,0.31,20899.83,33843.831,0.4122,0.77,16.195,23645.24,16.0733,21581.2667,16.0625,26679.065,16.024,25281.91,15.9563,25037.7875,15.858,22248.017,15.812,22620.8907,15.95,24955.907
630,20170206,002557.SZ,15.84,16.17,15.79,16.17,15.83,0.34,2.15,26390.65,42219.595,0.5205,0.98,16.0,21921.985,16.01,28605.4767,15.975,26377.43,15.96,27224.568,15.86,23823.225,15.791,22158.374,15.8187,22949.392,15.953,26798.946
631,20170203,002557.SZ,16.05,16.05,15.72,15.83,16.03,-0.2,-1.25,17453.32,27672.135,0.3442,0.64,15.93,29712.89,15.91,26373.0233,15.9075,27433.0475,15.894,26881.27,15.7738,21898.7113,15.708,22157.127,15.8333,23797.4327,15.9475,28013.1145
632,20170126,002557.SZ,15.87,16.13,15.87,16.03,15.87,0.16,1.01,41972.46,67282.902,0.8279,2.0,15.95,30832.875,15.9333,30759.6233,15.91,29238.2575,15.886,27111.7,15.7388,22217.4713,15.68,23507.169,15.87,24476.6307,15.97,28611.6575
633,20170125,002557.SZ,16.0,16.03,15.85,15.87,15.9,-0.03,-0.19,19693.29,31355.951,0.3884,1.02,15.885,25153.205,15.87,24993.5233,15.85,23396.51,15.77,20953.874,15.6525,20268.1863,15.677,21079.223,15.892,23487.1433,15.987,27091.4215
634,20170124,002557.SZ,15.84,16.01,15.76,15.9,15.84,0.06,0.38,30613.12,48723.508,0.6038,1.79,15.87,27643.64,15.8433,24630.9167,15.745,21269.02,15.692,19214.124,15.6125,21675.7425,15.706,21290.381,15.9253,24847.2393,16.0125,26700.0005
635,20170123,002557.SZ,15.75,16.02,15.71,15.84,15.79,0.05,0.32,24674.16,39239.732,0.4867,1.42,15.815,21639.815,15.6933,18154.32,15.64,16364.375,15.622,17092.18,15.625,20060.7275,15.748,20811.804,15.9507,26657.072,16.04,26036.817
636,20170120,002557.SZ,15.45,15.79,15.42,15.79,15.45,0.34,2.2,18605.47,29112.587,0.367,0.93,15.62,14894.4,15.5733,13594.4467,15.5675,15196.685,15.522,17432.984,15.665,19702.0663,15.803,22255.514,15.9653,28390.396,16.071,25518.8835
637,20170119,002557.SZ,15.4,15.56,15.38,15.45,15.48,-0.03,-0.19,11183.33,17315.805,0.2206,0.53,15.465,11088.935,15.4933,14060.4233,15.455,17139.8625,15.474,19902.638,15.7313,20604.8013,15.862,23159.096,15.998,29111.6433,16.109,25370.319
638,20170118,002557.SZ,15.51,15.58,15.44,15.48,15.55,-0.07,-0.45,10994.54,17035.726,0.2169,0.47,15.515,15498.97,15.4567,19125.3733,15.48,22082.465,15.584,21204.572,15.8488,24095.7925,15.953,24753.778,16.0593,29137.2707,16.1705,25997.513
639,20170117,002557.SZ,15.38,15.57,15.32,15.55,15.34,0.21,1.37,20003.4,31008.303,0.3945,0.82,15.445,23190.79,15.48,25778.44,15.61,23757.08,15.72,23366.638,15.9613,26176.6363,16.042,27663.797,16.1193,29195.2927,16.2285,26275.5945
640,20170116,002557.SZ,15.58,15.66,15.07,15.34,15.55,-0.21,-1.35,26378.18,40783.216,0.5203,0.97,15.445,28665.96,15.63,25008.3067,15.7625,24207.4475,15.874,24531.428,16.0625,27067.48,16.115,31439.518,16.1793,29018.3627,16.281,26361.3895
641,20170113,002557.SZ,16.01,16.02,15.01,15.55,16.0,-0.45,-2.81,30953.74,48629.113,0.6105,1.17,15.775,24323.37,15.9033,23483.87,16.0075,24069.74,16.084,27078.044,16.1913,28782.0488,16.187,33869.102,16.254,28214.1833,16.353,26415.719
642,20170112,002557.SZ,16.16,16.22,16.0,16.0,16.16,-0.16,-0.99,17693.0,28467.389,0.349,0.63,16.08,19748.935,16.16,21775.0733,16.2175,26109.12,16.25,26415.554,16.2825,32132.9075,16.26,33716.146,16.3207,27192.8793,16.4055,26479.8775
643,20170111,002557.SZ,16.33,16.38,16.11,16.16,16.32,-0.16,-0.98,21804.87,35327.126,0.4301,0.68,16.24,23816.11,16.29,28914.4933,16.3125,28596.1925,16.322,28302.984,16.29,36255.535,16.297,33103.62,16.366,27595.16,16.4505,27366.5655
644,20170110,002557.SZ,16.39,16.46,16.32,16.32,16.39,-0.07,-0.43,25827.35,42313.053,0.5094,0.67,16.355,32469.305,16.3633,30859.9667,16.3625,29927.5125,16.364,31960.956,16.305,37207.9488,16.319,32109.62,16.398,27245.2467,16.501,28487.692
645,20170109,002557.SZ,16.34,16.49,16.3,16.39,16.38,0.01,0.06,39111.26,64117.792,0.7714,0.96,16.385,33376.275,16.3767,31294.2333,16.375,33494.3575,16.356,38347.608,16.3113,35425.4975,16.332,31261.83,16.4167,26971.3767,16.541,31101.634
646,20170106,002557.SZ,16.37,16.42,16.25,16.38,16.36,0.02,0.12,27641.29,45198.075,0.5452,0.67,16.37,27385.72,16.37,31622.0567,16.3475,38156.695,16.29,40660.16,16.31,32019.6988,16.339,28782.253,16.4427,26194.944,16.5615,30233.212
647,20170105,002557.SZ,16.36,16.42,16.31,16.36,16.37,-0.01,-0.06,27130.15,44431.355,0.5351,0.72,16.365,33612.44,16.3367,41661.83,16.2675,43914.8775,16.27,41016.738,16.3188,30733.2188,16.356,27581.542,16.4573,26501.3187,16.584,29914.249
648,20170104,002557.SZ,16.2,16.39,16.09,16.37,16.28,0.09,0.55,40094.73,65180.54,0.7908,1.24,16.325,48927.67,16.2367,49509.7867,16.2475,44488.385,16.272,37904.256,16.3313,29131.3863,16.388,27241.248,16.4933,27054.426,16.6075,29691.3955
649,20170103,002557.SZ,16.1,16.28,16.04,16.28,16.06,0.22,1.37,57760.61,92994.794,1.1393,2.39,16.17,54217.315,16.2067,45952.9367,16.2475,37356.6375,16.274,32258.284,16.3538,26073.8175,16.415,24887.392,16.5467,27329.9373,16.628,28806.0675
650,20161230,002557.SZ,16.36,16.36,15.96,16.06,16.28,-0.22,-1.35,50674.02,81458.343,0.9995,3.0,16.17,40049.1,16.2367,30555.3133,16.2725,25882.7025,16.308,24176.052,16.4038,21819.6425,16.447,21283.261,16.6027,28686.3093,16.6565,26819.2285
651,20161229,002557.SZ,16.37,16.47,16.18,16.28,16.37,-0.09,-0.55,29424.18,48047.598,0.5804,2.08,16.325,20495.96,16.3433,17618.93,16.37,17551.56,16.388,16904.346,16.4763,17554.9113,16.519,18962.336,16.652,26757.5627,16.6975,26517.516
652,20161228,002557.SZ,16.38,16.43,16.31,16.37,16.38,-0.01,-0.06,11567.74,18947.142,0.2282,0.7,16.375,11716.305,16.4,13594.02,16.415,13774.3875,16.442,14146.346,16.5163,16591.8013,16.551,19243.609,16.6887,26213.4193,16.749,27590.765
653,20161227,002557.SZ,16.5,16.5,16.37,16.38,16.45,-0.07,-0.43,11864.87,19478.905,0.234,0.68,16.415,14607.16,16.43,14509.9367,16.46,14790.9975,16.504,16578.24,16.5675,18578.93,16.604,21629.511,16.7193,26953.7753,16.7995,30707.2195
654,20161226,002557.SZ,16.45,16.48,16.21,16.45,16.46,-0.01,-0.06,17349.45,28334.901,0.3422,0.94,16.455,15832.47,16.4867,15766.3733,16.535,17756.5825,16.556,17516.5,16.595,21125.435,16.683,24865.764,16.746,27655.3287,16.866,33477.411
655,20161223,002557.SZ,16.54,16.64,16.42,16.46,16.55,-0.09,-0.54,14315.49,23626.827,0.2824,0.68,16.505,14974.835,16.5633,17892.2933,16.5825,17558.2625,16.586,18390.47,16.6513,23385.0988,16.75,30941.438,16.7727,27700.2873,16.919,33843.231
656,20161222,002557.SZ,16.67,16.71,16.5,16.55,16.68,-0.13,-0.78,15634.18,25902.351,0.3084,0.64,16.615,19680.695,16.6233,18639.1867,16.6175,19409.215,16.65,21020.326,16.74,27124.0875,16.784,31684.171,16.8007,29721.906,16.97,34430.183
657,20161221,002557.SZ,16.6,16.74,16.57,16.68,16.64,0.04,0.24,23727.21,39490.517,0.468,0.89,16.66,20141.69,16.64,20667.56,16.675,22366.8625,16.66,24340.872,16.8113,34933.0888,16.812,32246.956,16.8513,32072.238,17.013,34918.2615
658,20161220,002557.SZ,16.63,16.71,16.53,16.64,16.6,0.04,0.24,16556.17,27504.829,0.3266,0.51,16.62,19137.735,16.6733,21913.4133,16.655,24494.2875,16.704,26680.782,16.8263,34685.04,16.827,32141.543,16.898,35416.8793,17.054,35494.833
659,20161219,002557.SZ,16.8,16.8,16.54,16.6,16.78,-0.18,-1.07,21719.3,36158.426,0.4284,0.5,16.69,24592.035,16.66,27140.3267,16.72,29211.935,16.81,32215.028,16.85,35273.2725,16.841,32724.743,16.9693,38797.7147,17.1,36192.994
660,20161216,002557.SZ,16.55,16.82,16.51,16.78,16.6,0.18,1.08,27464.77,45891.938,0.5417,0.65,16.69,29850.84,16.76,31709.48,16.8625,34838.96,16.914,43492.406,16.8788,35392.495,16.866,32355.196,17.03,38994.1513,17.146,36259.0585
661,20161215,002557.SZ,16.8,16.87,16.57,16.6,16.9,-0.3,-1.78,32236.91,53780.484,0.6358,0.8,16.75,33831.835,16.89,37297.0233,16.9475,47499.315,16.918,42348.016,16.8788,34757.92,16.876,34072.696,17.0767,38900.1353,17.182,35672.849
662,20161214,002557.SZ,17.0,17.11,16.67,16.9,17.17,-0.27,-1.57,35426.76,59707.693,0.6988,0.94,17.035,39827.08,17.0633,52586.7833,16.9975,44875.7925,16.964,40153.04,16.91,32981.285,16.947,35937.921,17.1307,38444.058,17.2235,35389.2375
663,20161213,002557.SZ,17.0,17.17,16.33,17.17,17.12,0.05,0.29,44227.4,74123.859,0.8723,1.33,17.145,61166.795,17.03,48025.47,16.98,41334.61,16.95,37602.304,16.9075,34132.9113,16.995,39784.928,17.1707,38432.85,17.258,34765.726
664,20161212,002557.SZ,16.86,17.29,16.78,17.12,16.8,0.32,1.9,78106.19,132644.179,1.5406,3.68,16.96,49924.505,16.9167,40370.3467,16.895,35946.03,16.872,33234.458,16.925,34965.6313,17.049,42089.058,17.1967,37518.9827,17.2805,34354.358
665,20161209,002557.SZ,16.85,16.93,16.78,16.8,16.83,-0.03,-0.18,21742.82,36613.367,0.4289,0.84,16.815,21502.425,16.82,21892.6433,16.81,22016.525,16.818,21217.986,16.9575,34439.4613,17.088,36745.024,17.2233,33847.9427,17.303,32496.562
666,20161208,002557.SZ,16.8,16.89,16.78,16.83,16.83,0.0,0.0,21262.03,35797.689,0.4194,0.67,16.83,21967.555,16.8133,22107.76,16.8225,21086.7775,16.834,25797.376,17.0713,40130.1963,17.156,37176.195,17.27,33447.7933,17.338,33097.79
667,20161207,002557.SZ,16.8,16.86,16.62,16.83,16.78,0.05,0.3,22673.08,37984.475,0.4472,0.54,16.805,22530.625,16.82,21028.36,16.835,26931.2125,16.93,31722.802,17.1563,40555.6738,17.214,37589.567,17.31,33801.3033,17.364,33772.147
668,20161206,002557.SZ,16.85,16.92,16.72,16.78,16.85,-0.07,-0.42,22388.17,37644.359,0.4416,0.44,16.815,20206.0,16.8367,28350.59,16.955,33985.2325,17.04,41967.552,17.2375,40978.355,17.281,38848.123,17.3607,33820.2,17.3865,34333.2815
669,20161205,002557.SZ,16.8,16.96,16.75,16.85,16.88,-0.03,-0.18,18023.83,30337.989,0.3555,0.34,16.865,31331.8,17.0133,37850.92,17.105,46862.3975,17.226,50943.658,17.3163,41354.3025,17.359,39661.245,17.4167,34727.658,17.424,34402.2105
670,20161202,002557.SZ,17.34,17.34,16.81,16.88,17.31,-0.43,-2.48,44639.77,76243.967,0.8805,0.92,17.095,47764.465,17.19,56475.2533,17.32,59173.615,17.358,52272.062,17.3975,43508.6538,17.426,40162.921,17.4647,36256.0873,17.4505,35222.386
671,20161201,002557.SZ,17.36,17.44,17.25,17.31,17.38,-0.07,-0.4,50889.16,88137.86,1.0037,1.17,17.345,62392.995,17.4667,64018.23,17.4775,54180.135,17.478,48555.014,17.4825,41743.6063,17.488,37273.002,17.506,35531.2613,17.4845,35037.4825
672,20161130,002557.SZ,17.62,17.88,17.3,17.38,17.71,-0.33,-1.86,73896.83,129510.271,1.4575,2.07,17.545,70582.765,17.5333,55277.1267,17.52,47971.4775,17.498,43456.332,17.5088,38262.535,17.5,34840.554,17.5087,34455.262,17.495,34013.304
673,20161129,002557.SZ,17.53,17.73,17.45,17.71,17.51,0.2,1.14,67268.7,118556.388,1.3268,2.37,17.61,45967.275,17.5667,39329.6933,17.5275,35846.2075,17.522,35728.694,17.5238,30993.0038,17.521,29746.524,17.502,31788.5247,17.4965,32155.349
674,20161128,002557.SZ,17.48,17.57,17.42,17.51,17.48,0.03,0.17,24665.85,43188.612,0.4865,0.88,17.495,25360.19,17.4667,25372.0433,17.475,27843.6925,17.492,28378.832,17.4888,25905.0013,17.512,26619.658,17.49,28888.3947,17.495,31192.805
675,20161125,002557.SZ,17.41,17.5,17.17,17.48,17.41,0.07,0.4,26054.53,45261.143,0.5139,1.0,17.445,25725.14,17.4633,28902.9733,17.4875,29307.0775,17.494,28053.78,17.4988,25691.3363,17.518,28248.1,17.4813,29539.1607,17.498,33357.5785
676,20161124,002557.SZ,17.57,17.57,17.38,17.41,17.5,-0.09,-0.51,25395.75,44304.552,0.5009,0.97,17.455,30327.195,17.49,30391.26,17.4975,28553.5925,17.498,25990.99,17.5163,26934.525,17.52,29019.385,17.4867,30531.6387,17.4955,33987.3245
677,20161123,002557.SZ,17.56,17.67,17.47,17.5,17.56,-0.06,-0.34,35258.64,62024.987,0.6954,1.48,17.53,32889.015,17.5267,29606.2067,17.52,26139.8,17.502,26224.776,17.5363,28878.84,17.514,29954.727,17.494,30865.628,17.495,34534.9585
678,20161122,002557.SZ,17.52,17.6,17.45,17.56,17.52,0.04,0.23,30519.39,53473.626,0.602,1.23,17.54,26779.99,17.5267,23100.1867,17.5025,23966.31,17.52,23764.354,17.5363,28692.4325,17.492,29818.44,17.488,30964.234,17.4925,36511.8675
679,20161121,002557.SZ,17.41,17.55,17.4,17.52,17.5,0.02,0.11,23040.59,40274.02,0.4544,0.81,17.51,19390.585,17.4833,21781.95,17.51,22075.595,17.532,24860.484,17.51,29221.155,17.489,29143.176,17.496,32130.796,17.4795,38611.2365
680,20161118,002557.SZ,17.38,17.52,17.37,17.5,17.43,0.07,0.4,15740.58,27477.886,0.3105,0.49,17.465,21152.63,17.5067,21753.93,17.535,25315.4575,17.542,28442.42,17.48,30578.0525,17.475,30281.851,17.4993,35125.5113,17.477,41740.7115
681,20161117,002557.SZ,17.53,17.58,17.36,17.43,17.59,-0.16,-0.91,26564.68,46336.145,0.524,0.79,17.51,24760.605,17.5467,28507.0833,17.5525,31617.88,17.542,32047.78,17.4838,31581.3238,17.481,32801.963,17.4947,36652.7693,17.4825,43682.1575
682,20161116,002557.SZ,17.63,17.63,17.47,17.59,17.62,-0.03,-0.17,22956.53,40345.908,0.4528,0.64,17.605,29478.285,17.5933,33302.28,17.57,33418.555,17.526,33684.678,17.4775,32564.1563,17.49,33186.054,17.4927,37305.0193,17.5075,44323.4485
683,20161115,002557.SZ,17.56,17.68,17.45,17.62,17.57,0.05,0.28,36000.04,63276.299,0.7101,1.08,17.595,38475.155,17.5633,36905.8967,17.51,36366.715,17.464,35872.526,17.4738,34812.3025,17.472,34564.174,17.4833,40761.0387,17.5305,44750.7305
684,20161114,002557.SZ,17.49,17.62,17.45,17.57,17.5,0.07,0.4,40950.27,71763.343,0.8077,1.27,17.535,37358.825,17.4733,36488.94,17.425,35840.6475,17.446,33425.868,17.4613,34112.9963,17.478,35765.952,17.462,43194.8207,17.5715,45318.497
685,20161111,002557.SZ,17.43,17.53,17.3,17.5,17.35,0.15,0.86,33767.38,58883.777,0.666,1.01,17.425,34258.275,17.3767,34137.44,17.415,31544.7675,17.408,32121.282,17.4413,33586.4288,17.478,38467.057,17.4553,46173.4753,17.586,44122.8645
686,20161110,002557.SZ,17.36,17.48,17.28,17.35,17.28,0.07,0.41,34749.17,60519.051,0.6854,1.06,17.315,34322.47,17.3867,30803.8967,17.385,31709.7575,17.42,33556.146,17.4638,35367.7338,17.471,38955.264,17.4627,47560.2833,17.6145,43326.2435
687,20161109,002557.SZ,17.47,17.57,17.08,17.28,17.53,-0.25,-1.43,33895.77,58705.209,0.6686,1.02,17.405,28831.26,17.3967,30696.62,17.4375,33257.89,17.454,32687.43,17.4913,39519.2525,17.476,39115.19,17.5013,47869.7053,17.6495,42543.034
688,20161108,002557.SZ,17.44,17.56,17.38,17.53,17.38,0.15,0.86,23766.75,41491.981,0.4688,0.62,17.455,29097.045,17.49,33045.2633,17.4975,32385.345,17.48,33255.822,17.51,40113.4625,17.493,43205.295,17.5527,47710.132,17.6895,41776.3795
689,20161107,002557.SZ,17.49,17.65,17.29,17.38,17.56,-0.18,-1.03,34427.34,60198.155,0.679,0.77,17.47,37684.52,17.4867,35258.21,17.4675,35628.09,17.51,38106.036,17.4938,41686.1725,17.47,48079.297,17.6133,49282.7067,17.7215,42279.292
690,20161104,002557.SZ,17.54,17.74,17.45,17.56,17.52,0.04,0.23,40941.7,72011.695,0.8075,0.92,17.54,35673.645,17.4967,36028.34,17.5425,39025.71,17.548,44812.832,17.5025,46732.3575,17.479,53199.572,17.6453,48123.392,17.763,42286.827
691,20161103,002557.SZ,17.41,17.65,17.4,17.52,17.41,0.11,0.63,30405.59,53315.56,0.5997,0.67,17.465,33571.66,17.5367,38387.0467,17.545,45780.615,17.522,44354.382,17.47,50677.9913,17.484,54562.352,17.6793,46582.9427,17.7755,41363.8415
692,20161102,002557.SZ,17.59,17.67,17.4,17.41,17.68,-0.27,-1.53,36737.73,64349.876,0.7246,0.69,17.545,42377.775,17.5533,50905.6233,17.5225,47841.58,17.498,45542.95,17.4638,57581.0538,17.525,55460.843,17.7147,45828.2353,17.784,40670.105
693,20161101,002557.SZ,17.57,17.7,17.5,17.68,17.57,0.11,0.63,48017.82,84638.107,0.9471,0.83,17.625,57989.57,17.56,51542.8633,17.52,47744.255,17.506,53154.768,17.4888,59810.025,17.589,54937.287,17.7593,44616.5653,17.7895,39424.8825
694,20161031,002557.SZ,17.39,17.75,17.3,17.57,17.43,0.14,0.8,67961.32,119478.575,1.3405,1.1,17.5,53305.385,17.4667,47653.0667,17.4625,54439.005,17.43,58052.558,17.52,58731.61,17.665,54871.042,17.792,43670.3773,17.782,37766.766
695,20161028,002557.SZ,17.42,17.51,17.36,17.43,17.4,0.03,0.17,38649.45,67447.2244,0.7623,0.6,17.415,37498.94,17.4267,49931.5667,17.395,55575.3675,17.41,61586.312,17.58,54174.2163,17.694,49778.672,17.8347,41444.8253,17.7705,35225.0
696,20161027,002557.SZ,17.42,17.46,17.33,17.4,17.45,-0.05,-0.29,36348.43,63216.7567,0.7169,0.56,17.425,55572.625,17.3833,61217.34,17.405,67320.5275,17.446,64770.322,17.7063,55262.4563,17.758,47697.223,17.86,40366.9947,17.78,34298.1735
697,20161026,002557.SZ,17.34,17.45,17.19,17.45,17.3,0.15,0.87,74796.82,129502.417,1.4753,1.32,17.375,73651.795,17.4067,77644.56,17.4575,71875.795,17.552,65378.736,17.7638,52848.605,17.823,45970.878,17.8793,39045.8233,17.7985,33350.7215
698,20161025,002557.SZ,17.41,17.48,17.24,17.3,17.47,-0.17,-0.97,72506.77,125621.15,1.4301,1.4,17.385,79068.43,17.46,70902.12,17.5775,63024.215,17.672,56719.806,17.8413,45728.3725,17.886,40347.464,17.884,34848.254,17.8135,30209.2805
699,20161024,002557.SZ,17.25,17.62,17.2,17.47,17.61,-0.14,-0.8,85630.09,148471.1008,1.689,2.26,17.54,70099.795,17.67,59863.3633,17.765,52773.065,17.9,51689.526,17.935,39050.6488,17.973,36479.287,17.8993,31004.8353,17.834,27283.638
700,20161021,002557.SZ,17.95,18.02,17.51,17.61,17.93,-0.32,-1.78,54569.5,96681.7906,1.0763,1.78,17.77,46980.0,17.8633,41820.7233,18.0075,43204.385,17.978,37971.032,18.0113,30667.2225,18.047,31374.082,17.8907,26437.896,17.8505,23821.812
701,20161020,002557.SZ,18.12,18.12,17.84,17.93,18.05,-0.12,-0.66,39390.5,70671.2932,0.7769,1.48,17.99,35446.335,18.14,39416.0133,18.07,33821.415,18.07,30624.124,18.0813,28074.16,18.067,28165.331,17.8913,24140.7907,17.8535,21953.845
702,20161019,002557.SZ,18.38,18.44,17.93,18.05,18.44,-0.39,-2.12,31502.17,57196.1831,0.6213,1.31,18.245,39428.77,18.1167,31965.0533,18.105,28432.53,18.094,26563.02,18.1163,27472.6025,18.043,25879.367,17.8807,22674.7167,17.839,20660.8465
703,20161018,002557.SZ,17.83,18.5,17.82,18.44,17.86,0.58,3.25,47355.37,86127.6309,0.934,2.23,18.15,32196.495,18.1233,27409.3167,18.105,25328.2325,18.1,23975.122,18.0863,26345.08,17.99,23912.478,17.8607,21372.4387,17.8115,21518.4085
704,20161017,002557.SZ,18.1,18.13,17.81,17.86,18.07,-0.21,-1.16,17037.62,30661.1046,0.336,0.69,17.965,17436.29,17.9933,17985.8533,18.015,18130.06,18.046,21269.048,17.9925,22492.0163,17.899,20662.49,17.812,19148.342,17.802,20716.8515
705,20161014,002557.SZ,18.08,18.14,17.95,18.07,18.05,0.02,0.11,17834.96,32185.4562,0.3518,0.69,18.06,18459.97,18.0667,18494.2067,18.0925,22326.905,18.116,24777.132,17.95,21841.4738,17.847,20671.328,17.808,19105.4053,17.8225,22045.739
706,20161013,002557.SZ,18.08,18.17,17.97,18.05,18.08,-0.03,-0.17,19084.98,34507.4045,0.3764,0.76,18.065,18823.83,18.1,23824.22,18.1275,26512.675,18.064,25706.538,17.8825,21469.04,17.802,20899.124,17.7813,19063.752,17.853,22354.1115
707,20161012,002557.SZ,18.13,18.29,18.0,18.08,18.17,-0.09,-0.5,18562.68,33695.2019,0.3661,0.78,18.125,26193.84,18.1533,28988.5733,18.0675,27361.9275,17.992,25195.714,17.7938,21224.1675,17.774,20730.565,17.754,18693.4553,17.878,22293.403
708,20161011,002557.SZ,18.24,18.37,18.12,18.17,18.21,-0.04,-0.22,33825.0,61783.9381,0.6672,1.69,18.19,34201.52,18.0633,30295.01,17.97,26853.9725,17.88,23849.834,17.7363,21417.9475,17.741,20071.097,17.7153,20699.504,17.8975,23099.146
709,20161010,002557.SZ,17.81,18.27,17.81,18.21,17.81,0.4,2.25,34578.04,62669.0253,0.682,2.09,18.01,28530.015,17.9033,24530.2967,17.8075,21356.0425,17.752,20055.932,17.6863,19364.7463,17.695,18087.989,17.7207,20532.786,17.906,22975.1295
710,20160930,002557.SZ,17.65,17.93,17.6,17.81,17.69,0.12,0.68,22481.99,40005.2225,0.4434,1.4,17.75,19506.425,17.6733,16948.71,17.6375,16425.405,17.578,16565.524,17.6288,16538.4913,17.654,16269.542,17.7247,21135.2747,17.9225,22258.9135
711,20160929,002557.SZ,17.6,17.8,17.52,17.69,17.52,0.17,0.97,16530.86,29262.2351,0.3261,1.02,17.605,14182.07,17.58,14406.5433,17.52,15086.4075,17.54,16091.71,17.6163,15477.4825,17.64,15742.359,17.7827,21236.636,17.9695,22311.519
712,20160928,002557.SZ,17.52,17.72,17.45,17.52,17.53,-0.01,-0.06,11833.28,20808.2484,0.2334,0.73,17.525,13344.385,17.4633,14604.9233,17.5025,15981.9225,17.556,16265.416,17.63,15460.3213,17.635,15442.326,17.84,21325.966,18.03,22533.381
713,20160927,002557.SZ,17.38,17.54,17.28,17.53,17.34,0.19,1.1,14855.49,25818.0316,0.293,0.92,17.435,15990.745,17.4967,17364.8033,17.565,17373.45,17.602,16292.36,17.6488,16132.4313,17.633,19124.339,17.9033,22848.9167,18.0925,22880.471
714,20160926,002557.SZ,17.52,17.65,17.32,17.34,17.62,-0.28,-1.59,17126.0,29983.2954,0.3378,1.07,17.48,18619.46,17.5767,18212.77,17.62,16651.5775,17.638,16120.046,17.6625,15966.8113,17.705,20771.213,17.9573,23948.1953,18.158,23650.043
715,20160923,002557.SZ,17.78,17.88,17.52,17.62,17.77,-0.15,-0.84,20112.92,35475.415,0.3967,1.31,17.695,18756.155,17.7133,16493.4367,17.7125,15868.5575,17.73,15973.56,17.6825,19907.7375,17.798,23420.15,18.0373,24156.71,18.229,24570.515
716,20160922,002557.SZ,17.8,18.02,17.73,17.77,17.75,0.02,0.11,17399.39,31097.178,0.3432,1.19,17.76,14683.695,17.7433,14453.77,17.7575,14938.72,17.74,15393.008,17.7613,21309.1513,17.904,23809.099,18.1127,24384.7887,18.2855,24764.502
717,20160921,002557.SZ,17.7,17.83,17.69,17.75,17.71,0.04,0.23,11968.0,21255.4325,0.2361,0.55,17.73,12980.96,17.7533,14118.4967,17.7325,14891.4125,17.714,14619.236,17.8238,24586.1488,17.982,23856.241,18.188,24622.7027,18.339,25423.756
718,20160920,002557.SZ,17.85,17.87,17.64,17.71,17.8,-0.09,-0.51,13993.92,24835.9825,0.276,0.55,17.755,15193.745,17.7267,15865.8833,17.705,15282.045,17.664,21956.318,17.94,26090.45,18.054,26127.195,18.256,25076.508,18.3975,26183.273
719,20160919,002557.SZ,17.6,17.9,17.56,17.8,17.67,0.13,0.74,16393.57,29199.756,0.3233,0.53,17.735,16801.865,17.7033,15711.42,17.6525,23946.9175,17.772,25422.38,18.045,26575.0613,18.117,27862.27,18.3313,26160.042,18.4575,26495.834
720,20160914,002557.SZ,17.57,17.75,17.49,17.67,17.64,0.03,0.17,17210.16,30413.5812,0.3395,0.53,17.655,15370.345,17.6033,26464.7,17.765,27679.5825,17.866,30866.74,18.1288,28860.5575,18.191,28248.285,18.3953,27436.1667,18.51,27031.35
721,20160913,002557.SZ,17.6,17.69,17.51,17.64,17.5,0.14,0.8,13530.53,23836.913,0.2669,0.41,17.57,31091.97,17.7967,31169.39,17.915,34280.885,18.068,32225.19,18.2125,30627.3713,18.299,28880.679,18.4673,27888.3333,18.5765,27785.674
722,20160912,002557.SZ,18.0,18.09,17.48,17.5,18.25,-0.75,-4.11,48653.41,86233.4343,0.9596,1.61,17.875,39988.82,18.0067,41197.67,18.175,36898.855,18.25,33093.246,18.325,31467.77,18.425,29624.436,18.5473,29025.2627,18.6425,29441.583
723,20160909,002557.SZ,18.3,18.38,18.1,18.25,18.27,-0.02,-0.11,31324.23,57159.8474,0.6178,1.03,18.26,37469.8,18.4,32980.67,18.4375,29203.205,18.444,30298.072,18.4813,28327.8563,18.552,26636.603,18.642,27592.258,18.717,29795.2055
724,20160908,002557.SZ,18.68,18.75,18.2,18.27,18.68,-0.41,-2.19,43615.37,80389.9386,0.8603,1.7,18.475,33808.89,18.5,28496.1967,18.4925,30041.5325,18.462,30302.16,18.5625,27033.34,18.611,26528.873,18.686,26853.652,18.742,29671.8215
725,20160907,002557.SZ,18.55,18.82,18.51,18.68,18.55,0.13,0.7,24002.41,44909.8125,0.4734,0.94,18.615,20936.61,18.5667,25516.92,18.51,26973.8575,18.516,25629.83,18.625,23928.3038,18.66,25720.88,18.7247,25752.8867,18.7675,28837.642
726,20160906,002557.SZ,18.4,18.6,18.21,18.55,18.47,0.08,0.43,17870.81,32935.0304,0.3525,0.68,18.51,26274.175,18.4533,27964.34,18.475,26036.685,18.53,25536.168,18.645,24708.8688,18.667,25719.905,18.746,26305.8353,18.7835,28770.6295
727,20160905,002557.SZ,18.31,18.5,18.14,18.47,18.34,0.13,0.71,34677.54,63452.3122,0.684,1.51,18.405,33011.105,18.45,28758.6433,18.525,27452.5075,18.6,26155.626,18.6713,26916.9475,18.696,26991.271,18.7733,28224.362,18.818,29271.0885
728,20160902,002557.SZ,18.54,18.58,18.18,18.34,18.54,-0.2,-1.08,31344.67,57522.6673,0.6182,1.38,18.44,25799.195,18.5433,25044.1633,18.6325,24025.1475,18.66,22975.134,18.7063,25581.3375,18.741,26239.351,18.808,29627.5833,18.858,29328.477
729,20160901,002557.SZ,18.76,18.85,18.5,18.54,18.75,-0.21,-1.12,20253.72,37731.2388,0.3995,0.78,18.645,21893.91,18.73,21585.3067,18.74,20882.75,18.76,22755.586,18.7688,25486.3125,18.798,25129.398,18.8353,29461.7087,18.89,32109.8425
730,20160831,002557.SZ,18.88,19.05,18.71,18.75,18.9,-0.15,-0.79,23534.1,44428.9116,0.4642,0.91,18.825,22251.1,18.8067,21092.4267,18.815,23381.0525,18.804,25811.93,18.8163,26349.39,18.829,25814.415,18.8513,29906.9127,18.929,34673.588
731,20160830,002557.SZ,18.84,19.08,18.79,18.9,18.77,0.13,0.69,20968.1,39756.3736,0.4136,0.75,18.835,19871.59,18.8367,23330.0367,18.8175,26381.3875,18.804,25903.642,18.8363,25938.27,18.854,26690.669,18.868,29848.7833,18.925,35171.3365
732,20160829,002557.SZ,18.84,18.89,18.71,18.77,18.84,-0.07,-0.37,18775.08,35294.5664,0.3703,0.64,18.805,24511.005,18.79,28185.8167,18.78,27137.5275,18.792,27826.916,18.83,26705.2438,18.86,29258.73,18.8907,30309.576,18.9125,35891.05
733,20160826,002557.SZ,18.75,18.94,18.55,18.84,18.76,0.08,0.43,30246.93,56802.9219,0.5966,1.1,18.8,32891.185,18.7833,29925.01,18.7975,30089.875,18.822,29503.568,18.8588,28395.4388,18.882,32953.808,18.924,31446.258,18.9005,41128.8295
734,20160825,002557.SZ,18.62,18.78,18.4,18.76,18.75,0.01,0.05,35535.44,66064.0474,0.7009,1.38,18.755,29764.05,18.7833,30037.5233,18.8175,29317.7275,18.836,27503.21,18.8738,30445.6613,18.873,32814.77,18.9333,35227.928,18.9705,42647.8175
735,20160824,002557.SZ,18.84,18.95,18.7,18.75,18.84,-0.09,-0.48,23992.66,45069.2954,0.4732,0.87,18.795,27288.565,18.8367,27245.1567,18.855,25495.1525,18.854,25816.9,18.9025,32969.4638,18.875,31954.404,18.9707,37627.474,19.0605,45494.132
736,20160823,002557.SZ,18.91,19.05,18.79,18.84,18.92,-0.08,-0.42,30584.47,57850.1448,0.6032,1.0,18.88,28871.405,18.89,25995.9833,18.88,26272.96,18.904,27477.696,18.9025,33577.45,18.9,31821.354,18.9653,38260.568,19.0995,48153.55
737,20160822,002557.SZ,18.92,19.05,18.7,18.92,18.91,0.01,0.05,27158.34,51254.3683,0.5357,0.75,18.915,23701.74,18.8933,24835.79,18.92,26701.0025,18.928,30690.544,18.895,33120.8638,18.94,31550.906,18.9527,38579.0947,19.1725,49998.793
738,20160819,002557.SZ,18.83,18.94,18.75,18.91,18.85,0.06,0.32,20245.14,38130.4174,0.3993,0.53,18.88,23674.515,18.92,26548.5567,18.93,31573.595,18.942,36404.048,18.905,32558.8413,18.975,32417.603,18.9267,45003.9167,19.2295,52951.971
739,20160818,002557.SZ,19.0,19.04,18.79,18.85,19.0,-0.15,-0.79,27103.89,51225.4906,0.5346,0.71,18.925,29700.265,18.9367,35349.7467,18.95,40443.775,18.91,38126.33,18.9463,33513.1975,18.982,39090.287,19.0153,47696.02,19.259,54040.2115
740,20160817,002557.SZ,18.92,19.11,18.79,19.0,18.96,0.04,0.21,32296.64,61168.0475,0.637,0.89,18.98,39472.675,18.9833,44890.4033,18.925,40881.94,18.896,38091.908,18.9988,34603.375,19.029,43532.761,19.1293,52053.2093,19.287,55266.8275
741,20160816,002557.SZ,18.95,19.03,18.78,18.96,18.99,-0.03,-0.16,46648.71,88227.4991,0.9201,1.44,18.975,51187.285,18.9,43743.7067,18.87,39540.725,18.896,36165.012,18.9963,41437.7925,18.996,43652.004,19.1647,55045.5013,19.299,55284.48
742,20160815,002557.SZ,18.75,19.1,18.55,18.99,18.75,0.24,1.28,55725.86,105113.8911,1.0991,1.96,18.87,42291.205,18.84,37171.3967,18.88,33544.0875,18.952,32411.268,19.0413,44547.7825,18.965,42523.37,19.254,56434.876,19.316,55307.234
743,20160812,002557.SZ,18.46,18.84,18.46,18.75,18.78,-0.03,-0.16,28856.55,53934.7079,0.5692,0.72,18.765,27894.165,18.8433,26150.1633,18.9425,26582.62,19.008,28431.158,19.0013,41768.1838,18.919,49303.851,19.3253,58467.9453,19.342,54238.6005
744,20160811,002557.SZ,18.93,19.16,18.75,18.78,19.0,-0.22,-1.16,26931.78,51011.0422,0.5312,0.55,18.89,24796.97,19.0067,25824.6433,19.0725,28324.81,19.054,40054.244,18.9888,42581.4113,19.068,52480.865,19.3753,59344.8387,19.3845,54640.5255
745,20160810,002557.SZ,19.24,19.48,19.0,19.0,19.24,-0.24,-1.25,22662.16,43307.4486,0.447,0.44,19.12,25271.075,19.17,28789.1533,19.1225,43334.86,19.162,48973.614,18.9575,54656.2725,19.246,59033.86,19.4173,60991.8007,19.4355,54882.509
746,20160809,002557.SZ,19.13,19.28,19.02,19.24,19.27,-0.03,-0.16,27879.99,53494.6363,0.5499,0.53,19.255,31852.65,19.1633,50225.76,19.2025,55551.4775,19.096,51138.996,19.1125,59401.8388,19.299,64485.746,19.4333,61657.636,19.473,57187.2105
747,20160808,002557.SZ,18.9,19.4,18.81,19.27,18.98,0.29,1.53,35825.31,68632.9331,0.7066,0.51,19.125,61398.645,19.19,64775.3067,19.06,56953.7475,18.978,52635.472,19.2775,67474.5563,19.405,68446.68,19.4373,62939.2227,19.513,61536.0895
748,20160805,002557.SZ,19.1,19.8,18.96,18.98,19.32,-0.34,-1.76,86971.98,168258.7913,1.7154,1.34,19.15,79250.305,18.99,63996.56,18.905,56838.0125,18.83,70176.544,19.31,72644.02,19.484,73486.339,19.4533,62841.0813,19.494,62630.186
749,20160804,002557.SZ,18.67,19.38,18.6,19.32,18.67,0.65,3.48,71528.63,135810.5113,1.4108,1.04,18.995,52508.85,18.88,46793.3567,18.7925,65977.685,19.082,64907.486,19.475,70208.6888,19.536,68990.136,19.4947,59502.6193,19.4925,61213.799
750,20160803,002557.SZ,18.51,18.73,18.5,18.67,18.65,0.02,0.11,33489.07,62322.4931,0.6605,0.43,18.66,34425.72,18.6167,64127.37,19.0225,63252.2,19.33,69094.106,19.5675,72045.3475,19.545,67000.894,19.5267,56852.1407,19.4905,60133.301
751,20160802,002557.SZ,18.5,18.74,18.39,18.65,18.53,0.12,0.65,35362.37,65798.8218,0.6975,0.42,18.59,79446.52,19.14,73173.2433,19.495,77995.365,19.502,77832.496,19.6713,73110.4575,19.602,66916.956,19.5987,59203.282,19.5225,61090.4695
752,20160801,002557.SZ,19.99,19.99,18.4,18.53,20.24,-1.71,-8.45,123530.67,233968.1433,2.4365,1.61,19.385,92078.68,19.7767,92206.3633,19.715,88450.0275,19.832,84257.888,19.7663,75144.6875,19.667,68091.098,19.6913,64502.962,19.549,62537.222
753,20160729,002557.SZ,20.45,20.68,20.18,20.24,20.56,-0.32,-1.56,60626.69,124107.7085,1.1958,0.83,20.4,76544.21,20.11,76756.48,20.1575,74439.6925,20.138,76796.134,19.855,63784.565,19.765,59173.35,19.7153,60114.7333,19.5915,60329.7255
754,20160728,002557.SZ,19.53,20.57,19.42,20.56,19.53,1.03,5.27,92461.73,185488.6169,1.8237,1.42,20.045,84821.375,20.13,79044.0267,20.1125,80838.495,19.99,73072.786,19.7375,62094.2025,19.701,56800.186,19.6293,59982.57,19.5245,59773.9975
755,20160727,002557.SZ,20.18,20.47,19.1,19.53,20.3,-0.77,-3.79,77181.02,152082.3022,1.5223,1.38,19.915,72335.175,19.9633,76964.0833,19.8475,68225.55,19.76,64907.682,19.6063,54830.635,19.625,50731.158,19.544,57146.366,19.4285,56947.467
756,20160726,002557.SZ,20.08,20.4,19.9,20.3,20.06,0.24,1.2,67489.33,135860.9658,1.3312,1.3,20.18,76855.615,19.9533,65240.3933,19.8175,61839.3475,19.702,56001.416,19.615,49794.8888,19.647,49888.675,19.5293,55509.794,19.376,55840.021
757,20160725,002557.SZ,19.37,20.21,19.37,20.06,19.5,0.56,2.87,86221.9,172413.9943,1.7006,2.08,19.78,64115.925,19.6567,59956.02,19.5525,53129.4375,19.502,51924.308,19.5525,45330.1538,19.621,54625.499,19.4547,55297.0,19.3,54444.089
758,20160722,002557.SZ,19.37,19.63,19.2,19.5,19.41,0.09,0.46,42009.95,81686.5255,0.8286,1.04,19.455,46823.08,19.3833,42098.6167,19.3625,43349.91,19.392,41550.566,19.5138,43146.94,19.504,51774.033,19.4093,54840.9227,19.2255,52094.148
759,20160721,002557.SZ,19.26,19.68,19.25,19.41,19.24,0.17,0.88,51636.21,100611.8758,1.0185,1.41,19.325,42142.95,19.3167,43796.5633,19.365,41435.72,19.412,40527.586,19.5813,52252.8925,19.449,53437.462,19.3693,55341.068,19.1595,52859.615
760,20160720,002557.SZ,19.37,19.44,19.19,19.24,19.3,-0.06,-0.31,32649.69,62950.4964,0.644,0.75,19.27,39876.74,19.35,38035.5567,19.4125,37750.43,19.49,36554.634,19.5163,53011.7712,19.436,53265.708,19.318,54294.062,19.124,52408.2885
761,20160719,002557.SZ,19.42,19.76,19.15,19.3,19.51,-0.21,-1.08,47103.79,91190.2141,0.9291,0.82,19.405,40728.49,19.47,39450.6767,19.5525,37530.87,19.592,43775.934,19.48,56261.09,19.443,55263.983,19.2673,55786.2227,19.0965,54494.5715
762,20160718,002557.SZ,19.5,19.7,19.22,19.51,19.6,-0.09,-0.46,34353.19,66695.9154,0.6776,0.55,19.555,35624.12,19.6367,34339.8967,19.665,42943.97,19.74,57326.69,19.4775,56612.95,19.431,56983.346,19.2327,55284.016,19.0735,54671.3835
763,20160715,002557.SZ,19.75,19.83,19.51,19.6,19.8,-0.2,-1.01,36895.05,72619.9049,0.7277,0.56,19.7,34333.25,19.7167,45807.5633,19.7975,63070.065,19.616,61997.5,19.4525,58897.8562,19.418,61486.101,19.17,55608.6753,19.054,55978.121
764,20160714,002557.SZ,19.65,19.85,19.52,19.8,19.75,0.05,0.25,31771.45,62556.4882,0.6267,0.45,19.775,50263.82,19.8633,71795.07,19.62,68273.1125,19.486,66347.338,19.4,62323.1525,19.348,62747.809,19.0753,56970.2913,19.0515,57547.047
765,20160713,002557.SZ,20.0,20.15,19.53,19.75,20.04,-0.29,-1.45,68756.19,136033.6707,1.3561,1.03,19.895,91806.88,19.56,80440.3333,19.4075,74991.31,19.382,69976.782,19.3475,68274.3138,19.232,63163.776,19.002,57692.84,19.0045,58338.289
766,20160712,002557.SZ,18.9,20.27,18.84,20.04,18.89,1.15,6.09,114857.57,224867.3773,2.2654,2.03,19.465,86282.405,19.2933,77069.6833,19.29,70281.93,19.294,66752.032,19.2413,65868.8063,19.105,61791.367,18.9313,58067.4507,18.9845,57850.686
767,20160711,002557.SZ,18.91,19.31,18.74,18.89,18.95,-0.06,-0.32,57707.24,110154.342,1.1382,0.95,18.92,58175.74,19.04,55423.3833,19.1075,54725.6475,19.122,56640.002,19.0663,56003.0,18.979,54262.679,18.8513,53786.2813,18.9245,54991.9655
768,20160708,002557.SZ,19.28,19.28,18.91,18.95,19.28,-0.33,-1.71,58644.24,111375.2274,1.1567,0.99,19.115,54281.455,19.18,53731.7833,19.18,56373.1925,19.22,60974.702,19.015,55668.6075,18.947,52414.263,18.8667,53971.6613,18.946,53913.963
769,20160707,002557.SZ,19.33,19.6,19.16,19.28,19.31,-0.03,-0.16,49918.67,96635.3243,0.9846,0.89,19.295,51275.555,19.2567,55616.1767,19.2875,61557.3175,19.21,59148.28,18.9938,53284.4138,18.87,52281.768,18.9067,54613.6167,18.9935,52546.926
770,20160706,002557.SZ,19.19,19.36,18.97,19.31,19.18,0.13,0.68,52632.44,101141.8982,1.0381,0.93,19.245,58464.93,19.29,65436.8667,19.1925,61455.6825,19.082,56350.77,18.905,51947.465,18.812,51550.869,18.8787,54458.7913,19.0365,51649.483
771,20160705,002557.SZ,19.4,19.93,19.07,19.18,19.38,-0.2,-1.03,64297.42,125313.2262,1.2682,1.24,19.28,71839.08,19.1533,64396.7633,19.025,57280.3525,18.916,56830.702,18.7638,52533.3213,18.75,53725.16,18.8813,54883.5707,19.083,51194.747
772,20160704,002557.SZ,18.8,19.59,18.75,19.38,18.9,0.48,2.54,79380.74,153547.0273,1.5657,1.81,19.14,64446.435,18.9733,54941.33,18.85,54964.0225,18.836,51885.356,18.7038,49822.3538,18.716,52359.421,18.8587,54442.62,19.15,51086.8095
773,20160701,002557.SZ,18.63,19.0,18.57,18.9,18.64,0.26,1.39,49512.13,93017.8839,0.9766,1.09,18.77,42721.625,18.6733,46825.1167,18.7,45011.51,18.674,43853.824,18.6175,49196.68,18.69,50470.141,18.8547,51560.3833,19.17,49689.673
774,20160630,002557.SZ,18.51,18.79,18.49,18.64,18.48,0.16,0.87,35931.12,67036.7005,0.7087,0.77,18.56,45481.61,18.6333,43511.3033,18.6175,42439.2475,18.53,45415.256,18.61,49337.6675,18.755,52346.285,18.9213,50346.4747,19.223,50358.8115
775,20160629,002557.SZ,18.77,18.86,18.45,18.48,18.78,-0.3,-1.6,55032.1,102357.0757,1.0854,1.09,18.63,47301.395,18.61,44608.6233,18.5025,47786.29,18.542,46750.968,18.67,52407.27,18.777,53512.802,19.0213,50082.3873,19.2635,50849.464
776,20160628,002557.SZ,18.43,18.81,18.32,18.78,18.57,0.21,1.13,39570.69,73449.3973,0.7805,0.75,18.675,39396.885,18.51,45371.02,18.5575,44680.685,18.584,50619.618,18.8038,54062.4538,18.864,53910.005,19.1387,49316.0953,19.2775,49444.573
777,20160627,002557.SZ,18.09,18.6,18.0,18.57,18.18,0.39,2.15,39223.08,72041.703,0.7736,0.69,18.375,48271.185,18.4833,46384.0167,18.535,53381.85,18.596,52833.486,18.8138,55065.6538,18.87,55721.252,19.2547,50820.6273,19.296,48848.2925
778,20160624,002557.SZ,18.64,18.81,17.85,18.18,18.7,-0.52,-2.78,57319.29,105109.1608,1.1306,0.97,18.44,49964.485,18.5233,58101.44,18.6025,56236.0875,18.706,57086.458,18.9113,57538.285,18.945,55413.663,19.3353,51634.956,19.3345,49610.308
779,20160623,002557.SZ,18.5,18.87,18.45,18.7,18.69,0.01,0.05,42609.68,79503.2611,0.8404,0.71,18.695,58492.515,18.7433,55875.02,18.8375,57028.25,18.98,59277.314,18.9938,57583.7688,19.117,52812.084,19.454,52006.6633,19.4065,50943.1905
780,20160622,002557.SZ,18.68,18.77,18.29,18.69,18.84,-0.15,-0.8,74375.35,137454.5989,1.467,1.3,18.765,62507.69,18.8833,61834.44,19.05,63444.2225,19.012,60274.636,19.0713,56775.9575,19.261,51748.097,19.504,52215.6293,19.3845,50337.143
781,20160621,002557.SZ,19.15,19.26,18.77,18.84,19.12,-0.28,-1.46,50640.03,96367.2166,0.9988,0.86,18.98,55563.985,19.17,59800.5133,19.0925,56749.4575,19.144,57200.392,19.2225,51391.9763,19.416,48664.334,19.5087,49052.8913,19.391,48049.2465
782,20160620,002557.SZ,19.5,19.55,18.86,19.12,19.55,-0.43,-2.2,60487.94,115582.7656,1.1931,1.13,19.335,64380.755,19.1767,58785.9333,19.22,58840.4825,19.144,58609.018,19.385,49058.1988,19.584,49814.198,19.5293,47519.8947,19.4105,47225.306
783,20160617,002557.SZ,18.94,19.55,18.94,19.55,18.86,0.69,3.66,68273.57,131399.8255,1.3466,1.47,19.205,57934.93,19.2533,58291.33,19.15,58139.2875,19.184,53740.868,19.525,46939.4213,19.65,48909.205,19.544,47118.258,19.394,46338.4425
784,20160616,002557.SZ,19.28,19.28,18.8,18.86,19.35,-0.49,-2.53,47596.29,90477.5606,0.9388,1.1,19.105,53300.21,19.0167,54761.1933,19.0925,50107.6925,19.254,46346.854,19.6463,46172.5588,19.691,48371.338,19.5487,48165.1493,19.3415,46081.665
785,20160615,002557.SZ,18.76,19.45,18.6,19.35,18.84,0.51,2.71,59004.13,113041.3695,1.1638,1.47,19.095,58343.645,19.17,50944.8267,19.3525,46034.495,19.51,43221.558,19.7613,46652.7738,19.75,48186.126,19.5087,47024.6453,19.3785,47291.894
786,20160614,002557.SZ,19.1,19.3,18.63,18.84,19.32,-0.48,-2.48,57683.16,109041.3705,1.1377,1.41,19.08,46915.175,19.3533,41711.2833,19.55,39275.915,19.688,40128.276,19.8375,47139.12,19.691,44979.141,19.4733,44998.8647,19.426,46600.556
787,20160613,002557.SZ,19.8,20.03,19.32,19.32,19.9,-0.58,-2.91,36147.19,71128.2108,0.713,0.82,19.61,33725.345,19.7867,33140.1667,19.9,35739.555,20.024,41019.378,19.9138,45646.7463,19.722,41975.333,19.4993,43430.7353,19.4955,47063.5275
788,20160608,002557.SZ,20.12,20.12,19.75,19.9,20.14,-0.24,-1.19,31303.5,62249.3595,0.6174,0.62,20.02,31636.655,20.0933,35603.6767,20.2,42237.425,20.116,44077.542,19.8438,44495.1325,19.724,43806.953,19.464,43870.9673,19.524,48053.5125
789,20160607,002557.SZ,20.2,20.28,19.89,20.14,20.24,-0.1,-0.49,31969.81,64286.3816,0.6306,0.6,20.19,37753.765,20.3,45882.0667,20.17,47271.0525,20.128,50395.822,19.75,44037.83,19.696,49074.297,19.3707,45993.2687,19.5325,50841.138
790,20160606,002557.SZ,20.5,20.5,20.06,20.24,20.52,-0.28,-1.36,43537.72,88022.2716,0.8587,0.87,20.38,52838.195,20.18,52371.4667,20.125,55002.325,19.99,53150.694,19.65,46849.5275,19.508,48926.189,19.3347,48648.6727,19.5,50833.4575
791,20160603,002557.SZ,19.81,20.52,19.63,20.52,19.78,0.74,3.74,62138.67,125546.5167,1.2256,1.45,20.15,56788.34,20.0867,58823.86,19.9275,55553.9375,19.694,49830.006,19.5725,51904.43,19.366,47434.159,19.3387,48757.9827,19.463,52531.2405
792,20160602,002557.SZ,20.0,20.29,19.7,19.78,19.96,-0.18,-0.9,51438.01,102422.5045,1.0146,1.18,19.87,57166.455,19.73,53359.0267,19.4875,46752.84,19.42,42931.288,19.29,47948.1875,19.237,44636.414,19.3193,49078.244,19.412,52067.163
793,20160601,002557.SZ,19.44,19.98,19.4,19.96,19.45,0.51,2.62,62894.9,124402.0603,1.2405,1.32,19.705,54319.535,19.39,45191.1167,19.33,40804.6075,19.332,43536.364,19.17,45095.6138,19.138,43767.68,19.3267,49378.836,19.418,52699.013
794,20160531,002557.SZ,18.73,19.56,18.73,19.45,18.76,0.69,3.68,45744.17,88331.5867,0.9023,1.02,19.105,36339.225,19.12,33441.1767,19.175,38696.73,19.264,47752.772,19.0788,41503.9038,18.992,43791.992,19.334,50989.5767,19.423,56391.797
795,20160530,002557.SZ,19.13,19.15,18.7,18.76,19.15,-0.39,-2.04,26934.28,50963.2473,0.5312,0.6,18.955,27289.68,19.0833,36347.5833,19.2175,48254.9225,19.026,44701.684,18.9963,41129.7163,19.007,46397.662,19.3367,50061.0453,19.4855,57568.3175
796,20160527,002557.SZ,19.44,19.44,19.01,19.15,19.34,-0.19,-0.98,27645.08,53040.716,0.5453,0.6,19.245,41054.235,19.37,55361.8033,19.0925,49143.535,19.038,45038.312,18.9638,45655.1838,19.161,48221.971,19.386,53431.652,19.5525,60441.4045
797,20160526,002557.SZ,19.45,19.45,18.74,19.34,19.62,-0.28,-1.43,54463.39,104098.9038,1.0742,1.24,19.48,69220.165,19.0733,56309.6867,19.01,49386.62,19.054,46341.54,19.02,51174.6575,19.269,52151.722,19.4093,55112.4547,19.5785,63683.0365
798,20160525,002557.SZ,18.49,19.69,18.48,19.62,18.26,1.36,7.45,83976.94,160646.581,1.6563,2.11,18.94,57232.835,18.9,47694.3633,18.9825,44311.0775,18.944,43998.996,19.14,50013.905,19.324,52300.072,19.4467,55753.2293,19.5605,65178.0465
799,20160524,002557.SZ,18.85,18.9,18.15,18.26,18.82,-0.56,-2.98,30488.73,56297.6922,0.6014,0.63,18.54,29553.075,18.77,31089.1233,18.775,34004.51,18.72,39831.212,19.2163,47884.6113,19.369,52607.979,19.476,59271.472,19.4745,61631.2665
800,20160523,002557.SZ,18.95,19.0,18.7,18.82,18.73,0.09,0.48,28617.42,53955.771,0.5644,0.56,19.025,31389.32,18.9467,35176.4367,18.835,42166.8325,18.988,48093.64,19.42,51066.8813,19.492,52740.726,19.6387,61857.1953,19.4565,61078.4465
801,20160520,002557.SZ,18.68,19.34,18.55,19.23,18.79,0.44,2.34,34161.22,64797.8573,0.6738,0.59,19.01,38455.945,18.84,46683.3033,19.03,52962.695,19.284,51405.63,19.5763,58371.705,19.56,57628.322,19.724,65575.7687,19.408,60635.6095
802,20160519,002557.SZ,18.55,19.02,18.35,18.79,18.5,0.29,1.57,42750.67,79930.7494,0.8432,0.71,18.645,52944.345,18.9633,59229.8533,19.2975,55716.7325,19.484,57961.904,19.6088,58078.5775,19.587,59497.912,19.7533,69463.5353,19.3225,60289.626
803,20160518,002557.SZ,19.42,19.5,18.38,18.5,19.6,-1.1,-5.61,63138.02,119118.4873,1.2453,0.97,19.05,67469.445,19.4667,60038.7533,19.6575,61764.7125,19.704,60601.148,19.6975,62421.4163,19.698,61630.346,19.766,72237.73,19.252,60075.364
804,20160517,002557.SZ,20.32,20.47,19.49,19.6,20.3,-0.7,-3.45,71800.87,142043.4487,1.4162,1.25,19.95,58489.12,20.0433,61306.9433,20.005,59966.93,20.018,65384.746,19.8225,61136.3038,19.854,68991.602,19.726,68897.9513,19.25,58678.4475
805,20160516,002557.SZ,20.0,20.53,19.85,20.3,20.23,0.07,0.35,45177.37,91383.8925,0.8911,0.71,20.265,56059.98,20.14,56022.2833,20.1225,63780.715,19.996,57387.812,19.86,60170.5713,19.964,68738.973,19.6127,65406.7153,19.1755,57164.138
806,20160513,002557.SZ,19.76,20.55,19.56,20.23,19.89,0.34,1.71,66942.59,135427.2239,1.3204,1.1,20.06,61444.74,20.0633,69981.83,19.92,60440.4225,19.836,63851.014,19.83,71617.2225,19.944,72660.838,19.4493,63712.2693,19.1035,55854.744
807,20160512,002557.SZ,19.73,20.15,18.68,19.89,20.07,-0.18,-0.9,55946.89,110338.7564,1.1035,0.89,19.98,71501.45,19.8167,58273.0333,19.7375,63078.12,19.69,61033.92,19.8888,71908.7213,19.888,75214.351,19.2687,61065.5333,19.0315,53769.1585
808,20160511,002557.SZ,19.6,20.56,19.55,20.07,19.49,0.58,2.98,87056.01,175317.36,1.7171,1.2,19.78,59436.105,19.6867,65455.1967,19.64,62305.6775,19.692,62659.544,19.915,75464.8625,19.797,78056.021,19.1013,59900.1027,18.983,52644.5035
809,20160510,002557.SZ,19.32,19.71,19.12,19.49,19.5,-0.01,-0.05,31816.2,61848.8336,0.6275,0.4,19.495,54654.79,19.4967,54055.5667,19.5975,56560.4275,19.69,72598.458,19.865,76142.5763,19.58,70654.554,18.994,56443.0147,18.93,50026.53
810,20160509,002557.SZ,19.3,19.77,18.78,19.5,19.5,0.0,0.0,77493.38,149125.3962,1.5285,0.95,19.5,65175.25,19.6333,64808.5033,19.74,82794.0225,19.932,80090.134,19.8013,82711.0,19.421,69416.167,18.902,57089.58,18.9145,50472.718
811,20160506,002557.SZ,19.82,20.07,19.35,19.5,19.9,-0.4,-2.01,52857.12,103891.8574,1.0425,0.59,19.7,58466.065,19.82,84560.9033,20.04,80739.3225,20.052,81470.662,19.6013,74654.495,19.256,63642.897,18.8593,53189.3207,18.872,48272.162
812,20160505,002557.SZ,20.05,20.05,19.66,19.9,20.06,-0.16,-0.8,64075.01,126946.428,1.2638,0.69,19.98,100412.795,20.22,90033.39,20.19,88624.0475,20.086,89394.782,19.4013,70476.3963,19.058,61081.34,18.812,51347.5713,18.827,48489.644
813,20160504,002557.SZ,20.67,20.67,19.81,20.06,20.7,-0.64,-3.09,136750.58,274647.5469,2.6973,1.99,20.38,103012.58,20.2867,96807.06,20.1325,95724.725,19.902,93452.498,19.145,64937.105,18.806,58520.382,18.7467,49306.1567,18.7855,47600.7845
814,20160503,002557.SZ,20.09,20.97,19.71,20.7,20.1,0.6,2.99,69274.58,142214.7323,1.3664,1.18,20.4,76835.3,20.1567,82049.44,19.8625,82627.9775,19.47,68710.65,18.8275,51248.4763,18.646,48365.293,18.6767,42502.554,18.722,43392.6935
815,20160429,002557.SZ,19.5,20.29,19.26,20.1,19.67,0.43,2.19,84396.02,167314.2106,1.6646,1.84,19.885,88436.87,19.5833,87079.11,19.1625,68569.6675,18.91,58742.2,18.4125,47397.3325,18.387,45589.303,18.5753,40600.246,18.622,43283.483
816,20160428,002557.SZ,18.99,19.95,18.68,19.67,18.98,0.69,3.64,92477.72,179758.3115,1.824,2.82,19.325,88420.655,18.85,63294.2167,18.6125,52328.745,18.46,45815.132,18.2075,41247.7913,18.263,39048.65,18.4787,37205.9953,18.5265,43038.8635
817,20160427,002557.SZ,18.45,19.33,18.45,18.98,17.9,1.08,6.03,84363.59,159800.1118,1.664,3.58,18.44,48702.465,18.26,38945.7533,18.1575,34149.485,18.03,32767.898,18.0125,34877.4113,18.175,32323.966,18.4073,34854.598,18.4375,40532.7625
818,20160426,002557.SZ,17.85,18.12,17.68,17.9,17.9,0.0,0.0,13041.34,23303.0237,0.2572,0.47,17.9,16236.835,17.8833,17411.45,17.7925,19868.975,17.71,23588.266,17.9975,26705.6488,18.169,27232.986,18.4133,32316.88,18.348,39096.421
819,20160425,002557.SZ,17.71,18.1,17.53,17.9,17.85,0.05,0.28,19432.33,34658.1849,0.3833,0.6,17.875,19596.505,17.7567,22144.8533,17.6625,26224.9975,17.822,28019.936,18.1088,28229.3413,18.28,29398.506,18.4727,34953.3747,18.3605,43661.6245
820,20160422,002557.SZ,17.49,17.9,17.25,17.85,17.52,0.33,1.88,19760.68,34915.3876,0.3898,0.61,17.685,23501.115,17.5833,28489.22,17.8025,30166.8375,17.864,32436.406,18.2363,29982.0238,18.408,31529.269,18.526,38130.5773,18.3465,45211.477
821,20160421,002557.SZ,17.33,17.83,17.26,17.52,17.38,0.14,0.81,27241.55,47825.5414,0.5373,0.85,17.45,32853.49,17.7867,33635.5567,17.8675,35605.3375,18.066,32282.168,18.3813,31849.0063,18.488,32901.427,18.5487,42113.4407,18.334,46153.199
822,20160420,002557.SZ,18.4,18.5,17.01,17.38,18.46,-1.08,-5.85,38465.43,67867.115,0.7587,1.25,17.92,36832.56,17.9833,38393.2667,18.2025,33542.3225,18.32,31880.034,18.5888,33536.3075,18.596,35897.948,18.5733,43121.0507,18.3485,46576.8785
823,20160419,002557.SZ,18.2,18.5,18.0,18.46,18.11,0.35,1.93,35199.69,64046.5832,0.6943,1.14,18.285,38357.185,18.4767,31901.2867,18.555,30233.685,18.628,30877.706,18.7475,32913.4113,18.765,36681.187,18.5607,44265.806,18.382,47228.3415
824,20160418,002557.SZ,18.41,18.69,18.05,18.11,18.86,-0.75,-3.98,41514.68,75519.1792,0.8188,1.36,18.485,30252.085,18.5867,28578.35,18.67,29797.21,18.738,30777.076,18.765,35664.295,18.798,38420.094,18.54,48875.5207,18.363,48585.734
825,20160415,002557.SZ,18.8,18.92,18.63,18.86,18.79,0.07,0.37,18989.49,35634.437,0.3745,0.57,18.825,22110.185,18.8567,25891.3867,18.895,28092.675,18.952,30622.132,18.885,36262.1875,18.857,40977.663,18.5073,49469.834,18.364,49993.3145
826,20160414,002557.SZ,18.92,19.0,18.6,18.79,18.92,-0.13,-0.69,25230.88,47263.7045,0.4977,0.63,18.855,29342.335,18.9067,31127.07,18.975,33530.2925,18.91,33520.686,18.8763,40462.0963,18.79,47029.077,18.4233,50776.876,18.3145,52377.379
827,20160413,002557.SZ,18.88,19.2,18.8,18.92,19.01,-0.09,-0.47,33453.79,63647.8638,0.6598,0.79,18.965,34075.165,19.0367,36296.7633,18.94,35593.1375,18.872,39915.862,18.865,45694.5325,18.7,48741.559,18.358,51475.8267,18.25,53843.6765
828,20160412,002557.SZ,19.15,19.16,18.6,19.01,19.18,-0.17,-0.89,34696.54,65249.2871,0.6843,0.75,19.095,37718.25,18.9467,36306.2533,18.86,41531.38,18.902,42484.668,18.7738,51450.7625,18.527,50959.856,18.3,52678.5533,18.174,54859.596
829,20160411,002557.SZ,18.9,19.25,18.65,19.18,18.65,0.53,2.84,40739.96,77806.0235,0.8035,0.79,18.915,37111.11,18.81,43809.66,18.875,44431.7,18.858,46063.112,18.6338,52408.1575,18.441,57924.743,18.238,54521.9533,18.074,55319.892
830,20160408,002557.SZ,18.4,18.9,18.2,18.65,18.6,0.05,0.27,33482.26,61943.9608,0.6604,0.55,18.625,45344.51,18.7733,45662.28,18.7775,47393.9,18.762,51333.194,18.385,54270.2575,18.285,58893.685,18.168,56450.3753,17.941,54681.05
831,20160407,002557.SZ,19.14,19.14,18.21,18.6,19.07,-0.47,-2.46,57206.76,106730.8328,1.1283,0.99,18.835,51752.29,18.82,52031.1133,18.79,55795.9275,18.67,60537.468,18.3225,63128.1513,18.18,59404.971,18.116,58662.9433,17.8215,54576.267
832,20160406,002557.SZ,18.69,19.13,18.52,19.07,18.79,0.28,1.49,46297.82,87166.646,0.9132,0.78,18.93,49443.29,18.8533,55325.65,18.6875,61370.145,18.528,57567.256,18.2,62280.9788,18.101,57255.809,18.0427,58486.2813,17.7165,54373.197
833,20160405,002557.SZ,18.7,19.02,18.4,18.79,18.7,0.09,0.48,52588.76,98639.2914,1.0373,0.75,18.745,59839.565,18.56,66394.2533,18.3925,60384.615,18.152,59435.044,18.0163,61318.1413,17.999,57775.496,17.9313,58984.572,17.576,53479.455
834,20160401,002557.SZ,17.9,18.75,17.85,18.7,18.19,0.51,2.8,67090.37,123287.6469,1.3233,1.01,18.445,73297.0,18.26,62983.2333,17.9925,61146.615,18.024,69786.374,17.8938,59208.9388,17.928,58751.374,17.8127,58405.4853,17.443,52197.912
835,20160331,002557.SZ,18.0,18.43,18.0,18.19,17.89,0.3,1.68,79503.63,145139.2215,1.5681,1.36,18.04,60929.665,17.7567,59165.3633,17.855,70460.375,17.808,66454.176,17.8125,57259.4788,17.871,59008.966,17.6673,55797.002,17.3055,50484.1655
836,20160330,002557.SZ,17.33,17.98,17.3,17.89,17.19,0.7,4.07,42355.7,74481.2148,0.8354,0.74,17.54,48996.23,17.7433,67445.9567,17.7125,63191.8125,17.69,58272.474,17.7988,55114.9675,17.839,57725.681,17.5387,52589.2,17.229,48307.1505
837,20160329,002557.SZ,18.0,18.08,17.15,17.19,18.15,-0.96,-5.29,55636.76,97349.5298,1.0974,0.99,17.67,79991.085,17.6533,70137.1833,17.64,62251.6675,17.674,56944.362,17.8288,58528.7913,17.8,58945.794,17.446,53308.5107,17.1795,49431.2595
838,20160328,002557.SZ,17.75,18.45,17.6,18.15,17.62,0.53,3.01,104345.41,188513.6005,2.0581,2.19,17.885,77387.395,17.79,64456.6367,17.795,57271.2625,17.846,56115.948,17.9138,59908.0438,17.821,58759.336,17.384,51494.2587,17.14,48803.959
839,20160325,002557.SZ,17.59,17.84,17.3,17.62,17.6,0.02,0.11,50429.38,88800.3048,0.9947,0.98,17.61,44512.25,17.6767,41579.88,17.77,44058.5825,17.832,47716.374,17.8325,53684.4713,17.707,52715.041,17.2493,46335.0913,17.0445,46013.7965
840,20160324,002557.SZ,17.63,18.05,17.56,17.6,17.81,-0.21,-1.18,38595.12,68580.9448,0.7612,0.67,17.705,37155.13,17.82,41934.9833,17.885,47038.1225,17.934,51563.756,17.805,54102.3213,17.597,50468.415,17.138,45160.8287,17.0115,45613.4635
841,20160323,002557.SZ,17.89,17.95,17.6,17.81,18.05,-0.24,-1.33,35715.14,63475.4757,0.7044,0.59,17.93,43604.915,17.98,49852.4567,18.0175,54805.915,17.988,57178.888,17.7313,54765.7388,17.463,49747.563,17.0753,44985.376,16.9715,46178.523
842,20160322,002557.SZ,17.95,18.18,17.77,18.05,18.08,-0.03,-0.17,51494.69,92136.5518,1.0157,0.84,18.065,56921.115,18.0867,61169.5067,18.0325,62544.825,17.926,60947.226,17.57,53796.7363,17.332,51490.585,17.0147,46926.892,17.005,45750.843
843,20160321,002557.SZ,18.1,18.17,17.8,18.08,18.13,-0.05,-0.28,62347.54,111892.1551,1.2297,1.08,18.105,66006.915,18.0267,66228.2033,17.895,63310.36,17.796,61402.724,17.3463,51283.225,17.153,49183.414,16.9047,46366.6293,17.035,45103.3365
844,20160318,002557.SZ,17.87,18.16,17.72,18.13,17.87,0.26,1.46,69666.29,125271.9193,1.3741,1.41,18.0,68168.535,17.8333,63631.3,17.725,61166.52,17.582,57713.708,17.1488,50132.9525,16.958,45644.45,16.782,45446.2707,17.0405,43695.632
845,20160317,002557.SZ,17.37,17.95,17.35,17.87,17.5,0.37,2.11,66670.78,118437.6452,1.315,1.58,17.685,60613.805,17.59,58333.2633,17.445,54725.5625,17.26,49373.074,16.915,44977.5388,16.74,41959.365,16.704,43630.0327,17.0415,41875.9495
846,20160316,002557.SZ,17.46,17.73,17.22,17.5,17.4,0.1,0.57,54556.83,95303.8066,1.0761,1.3,17.45,54164.505,17.3033,50743.8233,17.1075,45048.6475,16.938,42316.238,16.6975,40013.4288,16.619,38888.62,16.6327,42511.7347,17.064,41783.6225
847,20160315,002557.SZ,17.13,17.6,16.94,17.4,17.01,0.39,2.29,53772.18,93752.9813,1.0606,1.45,17.205,48837.32,16.9767,41879.2533,16.7975,39256.09,16.738,42033.944,16.5038,37295.755,16.559,39916.725,16.698,40685.382,17.0935,41662.4035
848,20160314,002557.SZ,16.56,17.35,16.56,17.01,16.52,0.49,2.97,43902.46,74929.7394,0.8659,1.31,16.765,35932.79,16.5967,34417.3933,16.5725,39099.385,16.51,36964.104,16.4113,35069.6488,16.459,38848.582,16.7813,39670.2073,17.1325,42588.6585
849,20160311,002557.SZ,16.18,16.67,15.92,16.52,16.26,0.26,1.6,27963.12,45466.9806,0.5515,0.81,16.39,29674.86,16.4267,37498.36,16.385,35229.515,16.334,33575.192,16.3975,37686.5763,16.382,39312.552,16.86,39022.94,17.1495,42496.317
850,20160310,002557.SZ,16.3,16.56,16.08,16.26,16.5,-0.24,-1.45,31386.6,51267.3141,0.6191,0.89,16.38,42265.98,16.34,37651.6467,16.2875,34978.21,16.22,34545.656,16.3825,39577.53,16.426,40758.512,16.9687,39376.908,17.1755,43915.328
851,20160309,002557.SZ,16.26,17.08,16.08,16.5,16.26,0.24,1.48,53145.36,88782.4141,1.0482,1.41,16.38,40784.17,16.2967,36175.4133,16.21,35335.42,16.3,35461.002,16.38,41721.975,16.48,42609.483,17.106,41606.084,17.21,44027.415
852,20160308,002557.SZ,16.16,16.26,15.52,16.26,16.13,0.13,0.81,28422.98,45136.7154,0.5606,0.7,16.195,27690.44,16.1133,29398.7733,16.25,31039.9125,16.38,37799.506,16.4375,40381.645,16.678,40011.101,17.212,41538.5567,17.2375,43586.7755
853,20160307,002557.SZ,15.91,16.32,15.91,16.13,15.95,0.18,1.13,26957.9,43625.3309,0.5317,0.6,16.04,29886.67,16.2467,31912.2233,16.41,40143.6375,16.408,40733.06,16.505,43065.8113,16.917,41023.259,17.34,44463.51,17.2645,45300.152
854,20160304,002557.SZ,16.51,16.63,15.75,15.95,16.66,-0.71,-4.26,32815.44,53077.4225,0.6472,0.7,16.305,34389.385,16.5033,44538.8833,16.4775,44176.85,16.43,45049.912,16.7988,43091.2663,17.123,41746.814,17.4213,45470.0253,17.2705,45690.351
855,20160303,002557.SZ,16.9,16.9,16.5,16.66,16.9,-0.24,-1.42,35963.33,60000.0263,0.7093,0.72,16.78,50400.605,16.6533,47963.9867,16.55,48108.53,16.632,46971.368,17.1363,43807.4063,17.343,41792.534,17.494,47038.552,17.2855,45695.736
856,20160302,002557.SZ,16.6,17.0,16.22,16.9,16.4,0.5,3.05,64837.88,107537.6921,1.2789,1.54,16.65,53964.315,16.5133,52156.93,16.625,49723.3775,16.66,49757.964,17.3275,43586.1713,17.509,44678.625,17.5133,46882.886,17.214,44918.7695
857,20160301,002557.SZ,16.18,16.44,15.7,16.4,16.24,0.16,0.99,43090.75,69150.3308,0.8499,1.04,16.32,45816.455,16.5333,44685.21,16.6,45987.985,16.976,42222.696,17.4838,39640.5163,17.628,43408.082,17.5233,45515.8653,17.157,43787.859
858,20160229,002557.SZ,16.93,16.97,15.26,16.24,16.96,-0.72,-4.25,48542.16,77324.6516,0.9574,1.26,16.6,45482.44,16.6667,46953.73,17.12,42005.6825,17.426,41313.458,17.7238,42357.2025,17.806,46328.735,17.55,46822.516,17.112,44704.37
859,20160226,002557.SZ,17.0,17.35,16.7,16.96,16.8,0.16,0.95,42422.72,72614.7879,0.8367,1.16,16.88,46159.515,17.4133,39826.8567,17.7225,39506.2825,17.816,38443.716,17.955,42805.9888,17.917,45680.082,17.5507,45903.8307,17.14,44972.5485
860,20160225,002557.SZ,18.44,18.44,16.66,16.8,18.48,-1.68,-9.09,49896.31,86693.8286,0.9841,1.26,17.64,38528.925,17.9767,38534.1367,18.03,37448.965,18.054,36613.7,18.1075,46540.3088,17.925,47072.144,17.5033,45270.5253,17.0865,44042.8315
861,20160224,002557.SZ,18.76,18.76,18.01,18.48,18.65,-0.17,-0.91,27161.54,49997.303,0.5357,0.61,18.565,32853.05,18.44,33299.85,18.3675,33293.0475,18.358,39599.286,18.1763,45560.2238,17.94,45445.347,17.3987,43305.7047,17.0385,43736.4995
862,20160223,002557.SZ,18.18,18.69,18.0,18.65,18.19,0.46,2.53,38544.56,70166.7647,0.7602,0.75,18.42,36369.005,18.33,35336.8833,18.3275,42708.7225,18.28,44593.468,17.9963,49207.9488,17.797,47162.45,17.2173,44309.58,16.937,44894.887
863,20160222,002557.SZ,18.2,18.49,17.95,18.19,18.15,0.04,0.22,34193.45,62391.6423,0.6744,0.65,18.17,33733.045,18.22,44096.7767,18.1875,46105.695,18.186,51344.012,17.7838,48593.4213,17.612,49577.045,17.0073,45834.674,16.8385,45423.8325
864,20160219,002557.SZ,18.3,18.38,17.85,18.15,18.32,-0.17,-0.93,33272.64,60335.4826,0.6563,0.58,18.235,49048.44,18.1867,50076.4433,18.185,55631.6525,18.018,52916.448,17.6413,49860.8113,17.418,49633.888,16.9147,47148.826,16.723,45390.4765
865,20160218,002557.SZ,18.0,18.71,18.0,18.32,18.09,0.23,1.27,64824.24,119612.4088,1.2786,1.26,18.205,58478.345,18.1967,63084.6567,17.985,57827.4,17.796,57530.588,17.4725,53538.045,17.228,49598.938,16.764,46519.2087,16.593,45741.237
866,20160217,002557.SZ,18.15,18.38,17.7,18.09,18.18,-0.09,-0.5,52132.45,94128.0244,1.0283,1.05,18.135,62214.865,17.8733,55495.12,17.665,55707.175,17.522,51291.408,17.2138,49780.25,16.919,45158.914,16.5987,45115.5707,16.485,44678.477
867,20160216,002557.SZ,17.39,18.27,17.21,18.18,17.35,0.83,4.78,72297.28,128959.4869,1.426,1.51,17.765,57176.455,17.5233,56898.75,17.38,51081.1475,17.314,49731.432,16.9838,47379.0863,16.686,44167.636,16.4893,44995.36,16.362,43802.9185
868,20160215,002557.SZ,16.6,17.58,16.3,17.35,17.04,0.31,1.82,42055.63,71537.6179,0.8295,0.91,17.195,49199.485,17.1133,44009.1033,17.0975,44089.97,17.038,47810.078,16.615,40894.9263,16.418,43080.005,16.3893,43450.4393,16.2415,42740.872
869,20160205,002557.SZ,16.99,17.68,16.81,17.04,16.95,0.09,0.53,56343.34,98266.488,1.1113,1.35,16.995,44985.84,17.0133,44768.0833,16.96,49248.69,16.818,46351.328,16.4163,40915.4313,16.363,44265.015,16.2913,42881.8193,16.174,43298.9485
870,20160204,002557.SZ,17.09,17.2,16.8,16.95,17.05,-0.1,-0.59,33628.34,57133.2927,0.6633,0.86,17.0,38980.455,16.9333,46883.8067,16.7625,43853.325,16.66,41667.288,16.2238,41550.135,16.248,41013.519,16.192,41811.4533,16.148,43562.313
871,20160203,002557.SZ,16.61,17.14,16.5,17.05,16.8,0.25,1.49,44332.57,74375.3673,0.8744,1.15,16.925,53511.54,16.7,47261.6533,16.5875,43677.025,16.316,39026.42,16.205,44084.8088,16.137,42027.652,16.1393,42474.1667,16.096,42802.538
872,20160202,002557.SZ,16.3,16.86,16.08,16.8,16.25,0.55,3.38,62690.51,103939.5892,1.2365,1.63,16.525,48726.195,16.4333,43458.51,16.1325,37699.8825,16.058,38603.84,16.06,41521.785,16.077,42627.324,16.0447,41826.7473,16.1085,43344.6105
873,20160201,002557.SZ,16.25,16.5,15.57,16.25,16.25,0.0,0.0,34761.88,55985.6079,0.6856,0.82,16.25,33842.51,15.91,29369.6733,15.8725,32582.1725,15.798,38349.932,15.94,39156.68,16.065,41270.62,15.976,41051.1367,16.111,45056.115
874,20160129,002557.SZ,15.22,16.34,15.13,16.25,15.23,1.02,6.7,32923.14,52431.7427,0.6494,0.82,15.74,26673.57,15.7467,31855.6033,15.685,39246.945,15.908,42178.702,15.965,41102.6063,16.028,41147.065,15.9593,42281.4887,16.141,45546.799
875,20160128,002557.SZ,15.55,15.85,15.23,15.23,15.76,-0.53,-3.36,20424.0,31965.5185,0.4028,0.45,15.495,31321.835,15.4967,41354.88,15.8225,44492.5925,15.836,40359.75,16.0188,43127.6475,15.958,41883.536,15.9773,44193.988,16.2645,47450.281
876,20160127,002557.SZ,15.88,15.88,15.08,15.76,15.5,0.26,1.68,42219.67,65320.8335,0.8327,0.91,15.63,51820.32,16.02,52515.4567,15.9875,45343.6875,15.958,45028.884,16.1,44765.4388,16.051,44198.04,16.0227,44061.244,16.4265,48303.01
877,20160126,002557.SZ,16.65,17.04,15.5,15.5,16.8,-1.3,-7.74,61420.97,100012.7833,1.2115,1.39,16.15,57663.35,16.0633,46385.0267,16.0075,45731.1875,16.096,46650.808,16.0738,44523.9613,16.038,43438.201,16.1253,44924.8673,16.5585,49175.586
878,20160125,002557.SZ,16.0,16.83,15.93,16.8,15.89,0.91,5.73,53905.73,88607.5697,1.0632,1.34,16.345,38867.055,16.1767,40501.26,16.245,42958.2675,16.332,44191.308,16.1563,42292.47,16.065,42401.739,16.2153,47291.5093,16.7075,48867.015
879,20160122,002557.SZ,16.01,16.13,15.36,15.89,15.84,0.05,0.32,23828.38,37620.6564,0.47,0.55,15.865,33799.025,16.06,39309.1133,16.215,41762.7025,16.148,40115.428,16.01,39881.9138,15.985,42332.882,16.2187,46669.498,16.834,49176.96
880,20160121,002557.SZ,16.3,16.5,15.8,15.84,16.45,-0.61,-3.71,43769.67,70940.0998,0.8633,1.01,16.145,47049.48,16.3233,47740.81,16.2125,44187.19,16.08,43407.322,15.995,43285.41,16.048,46111.107,16.4073,49813.7913,16.99,50372.863
881,20160120,002557.SZ,16.63,16.8,16.22,16.45,16.68,-0.23,-1.38,50329.29,83154.9621,0.9927,1.25,16.565,49726.38,16.3367,44326.3633,16.14,43316.735,16.144,43367.196,16.015,44466.3463,16.055,43577.424,16.5827,49394.3853,17.118,50690.369
882,20160119,002557.SZ,15.81,16.96,15.75,16.68,15.88,0.8,5.04,49123.47,81077.1289,0.9689,1.21,16.28,41324.9,16.0367,40979.2167,16.0675,41626.6725,15.98,40225.594,16.0238,45876.5138,16.14,44061.897,16.7127,50017.1787,17.2365,50957.808
883,20160118,002557.SZ,15.22,16.11,15.22,15.88,15.55,0.33,2.12,33526.33,53086.3095,0.6613,0.75,15.715,36907.09,15.8633,39127.74,15.805,38001.125,15.798,40612.17,15.9275,42040.185,16.157,48841.61,16.8327,50425.584,17.35,54244.444
884,20160115,002557.SZ,15.97,16.14,15.18,15.55,16.16,-0.61,-3.77,40287.85,62806.7683,0.7946,0.83,15.855,41928.445,15.78,39492.7233,15.7775,42383.63,15.822,44550.336,16.105,44746.1463,16.254,49946.533,17.0627,52197.4707,17.4615,55345.7885
885,20160114,002557.SZ,15.13,16.2,14.95,16.16,15.63,0.53,3.39,43569.04,67453.1882,0.8593,1.0,15.895,39095.16,15.8533,43082.2233,15.89,45615.9575,16.016,48814.892,16.2675,51825.24,16.571,53017.026,17.2933,52694.71,17.6165,56934.6995
886,20160113,002557.SZ,15.89,16.06,15.49,15.63,15.77,-0.14,-0.89,34621.28,55046.5914,0.6829,0.72,15.7,42838.815,15.8,46298.2633,15.98,50126.355,15.966,43787.652,16.3538,51951.055,16.802,52407.98,17.4427,53131.4267,17.7385,60341.7305
887,20160112,002557.SZ,16.3,16.48,15.1,15.77,16.0,-0.23,-1.44,51056.35,80985.5539,1.007,0.89,15.885,52136.755,16.0967,55294.7133,16.05,46079.245,16.3,47898.2,16.74,56497.4925,17.079,54912.971,17.6553,54535.2127,17.85,62602.187
888,20160111,002557.SZ,16.32,16.73,15.8,16.0,16.52,-0.52,-3.15,53217.16,86952.8074,1.0496,0.96,16.26,57413.895,16.1433,44420.21,16.4325,47108.6625,16.516,57071.05,17.0775,54800.2713,17.35,55332.291,17.8673,58788.5353,17.9495,64383.11
889,20160108,002557.SZ,16.3,16.8,15.9,16.52,15.91,0.61,3.83,61610.63,100477.1086,1.2152,1.08,16.215,40021.735,16.5767,45072.4967,16.645,58034.5225,16.686,55342.73,17.3775,55607.025,17.683,56021.038,18.008,58944.2727,17.9995,64795.1125
890,20160107,002557.SZ,17.0,17.0,15.89,15.91,17.3,-1.39,-8.03,18432.84,29914.6642,0.3636,0.3,16.605,36803.43,16.6867,56842.4867,16.7275,53775.755,17.126,57219.16,17.6225,54811.89,17.932,54634.619,18.15,59641.302,18.032,64546.5005
891,20160106,002557.SZ,16.85,17.31,16.57,17.3,16.85,0.45,2.67,55174.02,94035.2672,1.0882,0.89,17.075,76047.31,17.0,65556.7267,17.43,66915.74,17.638,61028.308,18.05,60020.8638,18.181,57803.314,18.3293,65859.7567,18.1,67200.095
892,20160105,002557.SZ,16.25,17.28,15.86,16.85,16.85,0.0,0.0,96920.6,162561.1368,1.9116,1.81,16.85,70748.08,17.4733,70829.6467,17.7225,62491.88,17.858,61927.742,18.2638,59092.4163,18.333,57853.719,18.3667,67503.516,18.0825,67664.543
893,20160104,002557.SZ,18.65,18.83,16.85,16.85,18.72,-1.87,-9.99,44575.56,79820.6263,0.8792,0.79,17.785,57784.17,18.0133,51015.64,18.11,53179.5275,18.184,53593.532,18.4575,53242.315,18.543,59647.278,18.4273,66820.4633,18.09,66073.635
894,20151231,002557.SZ,18.47,19.19,18.45,18.72,18.47,0.25,1.35,70992.78,134094.5957,1.4003,1.36,18.595,54235.68,18.53,56047.5167,18.5175,55848.025,18.68,56699.346,18.7038,54630.1288,18.669,60745.044,18.4373,67945.9067,18.107,65971.1315
895,20151230,002557.SZ,18.38,18.73,18.38,18.47,18.4,0.07,0.38,37478.58,69515.5544,0.7392,0.69,18.435,48574.885,18.45,50799.7733,18.67,53125.9875,18.738,52050.078,18.7325,60113.055,18.662,60852.373,18.334,66988.9473,18.0345,64875.2735
896,20151229,002557.SZ,18.41,18.89,18.23,18.4,18.48,-0.08,-0.43,59671.19,110028.2238,1.1769,1.11,18.44,57460.37,18.7367,58341.79,18.805,55692.9525,18.724,54578.32,18.6875,62372.385,18.675,68275.481,18.254,69257.3573,17.948,65562.148
897,20151228,002557.SZ,19.23,19.7,18.48,18.48,19.33,-0.85,-4.4,55249.55,105054.0691,1.0897,0.84,18.905,57677.09,18.94,54366.8733,18.805,53305.1025,18.808,53779.696,18.7188,63921.745,18.621,70291.403,18.1573,69576.81,17.8745,65019.29
898,20151225,002557.SZ,19.01,19.4,18.85,19.33,19.01,0.32,1.68,60104.63,115588.087,1.1855,0.93,19.17,53925.535,18.9133,52656.9533,18.89,53412.2325,18.902,65701.024,18.7338,70979.2588,18.549,73433.929,18.0587,70233.6693,17.8105,66571.9825
899,20151224,002557.SZ,18.32,19.08,18.03,19.01,18.4,0.61,3.32,47746.44,88751.1902,0.9417,0.69,18.705,48933.115,18.7433,51181.4333,18.795,67100.1225,18.658,64790.742,18.55,73444.9813,18.316,73569.187,17.916,69061.7267,17.694,66930.0625
900,20151223,002557.SZ,18.93,18.93,18.36,18.4,18.82,-0.42,-2.23,50119.79,93589.6569,0.9886,0.61,18.61,52898.93,18.7233,73551.35,18.57,69051.8175,18.586,69654.668,18.3938,78311.0275,18.132,74458.382,17.8,69150.3387,17.6265,67563.912
901,20151222,002557.SZ,19.08,19.1,18.54,18.82,18.95,-0.13,-0.69,55678.07,104589.6829,1.0982,0.64,18.885,85267.13,18.6267,75362.4933,18.6325,74538.3875,18.626,81972.642,18.2188,79728.205,18.019,76596.876,17.6893,69223.424,17.616,67288.0525
902,20151221,002557.SZ,18.12,18.98,18.06,18.95,18.11,0.84,4.64,114856.19,214816.6548,2.2654,1.42,18.53,85204.705,18.57,80825.16,18.5775,88546.285,18.434,86803.11,18.0125,79848.245,17.832,77475.367,17.5633,68765.8213,17.5775,66984.457
903,20151218,002557.SZ,18.62,18.62,18.01,18.11,18.65,-0.54,-2.9,55553.22,101455.1109,1.0957,0.67,18.38,63809.645,18.4533,79776.3167,18.305,79789.84,18.196,81166.834,17.8025,74429.3125,17.637,72499.992,17.4467,66862.302,17.5455,64946.786
904,20151217,002557.SZ,18.6,18.78,18.42,18.65,18.6,0.05,0.27,72066.07,134068.4312,1.4214,0.91,18.625,91887.865,18.37,87868.7133,18.2175,87570.2375,17.974,82347.632,17.6575,75543.0325,17.545,71197.219,17.3727,67643.1693,17.5635,67624.7055
905,20151216,002557.SZ,17.96,18.77,17.68,18.6,17.86,0.74,4.14,111709.66,204066.4805,2.2033,1.57,18.23,95770.035,18.0733,92738.2933,17.805,84918.0225,17.678,79262.096,17.4513,74672.5788,17.407,68898.174,17.3067,66866.9933,17.571,70846.6075
906,20151215,002557.SZ,17.78,18.15,17.5,17.86,17.76,0.1,0.56,79830.41,142271.8044,1.5746,1.17,17.81,83252.61,17.54,75987.4767,17.4475,71150.205,17.412,71221.11,17.275,66024.5575,17.221,62848.815,17.2793,62393.1893,17.521,69268.2075
907,20151214,002557.SZ,16.82,17.79,16.75,17.76,17.0,0.76,4.47,86674.81,149628.187,1.7096,1.36,17.38,74066.01,17.31,68256.8033,17.3,69068.785,17.23,68147.624,17.2013,62180.2088,17.128,59747.177,17.292,60378.2393,17.4905,69303.546
908,20151211,002557.SZ,17.11,17.11,16.48,17.0,17.17,-0.17,-0.99,61457.21,103039.0721,1.2122,1.02,17.085,59047.8,17.1467,63200.11,17.0975,63515.8275,17.078,63833.15,17.0738,57747.8663,17.072,59710.036,17.3287,59540.1033,17.4635,68211.8575
909,20151210,002557.SZ,17.39,17.46,17.14,17.17,17.27,-0.1,-0.58,56638.39,97944.4885,1.1171,0.97,17.22,64071.56,17.13,64202.0333,17.0975,64427.135,17.116,60046.806,17.065,56167.4688,17.072,60290.938,17.4267,62717.0633,17.4535,67576.4055
910,20151209,002557.SZ,16.9,17.41,16.83,17.27,16.95,0.32,1.89,71504.73,122878.8772,1.4103,1.31,17.11,67983.855,17.0733,67023.3833,17.1025,60898.91,17.136,58534.252,17.0688,59875.595,17.121,60669.442,17.5353,68041.4447,17.44,68350.523
911,20151208,002557.SZ,16.98,17.22,16.38,16.95,17.0,-0.05,-0.29,64462.98,108505.6083,1.2715,1.26,16.975,64782.71,17.0467,57363.6367,17.1025,55291.6325,17.03,54476.52,17.035,59345.7825,17.213,57979.229,17.5573,68617.24,17.408,68516.4145
912,20151207,002557.SZ,17.08,17.4,16.8,17.0,17.19,-0.19,-1.11,65102.44,111436.1377,1.2841,1.17,17.095,53813.965,17.1533,52234.5167,17.05,51979.905,17.026,51346.73,17.1238,58840.8388,17.323,56493.547,17.5773,69688.8533,17.379,68125.901
913,20151204,002557.SZ,17.19,17.37,16.98,17.19,17.27,-0.08,-0.46,42525.49,72856.7263,0.8388,0.7,17.23,45800.555,17.0667,47605.7267,17.0325,47907.8025,17.066,55586.922,17.2725,56278.3588,17.454,57393.58,17.592,69671.4267,17.3585,67667.599
914,20151203,002557.SZ,16.74,17.27,16.72,17.27,16.74,0.53,3.17,49075.62,83438.6674,0.968,0.78,17.005,50145.845,16.98,49701.9067,17.035,58852.28,17.028,60535.07,17.38,57163.4425,17.582,64052.192,17.566,70086.272,17.319,69126.045
915,20151202,002557.SZ,16.95,16.96,16.31,16.74,16.93,-0.19,-1.12,51216.07,85417.5873,1.0102,0.83,16.835,50015.05,16.9567,62111.1667,16.9675,63399.9325,17.106,62804.632,17.51,60291.8363,17.735,72795.041,17.5413,71622.6133,17.253,71069.209
916,20151201,002557.SZ,17.01,17.14,16.71,16.93,17.2,-0.27,-1.57,48814.03,82548.9477,0.9628,0.79,17.065,67558.715,17.0433,67461.22,17.1975,65701.7725,17.396,61481.938,17.7263,67528.7788,17.821,75687.6,17.534,73196.3793,17.2095,72259.514
917,20151130,002557.SZ,17.05,17.28,15.95,17.2,17.0,0.2,1.18,86303.4,144775.5157,1.7022,1.46,17.1,76784.815,17.2867,71331.02,17.5125,64648.915,17.62,61640.364,17.96,78490.0388,17.853,78859.915,17.4967,73718.958,17.122,73103.188
918,20151127,002557.SZ,17.47,17.78,16.7,17.0,17.66,-0.66,-3.74,67266.23,116166.2659,1.3268,1.0,17.33,63844.83,17.6167,57430.7533,17.725,55474.605,17.842,59200.238,18.01,77719.8213,17.855,76713.679,17.456,71694.4913,17.0495,71565.788
919,20151126,002557.SZ,18.38,18.49,17.51,17.66,18.19,-0.53,-2.91,60423.43,108258.9422,1.1918,0.73,17.925,52513.015,17.9667,51544.0633,18.0525,57183.74,18.136,67569.314,18.0413,79378.69,17.835,74861.873,17.416,71989.7033,16.9995,73291.3825
920,20151125,002557.SZ,17.94,18.35,17.8,18.19,18.05,0.14,0.78,44602.6,80871.6876,0.8797,0.5,18.12,47104.38,18.1833,56103.8433,18.255,69355.785,18.364,82785.45,17.9863,79930.8913,17.759,76031.604,17.302,73824.068,16.895,72572.705
921,20151124,002557.SZ,18.3,18.38,17.65,18.05,18.31,-0.26,-1.42,49606.16,89175.9333,0.9784,0.52,18.18,61854.465,18.2767,77606.8467,18.4075,92331.1625,18.246,89893.262,17.8125,80449.0875,17.603,79053.6,17.1473,75852.0393,16.7715,73247.132
922,20151123,002557.SZ,18.2,18.8,18.06,18.31,18.47,-0.16,-0.87,74102.77,135440.4854,1.4616,0.79,18.39,91607.19,18.5267,106572.83,18.295,99965.0375,18.086,96079.466,17.6688,83263.41,17.435,79758.255,16.956,76924.1293,16.653,75296.282
923,20151120,002557.SZ,18.56,18.9,18.21,18.47,18.8,-0.33,-1.76,109111.61,202088.3585,2.1521,1.33,18.635,122807.86,18.29,108585.7933,18.03,101573.64,17.868,94227.12,17.4588,83353.3838,17.263,77941.618,16.7853,75687.638,16.5115,74851.7055
924,20151119,002557.SZ,17.6,18.99,17.6,18.8,17.6,1.2,6.82,136504.11,251336.4194,2.6924,1.97,18.2,108322.885,17.8833,99060.9833,17.7175,90505.9975,17.534,82154.432,17.1963,76796.0213,17.056,74199.898,16.6207,75198.7387,16.371,76827.2365
925,20151118,002557.SZ,17.22,17.75,17.11,17.6,17.25,0.35,2.03,80141.66,140393.8125,1.5807,1.17,17.425,80339.42,17.3567,75173.2933,17.2175,68567.0125,17.154,69277.758,16.92,66725.0575,16.771,69343.377,16.4053,69168.4567,16.1755,73721.649
926,20151117,002557.SZ,17.2,17.78,17.01,17.25,17.22,0.03,0.17,80537.18,139876.1862,1.5885,1.27,17.235,72689.11,17.09,64708.7967,17.0425,66561.7825,16.96,68213.938,16.77,65669.1513,16.598,68831.428,16.28,67698.422,16.017,73248.3025
927,20151116,002557.SZ,16.46,17.39,16.3,17.22,16.8,0.42,2.5,64841.04,109199.4245,1.2789,1.05,17.01,56794.605,16.9733,61903.3167,16.8875,65133.1275,16.784,63437.044,16.6075,66594.3663,16.391,67346.461,16.1753,68368.554,15.9235,73205.053
928,20151113,002557.SZ,16.76,16.9,16.36,16.8,16.9,-0.1,-0.59,48748.17,81206.4582,0.9615,0.74,16.85,60434.455,16.7767,65230.49,16.675,63086.045,16.658,61656.116,16.4388,67867.0075,16.244,66417.897,16.0593,68393.234,15.8075,73757.0755
929,20151112,002557.SZ,16.63,16.96,16.5,16.9,16.63,0.27,1.62,72120.74,120691.8327,1.4225,1.04,16.765,73471.65,16.6333,67865.3367,16.6225,64883.1025,16.578,66245.364,16.2363,69984.425,16.164,71720.892,15.9833,75051.5047,15.716,74111.8685
930,20151111,002557.SZ,16.3,16.73,16.0,16.63,16.37,0.26,1.59,74822.56,123320.583,1.4758,1.08,16.5,65737.635,16.53,62470.5567,16.4975,64776.52,16.388,69408.996,16.0925,67913.7575,16.031,69113.806,15.8493,75202.946,15.625,73834.3425
931,20151110,002557.SZ,16.5,16.6,16.21,16.37,16.59,-0.22,-1.33,56652.71,92852.5217,1.1174,0.8,16.48,56294.555,16.4533,61427.84,16.3275,68055.605,16.236,69448.918,16.0138,71283.2025,15.94,67440.664,15.7027,74926.424,15.528,72797.875
932,20151109,002557.SZ,16.26,16.75,16.18,16.59,16.4,0.19,1.16,55936.4,92162.6469,1.1033,0.79,16.495,63815.405,16.3133,71856.57,16.2025,72647.97,15.998,71255.878,15.9138,69957.8488,15.871,70834.309,15.6367,76461.056,15.461,73094.456
933,20151106,002557.SZ,15.94,16.53,15.86,16.4,15.95,0.45,2.82,71694.41,116955.9255,1.4141,0.93,16.175,79816.655,16.0733,78218.4933,15.85,75085.7475,15.83,71179.678,15.805,70227.1913,15.76,71761.793,15.524,77790.7287,15.373,75128.3235
934,20151105,002557.SZ,15.83,16.07,15.64,15.95,15.87,0.08,0.5,87938.9,139275.6088,1.7345,1.28,15.91,81480.535,15.6667,76216.1933,15.6875,71050.995,15.75,77196.42,15.715,72589.035,15.686,79454.575,15.4287,76734.0367,15.2655,75343.871
935,20151104,002557.SZ,15.26,15.98,15.18,15.87,15.18,0.69,4.55,75022.17,116798.3168,1.4797,1.15,15.525,70354.84,15.6,65421.6933,15.7,74510.8,15.674,68818.616,15.6563,69748.0775,15.58,78099.921,15.3707,75309.458,15.162,74555.7755
936,20151103,002557.SZ,15.75,15.8,15.05,15.18,15.75,-0.57,-3.62,65687.51,100643.5128,1.2956,0.93,15.465,60621.455,15.6433,74340.3433,15.625,67267.7275,15.644,65432.41,15.63,78948.085,15.436,77665.177,15.292,73914.194,15.035,73133.7805
937,20151102,002557.SZ,15.68,15.94,15.34,15.75,16.0,-0.25,-1.56,55555.4,87134.949,1.0958,0.77,15.875,78666.76,15.7733,67794.4667,15.76,65368.635,15.744,70412.74,15.5938,80036.1913,15.456,79063.645,15.282,73707.3153,14.9415,72146.4125
938,20151030,002557.SZ,15.6,16.26,15.52,16.0,15.57,0.43,2.76,101778.12,162773.2885,2.0075,1.25,15.785,73914.0,15.7633,68639.7133,15.7425,74127.075,15.69,72343.908,15.4288,81926.1075,15.371,81096.254,15.2207,76444.5387,14.829,71455.0175
939,20151029,002557.SZ,15.94,15.94,15.0,15.57,15.72,-0.15,-0.95,46049.88,72143.2252,0.9083,0.53,15.645,52070.51,15.6567,64910.06,15.6125,64985.355,15.622,81712.73,15.3513,79162.8663,15.268,76502.845,15.104,74726.3547,14.68,69087.357
940,20151028,002557.SZ,15.56,15.83,15.41,15.72,15.68,0.04,0.26,58091.14,90822.8609,1.1458,0.65,15.7,74340.15,15.6267,71297.18,15.635,90628.4425,15.486,87381.226,15.2675,82891.8175,15.219,78554.879,14.9913,76468.162,14.5845,68999.6445
941,20151027,002557.SZ,15.48,15.83,14.95,15.68,15.48,0.2,1.29,90589.16,140637.4144,1.7868,1.03,15.58,77900.2,15.6067,101474.21,15.4275,94703.7475,15.228,89897.944,15.1738,82610.9288,15.116,78155.086,14.832,75700.904,14.481,68408.6605
942,20151026,002557.SZ,15.7,15.93,15.28,15.48,15.66,-0.18,-1.15,65211.24,101603.8922,1.2862,0.73,15.57,106916.735,15.3433,96075.2767,15.115,89725.14,15.168,87714.55,15.0988,79608.5613,15.051,75354.603,14.674,72724.3033,14.3985,67293.944
943,20151023,002557.SZ,14.84,15.85,14.78,15.66,14.89,0.77,5.17,148622.23,229370.7001,2.9314,2.08,15.275,111507.295,14.9933,97896.44,15.09,93340.3775,15.052,89848.6,15.0,78218.8075,14.986,78494.854,14.542,71158.7207,14.3195,67087.514
944,20151022,002557.SZ,14.4,14.98,14.32,14.89,14.43,0.46,3.19,74392.36,108285.5009,1.4673,1.07,14.66,72533.545,14.9,74913.0933,14.9,75155.1925,14.914,71292.96,14.9213,67464.07,14.845,71233.167,14.366,64878.8993,14.2095,61685.9485
945,20151021,002557.SZ,15.32,15.53,14.2,14.43,15.38,-0.95,-6.18,70674.73,105247.1619,1.394,1.06,14.905,75173.46,14.9033,75409.47,14.92,70518.11,14.952,69728.532,14.9138,70241.7438,14.744,71011.63,14.284,62872.4507,14.1395,63637.1145
946,20151020,002557.SZ,14.75,15.45,14.68,15.38,14.9,0.48,3.22,79672.19,120332.5672,1.5714,1.26,15.14,77776.84,15.0833,70465.9033,15.0825,69491.9825,15.004,66412.228,14.8913,70908.0725,14.634,68602.384,14.232,61245.566,14.1095,65305.111
947,20151019,002557.SZ,14.87,15.2,14.61,14.9,14.97,-0.07,-0.47,75881.49,113260.4758,1.4967,1.13,14.935,65862.76,14.9833,66098.58,14.91,63097.2375,14.934,62994.656,14.7038,69971.1725,14.427,65229.18,14.142,60487.0753,13.98,64527.7965
948,20151016,002557.SZ,15.12,15.24,14.69,14.97,15.08,-0.11,-0.73,55844.03,83483.3181,1.1015,0.78,15.025,61207.125,14.9133,58835.82,14.9425,59772.9475,14.92,67141.108,14.5075,66308.77,14.287,61813.781,14.0753,59500.4853,13.8895,65471.0375
949,20151015,002557.SZ,14.61,15.08,14.6,15.08,14.69,0.39,2.65,66570.22,98865.858,1.313,0.92,14.885,60331.715,14.9333,61082.5867,14.9075,69965.3775,14.776,71173.374,14.3,65070.785,14.092,61671.869,13.9747,58483.6113,13.829,64631.338
950,20151014,002557.SZ,14.98,14.98,14.58,14.69,15.03,-0.34,-2.26,54093.21,79624.7772,1.0669,0.76,14.86,58338.77,14.85,71097.0967,14.7,72324.1625,14.536,72294.728,14.1025,61965.445,13.95,59444.41,13.8687,61606.642,13.766,64786.8405
951,20151013,002557.SZ,14.71,15.06,14.65,15.03,14.83,0.2,1.35,62584.33,92997.7943,1.2344,0.93,14.93,79599.04,14.7033,78401.1467,14.4975,76845.1075,14.264,70792.54,13.8938,62006.9075,13.846,58662.235,13.8113,64936.072,13.7515,69386.8445
952,20151012,002557.SZ,14.25,14.84,14.24,14.83,14.25,0.58,4.07,96613.75,141405.953,1.9056,1.71,14.54,86309.555,14.32,81598.7,14.0725,72844.5925,13.92,67463.704,13.7225,59720.82,13.746,59233.285,13.662,65038.8433,13.688,70890.38
953,20151009,002557.SZ,13.87,14.33,13.81,14.25,13.88,0.37,2.67,76005.36,107181.9498,1.4991,1.46,14.065,74091.175,13.82,64921.54,13.6925,60176.1925,13.654,56486.454,13.575,53428.0338,13.653,55680.174,13.546,64914.3473,13.604,71611.3205
954,20151008,002557.SZ,13.82,14.2,13.65,13.88,13.33,0.55,4.13,72176.99,100008.4121,1.4236,1.55,13.605,59379.63,13.5067,54899.8033,13.505,51606.7275,13.408,52170.364,13.5475,52464.2175,13.574,52138.73,13.5133,62450.6593,13.5545,73789.1585
955,20150930,002557.SZ,13.35,13.56,13.22,13.33,13.31,0.02,0.15,46582.27,62269.8797,0.9188,1.0,13.32,46261.21,13.38,44749.9733,13.29,47168.7075,13.364,46594.092,13.55,51077.4238,13.535,56262.599,13.5093,62284.2113,13.487,75793.586
956,20150929,002557.SZ,13.28,13.5,13.1,13.31,13.5,-0.19,-1.41,45940.15,61269.7875,0.9061,0.9,13.405,43833.825,13.2767,47364.1867,13.3725,46597.0475,13.428,46531.93,13.5663,50328.505,13.585,62007.838,13.5807,68918.2793,13.469,78210.388
957,20150928,002557.SZ,13.01,13.52,12.82,13.5,13.02,0.48,3.69,41727.5,55623.2303,0.823,0.76,13.26,48076.205,13.3933,46816.0133,13.4575,46679.875,13.572,51002.866,13.5888,58762.9463,13.533,63826.413,13.6107,72032.6053,13.4995,85555.0285
958,20150925,002557.SZ,13.53,13.7,12.8,13.02,13.66,-0.64,-4.69,54424.91,71795.3795,1.0735,1.04,13.34,49360.27,13.4433,48330.6667,13.59,53321.7075,13.652,54873.894,13.63,66551.3413,13.492,69128.294,13.5873,76652.9427,13.4745,90797.611
959,20150924,002557.SZ,13.7,13.85,13.35,13.66,13.65,0.01,0.07,44295.63,60243.8133,0.8737,0.67,13.655,45283.545,13.78,52953.9733,13.81,54986.14,13.74,52107.096,13.6013,67763.965,13.566,67590.807,13.6033,80995.4233,13.448,101374.3495
960,20150923,002557.SZ,13.89,13.98,13.56,13.65,14.03,-0.38,-2.71,46271.46,63731.8578,0.9127,0.6,13.84,57283.145,13.86,58549.6433,13.76,54059.9625,13.706,65931.106,13.53,74070.3,13.582,70129.271,13.528,85526.7507,13.4285,100390.818
961,20150922,002557.SZ,13.99,14.17,13.76,14.03,13.9,0.13,0.94,68294.83,95430.6157,1.347,0.89,13.965,64688.735,13.7967,56656.13,13.72,70846.0175,13.742,77483.746,13.5438,73167.6225,13.657,80111.454,13.4827,88769.874,13.483,98383.195
962,20150921,002557.SZ,13.25,13.95,13.25,13.9,13.46,0.44,3.27,61082.64,83782.9089,1.2048,0.73,13.68,50836.78,13.6167,71696.4133,13.67,79780.975,13.494,76649.96,13.5175,73340.8025,13.63,82547.475,13.4753,97072.416,13.6005,100745.012
963,20150918,002557.SZ,13.51,13.77,13.31,13.46,13.49,-0.03,-0.22,40590.92,54818.966,0.8006,0.49,13.475,77003.3,13.5933,86013.7533,13.3925,80541.79,13.332,83382.694,13.58,83967.1338,13.555,87542.467,13.4153,102772.1833,13.8155,102884.711
964,20150917,002557.SZ,13.51,14.36,13.4,13.49,13.83,-0.34,-2.46,113415.68,157802.9061,2.237,1.53,13.66,108725.17,13.37,93858.7467,13.3,94080.6375,13.392,83074.518,13.6175,90475.1488,13.535,95439.587,13.3507,117796.7673,14.1175,104968.6955
965,20150916,002557.SZ,12.8,13.9,12.55,13.83,12.79,1.04,8.13,104034.66,136864.1516,2.052,1.26,13.31,84080.28,13.2367,87635.6233,13.3675,75489.2275,13.458,74327.436,13.575,90177.2588,13.439,95324.573,13.336,111877.3887,14.4095,102573.001
966,20150915,002557.SZ,12.96,13.2,12.69,12.79,13.09,-0.3,-2.29,64125.9,82661.1794,1.2648,0.73,12.94,79436.105,13.2133,65974.0833,13.365,66900.63,13.572,82739.162,13.5038,92118.1913,13.353,94412.938,13.3967,105349.678,14.698,101745.405
967,20150914,002557.SZ,13.86,13.9,12.65,13.09,13.76,-0.67,-4.87,94746.31,126249.0664,1.8688,1.03,13.425,66898.175,13.5567,67825.54,13.7675,87392.4775,13.766,88444.99,13.4713,98135.6463,13.466,107283.644,13.636,108776.696,15.1135,103651.255
968,20150911,002557.SZ,13.81,13.98,13.51,13.76,13.82,-0.06,-0.43,39050.04,53806.5354,0.7702,0.36,13.79,54365.155,13.9933,84941.2,13.935,86869.66,13.778,91702.24,13.4563,98157.1463,13.457,112466.928,13.9767,109385.3833,15.5045,102262.4185
969,20150910,002557.SZ,14.22,14.26,13.75,13.82,14.4,-0.58,-4.03,69680.27,97737.4892,1.3744,0.6,14.11,107886.78,13.9933,102809.5333,13.7825,104865.29,13.678,107804.656,13.4763,117380.0113,13.33,135157.892,14.3593,112266.7547,15.8465,104372.3605
970,20150909,002557.SZ,13.9,14.4,13.65,14.4,13.76,0.64,4.65,146093.29,205853.3785,2.8815,1.38,14.08,119374.165,13.77,116593.63,13.6425,117335.7525,13.42,116321.71,13.3738,126992.3712,13.275,130652.365,14.7267,111988.1893,16.242,106049.991
971,20150908,002557.SZ,13.03,13.8,12.82,13.76,13.15,0.61,4.64,92655.04,122104.8241,1.8275,0.73,13.455,101843.8,13.39,107749.9067,13.175,108878.815,13.134,106086.714,13.135,141975.67,13.309,116654.936,15.0733,108080.8193,16.646,104192.3815
972,20150907,002557.SZ,13.03,13.9,13.01,13.15,13.26,-0.11,-0.83,111032.56,148720.5863,2.19,0.83,13.205,115297.34,12.98,114286.74,12.9775,109444.6325,13.166,126122.298,13.0738,133471.915,13.571,118942.549,15.5627,108720.01,17.0675,104223.44
973,20150902,002557.SZ,12.0,13.33,11.68,13.26,12.53,0.73,5.83,119562.12,152296.5301,2.3582,0.74,12.895,115913.83,12.92,108915.3233,13.17,129894.7325,13.136,133231.616,13.2725,120357.72,14.076,118226.955,16.08,105782.478,17.5,102735.0865
974,20150901,002557.SZ,12.75,13.3,12.24,12.53,12.97,-0.44,-3.39,112265.54,143343.0599,2.2143,0.77,12.75,103591.925,13.14,133338.9367,13.105,136648.99,12.982,162511.128,13.6625,119853.8512,14.7,114497.804,16.5693,103228.262,17.9135,101624.737
975,20150831,002557.SZ,13.5,13.65,12.97,12.97,13.92,-0.95,-6.82,94918.31,125740.2735,1.8722,0.75,13.445,143875.635,13.2967,144776.8067,13.095,175072.525,13.13,144983.02,14.3713,118805.2362,15.38,109821.429,17.1827,102626.0847,18.368,101949.388
976,20150828,002557.SZ,13.21,14.2,12.5,13.92,13.0,0.92,7.08,192832.96,253021.6563,3.8034,1.73,13.46,169706.055,13.1367,201790.5967,13.17,157499.1975,13.484,127223.158,15.1875,117224.2737,16.043,109077.872,17.8167,103560.9373,18.848,103282.316
977,20150827,002557.SZ,12.8,13.09,12.16,13.0,12.49,0.51,4.08,146579.15,187254.7525,2.8911,1.42,12.745,206269.415,12.92,145721.2767,13.375,110820.7075,13.976,111762.8,15.8638,101307.8775,16.761,100018.866,18.368,96923.8207,19.292,99644.876
978,20150826,002557.SZ,12.02,13.35,12.02,12.49,13.27,-0.78,-5.88,265959.68,333004.9974,5.2458,4.0,12.88,145292.34,13.5,98901.2267,14.22,103058.7125,15.016,103222.294,16.6888,93920.8262,17.552,92057.909,18.9547,92569.5767,19.771,99830.8555
979,20150825,002557.SZ,13.27,13.27,13.27,13.27,14.74,-1.47,-9.97,24625.0,32677.375,0.4857,0.33,14.005,15372.0,14.7967,48758.39,15.6475,62537.9475,16.418,66484.48,17.765,73456.2287,18.363,73586.829,19.5573,81329.2733,20.2875,94573.3565
980,20150824,002557.SZ,14.74,14.74,14.74,14.74,16.38,-1.64,-10.01,6119.0,9019.406,0.1207,0.07,15.56,60825.085,16.44,75175.5967,17.205,76949.35,17.63,74659.838,18.72,78749.3012,19.209,81447.617,20.114,87604.844,20.7135,99327.651
981,20150626,002557.SZ,17.69,17.9,16.38,16.38,18.2,-1.82,-10.0,115531.17,196884.3053,2.2787,1.31,17.29,109703.895,18.0267,100559.4667,18.3525,91795.0475,18.602,90932.586,19.4525,88140.5362,19.983,91729.827,20.636,95302.0353,20.994,105825.1525
982,20150625,002557.SZ,19.57,19.75,18.2,18.2,19.5,-1.3,-6.67,103876.62,197626.6749,2.0488,1.28,18.85,93073.615,19.01,83883.0067,19.1575,84782.94,19.546,88274.932,20.1213,86603.25,20.564,89504.331,21.064,95605.568,21.2155,110241.3925
983,20150624,002557.SZ,19.5,19.89,18.8,19.5,19.33,0.17,0.88,82270.61,159388.6586,1.6227,1.02,19.415,73886.2,19.4767,78418.38,19.8825,84374.51,20.088,80893.524,20.6563,87236.31,20.924,87243.218,21.356,98700.376,22.016,112757.9455
984,20150623,002557.SZ,19.58,19.88,18.05,19.33,19.6,-0.27,-1.38,65501.79,125029.2031,1.2919,0.74,19.465,76492.265,20.01,85075.81,20.235,80549.2525,20.308,80689.178,20.9925,88612.01,21.127,88751.67,21.5773,103936.3153,22.722,113948.696
985,20150619,002557.SZ,20.7,20.81,19.3,19.6,21.1,-1.5,-7.11,87482.74,175360.4859,1.7255,0.95,20.35,94862.82,20.5367,85565.0733,20.5525,84486.025,20.788,88235.396,21.3013,90582.4725,21.356,94077.347,21.7413,107550.2553,23.3545,113929.0155
986,20150618,002557.SZ,20.96,21.87,20.92,21.1,20.91,0.19,0.91,102242.9,219589.9558,2.0166,1.13,21.005,84606.24,20.87,83487.12,21.085,88423.56,21.364,92527.068,21.5425,91816.5212,21.653,97486.76,21.7913,110789.3413,23.9735,112425.421
987,20150617,002557.SZ,20.8,21.0,20.2,20.91,20.6,0.31,1.5,66969.58,138365.7627,1.3209,0.72,20.755,74109.23,21.08,83817.1133,21.43,90098.11,21.582,90733.73,21.6075,93880.9787,21.823,99270.886,21.772,117563.546,24.5185,110461.3715
988,20150616,002557.SZ,21.38,21.46,20.47,20.6,21.73,-1.13,-5.2,81248.88,170181.255,1.6025,0.84,21.165,92240.88,21.6033,97807.62,21.75,96674.7675,21.76,93592.912,21.815,100706.89,21.99,107603.802,22.6587,123379.4193,24.988,111314.149
989,20150615,002557.SZ,22.49,22.55,21.5,21.73,22.48,-0.75,-3.34,103232.88,226317.9494,2.0362,1.03,22.105,106086.99,22.1333,101816.73,22.05,96678.92,21.946,96814.162,22.09,105561.3,22.212,115559.884,23.5267,125035.202,25.508,113477.068
990,20150612,002557.SZ,22.16,22.68,22.15,22.48,22.19,0.29,1.31,108941.1,244741.1372,2.1487,1.06,22.335,101108.655,22.1567,94494.2667,22.0,95209.4825,21.924,99919.298,22.1963,111444.5325,22.218,117207.685,24.21,122493.5553,25.887,112214.347
991,20150611,002557.SZ,21.78,22.28,21.42,22.19,21.8,0.39,1.79,93276.21,204943.1906,1.8398,0.87,21.995,87270.85,21.84,90632.2767,21.785,97663.8475,21.942,102446.452,22.2388,117928.1075,22.005,119920.478,24.8433,119058.2053,26.163,109182.2885
992,20150610,002557.SZ,21.33,22.1,21.12,21.8,21.53,0.27,1.25,81265.49,176660.9663,1.6029,0.67,21.665,89310.31,21.65,99126.3933,21.88,104739.0125,22.064,107808.042,22.1888,121232.4425,21.867,130978.454,25.4973,117037.252,26.484,108586.0595
993,20150609,002557.SZ,21.62,22.0,21.16,21.53,21.62,-0.09,-0.42,97355.13,208878.1096,1.9202,0.72,21.575,108056.845,21.9067,112563.52,22.13,114443.68,22.22,121614.692,22.0075,128082.885,23.108,138272.673,26.064,117221.228,26.7705,108528.1845
994,20150608,002557.SZ,22.47,22.5,21.55,21.62,22.57,-0.95,-4.21,118758.56,259112.1985,2.3424,0.88,22.095,120167.715,22.33,120139.8633,22.3925,127679.5825,22.478,134305.606,21.9175,141395.49,24.317,139145.722,26.6953,119031.37,27.0475,105906.437
995,20150605,002557.SZ,22.93,23.27,22.04,22.57,22.8,-0.23,-1.01,121576.87,275652.2301,2.398,0.88,22.685,120830.515,22.65,130653.2567,22.6925,138192.3675,22.512,134496.072,23.4913,145826.63,25.353,133780.684,27.208,116312.6967,27.3195,102362.317
996,20150604,002557.SZ,22.5,23.1,20.8,22.8,22.58,0.22,0.97,120084.16,267782.3378,2.3685,0.78,22.69,135191.45,22.7333,143730.8667,22.4975,137725.8725,22.068,137394.504,24.8725,143890.2237,26.294,127364.082,27.57,111427.5673,27.5095,99287.6445
997,20150603,002557.SZ,22.82,23.0,21.65,22.58,22.82,-0.24,-1.05,150298.74,337571.402,2.9645,0.97,22.7,155554.22,22.3967,143606.4433,21.885,141722.09,21.67,154148.866,26.02,137018.2262,27.214,121651.857,27.9573,108845.3987,27.648,94418.6275
998,20150602,002557.SZ,21.9,22.83,21.57,22.82,21.79,1.03,4.73,160809.7,357753.9721,3.1718,1.12,22.305,140260.295,21.6533,138863.2067,21.4425,155111.3975,23.996,154930.654,27.195,125407.24,27.986,115024.496,28.2873,104166.0153,27.826,89037.2545
999,20150601,002557.SZ,20.66,21.96,20.16,21.79,20.35,1.44,7.08,119710.89,254266.7731,2.3612,0.9,21.07,127889.96,20.9833,153211.9633,24.29,153460.8925,26.156,143985.838,28.3425,113176.2662,28.804,111394.252,28.5707,96440.0473,28.0305,82809.174
1000,20150529,002557.SZ,20.81,21.5,19.66,20.35,20.81,-0.46,-2.21,136069.03,278598.5753,2.6838,1.16,20.58,169962.5,25.1233,164710.8933,27.2475,150054.575,28.194,133065.296,29.4063,108715.5462,29.556,107221.009,28.922,91651.0653,28.356,79122.72
1001,20150528,002557.SZ,22.24,23.31,20.8,20.81,22.34,-1.53,-6.85,203855.97,453071.2011,4.0208,2.29,27.51,179031.825,29.5467,154716.4233,30.155,132314.3625,30.52,117333.66,30.7375,107270.325,30.321,98444.099,29.3233,86585.358,28.7245,75018.161
1002,20150527,002557.SZ,33.95,34.51,32.66,34.21,33.62,0.59,1.75,154207.68,520013.7987,4.5624,2.05,33.915,130146.65,33.27,108467.16,32.9475,95703.0825,32.758,89154.848,31.8,91535.6362,31.101,86193.665,29.6407,74508.548,29.0665,67282.406
1003,20150526,002557.SZ,32.8,33.65,31.91,33.62,31.98,1.64,5.13,106085.62,347965.1091,3.1386,1.35,32.8,85596.9,32.5267,76201.55,32.395,72891.64,31.976,75118.338,31.0238,78297.1675,30.433,78783.696,29.1027,67072.788,28.711,61858.8045
1004,20150525,002557.SZ,31.87,32.45,31.4,31.98,31.98,0.0,0.0,65108.18,208604.6908,1.9263,0.8,31.98,61259.515,31.9867,61826.98,31.565,67376.5175,31.452,78802.666,30.3975,75205.4187,29.778,72667.152,28.6553,62416.9527,28.419,60349.5255
1005,20150522,002557.SZ,32.6,32.94,31.27,31.98,32.0,-0.02,-0.06,57410.85,183521.1984,1.6985,0.72,31.99,60186.38,31.4267,68132.63,31.32,82226.2875,30.918,81376.722,29.8413,77080.395,29.286,70943.95,28.41,61141.8613,28.192,60473.236
1006,20150521,002557.SZ,31.0,32.19,30.88,32.0,30.3,1.7,5.61,62961.91,198417.6225,1.8628,0.76,31.15,73493.52,31.1,90498.1,30.6525,87368.19,30.122,79554.538,29.2275,75519.0612,28.725,71211.207,28.126,60912.9947,27.9425,60625.6085
1007,20150520,002557.SZ,31.0,31.49,30.0,30.3,31.0,-0.7,-2.26,84025.13,258811.3633,2.486,1.02,30.65,104266.195,30.2033,95503.6167,29.6525,83702.695,29.444,83232.482,28.61,73633.3425,28.082,67185.398,27.836,59991.592,27.7115,60772.1555
1008,20150519,002557.SZ,29.32,31.58,29.32,31.0,29.31,1.69,5.77,124507.26,383104.1262,3.6836,1.87,30.155,101242.86,29.4367,83595.2167,29.23,83034.32,28.89,82449.054,28.1188,70640.6287,27.666,63050.013,27.6227,57438.96,27.535,58211.271
1009,20150518,002557.SZ,27.9,29.34,27.85,29.31,28.0,1.31,4.68,77978.46,223365.7247,2.3071,1.29,28.655,63139.195,28.64,69210.0067,28.3625,71934.5025,28.104,66531.638,27.44,57915.1987,27.257,54224.096,27.408,54198.4787,27.29,55021.8105
1010,20150515,002557.SZ,28.89,29.0,27.53,28.0,28.61,-0.61,-2.13,48299.93,135700.0649,1.429,0.77,28.305,64825.78,28.0467,69919.85,27.8025,63669.9325,27.654,60511.178,27.0438,53501.8012,27.156,51024.431,27.2833,53505.4073,27.19,53887.425
1011,20150514,002557.SZ,27.61,28.63,27.33,28.61,27.53,1.08,3.92,81351.63,229623.0879,2.4069,1.59,28.07,80729.81,27.7367,68793.2667,27.5675,63563.99,27.328,62867.876,26.9075,51995.3212,27.128,51592.223,27.216,54315.9653,27.175,54068.421
1012,20150513,002557.SZ,27.01,27.99,26.7,27.53,27.07,0.46,1.7,80107.99,217414.9313,2.3701,1.84,27.3,62514.085,27.22,57634.7767,27.0075,58246.9375,26.72,51138.314,26.8688,47574.0937,27.032,48371.147,27.134,53285.38,27.1265,54265.079
1013,20150512,002557.SZ,27.17,27.43,26.9,27.07,27.06,0.01,0.04,44920.18,121657.7418,1.329,1.07,27.065,46398.17,26.8333,50959.92,26.5175,43895.895,26.442,43650.972,26.8925,44307.8262,26.989,44933.913,27.0833,50132.01,27.1725,54490.956
1014,20150511,002557.SZ,26.6,27.08,26.48,27.06,26.37,0.69,2.62,47876.16,129066.8223,1.4165,1.15,26.715,53979.79,26.3333,43554.4667,26.285,43333.67,26.41,41916.554,26.965,44835.4125,27.06,48031.899,27.0187,51185.2013,27.2615,55941.904
1015,20150508,002557.SZ,25.99,26.39,25.89,26.37,25.57,0.8,3.13,60083.42,156900.0718,1.7776,1.49,25.97,41393.62,26.0267,41819.5067,26.2475,40426.6525,26.658,41537.684,26.97,44567.8487,27.098,50002.522,27.0353,51679.5073,27.3075,58891.619
1016,20150507,002557.SZ,26.1,26.2,25.51,25.57,26.14,-0.57,-2.18,22703.82,58662.2536,0.6717,0.5,25.855,32687.55,26.2067,33874.3967,26.73,36901.25,26.928,40316.57,27.1463,46544.9262,27.16,50040.01,27.124,51135.2693,27.38,59883.5755
1017,20150506,002557.SZ,27.01,27.17,26.02,26.14,26.91,-0.77,-2.86,42671.28,114157.2121,1.2625,0.92,26.525,39459.685,27.1167,41633.7267,27.2675,44719.7575,27.344,45603.98,27.38,52154.7475,27.341,54358.913,27.262,55307.334,27.4435,61960.2425
1018,20150505,002557.SZ,28.13,28.45,26.88,26.91,28.3,-1.39,-4.91,36248.09,100028.7545,1.0724,0.67,27.605,41114.95,27.6433,45402.5833,27.645,46337.155,27.536,46216.854,27.4863,54378.125,27.404,53372.529,27.416,58104.284,27.553,62281.8205
1019,20150504,002557.SZ,27.71,28.45,27.52,28.3,27.72,0.58,2.09,45981.81,128595.7829,1.3604,0.79,28.01,49979.83,27.89,49700.1767,27.6925,48709.045,27.71,54147.244,27.545,58083.72,27.323,55819.525,27.5453,60617.0207,27.6275,62826.9145
1020,20150430,002557.SZ,27.65,28.15,27.49,27.72,27.65,0.07,0.25,53977.85,149908.7684,1.597,0.9,27.685,51559.36,27.49,49618.1233,27.5625,56188.6025,27.538,58467.36,27.3538,56436.9237,27.224,56750.419,27.524,64676.264,27.584,63471.298
1021,20150429,002557.SZ,27.0,28.0,26.82,27.65,27.1,0.55,2.03,49140.87,134820.5751,1.4539,0.78,27.375,47438.26,27.51,56925.52,27.4925,59589.7375,27.392,59763.45,27.1513,57279.4487,27.222,56544.619,27.5307,66405.9107,27.506,62970.941
1022,20150428,002557.SZ,27.79,28.1,26.75,27.1,27.78,-0.68,-2.45,45735.65,124950.7553,1.3531,0.76,27.44,60817.845,27.44,63072.6933,27.3275,62419.095,27.338,63113.846,27.1088,58048.1837,27.221,60159.011,27.4767,67412.33,27.401,62889.719
1023,20150427,002557.SZ,27.51,28.45,27.26,27.78,27.44,0.34,1.24,75900.04,211410.1377,2.2456,1.32,27.61,71741.215,27.4033,67980.2433,27.3975,67458.395,27.272,60528.204,27.1838,58821.2087,27.356,64047.999,27.5587,67636.8093,27.3045,62798.999
1024,20150424,002557.SZ,26.63,27.52,26.35,27.44,26.99,0.45,1.67,67582.39,182006.6282,1.9995,1.23,27.215,64020.345,27.27,64644.5133,27.145,56685.245,26.936,57491.806,27.1663,59994.3025,27.463,63851.909,27.6,65720.138,27.192,60797.449
1025,20150423,002557.SZ,27.31,27.33,26.8,26.99,27.38,-0.39,-1.42,60458.3,163214.0607,1.7887,1.13,27.185,63175.575,27.0467,53052.8633,26.81,54969.16,26.91,55033.478,27.2925,62124.695,27.517,67780.716,27.5993,65139.2773,27.0935,59803.5335
1026,20150422,002557.SZ,26.93,27.38,26.85,27.38,26.77,0.61,2.28,65892.85,178426.5803,1.9495,1.15,27.075,49350.145,26.75,53139.4467,26.89,53677.2725,27.052,53325.788,27.525,63809.8,27.6,69727.141,27.544,64040.1047,27.017,59121.0145
1027,20150421,002557.SZ,26.01,26.85,26.01,26.77,26.1,0.67,2.57,32807.44,87205.7153,0.9706,0.49,26.435,46762.745,26.7267,49605.4133,26.97,50184.0225,27.104,57204.176,27.6,68932.0012,27.546,69561.572,27.422,62815.01,26.913,58539.0365
1028,20150420,002557.SZ,26.82,27.3,26.0,26.1,27.31,-1.21,-4.43,60718.05,161959.124,1.7964,0.86,26.705,58004.4,27.0367,55976.2167,27.1875,63303.36,27.44,67567.794,27.7313,74821.39,27.702,71191.112,27.3153,63555.9307,26.8115,59380.909
1029,20150417,002557.SZ,27.72,27.88,26.8,27.31,27.7,-0.39,-1.41,55290.75,150943.3764,1.6358,0.69,27.505,53605.3,27.55,64165.13,27.775,69280.23,27.99,70212.012,27.8238,75261.2787,27.932,69834.304,27.2773,61899.33,26.747,58401.169
1030,20150416,002557.SZ,27.06,28.81,26.8,27.7,27.64,0.06,0.22,51919.85,144501.3829,1.5361,0.6,27.67,68602.32,27.93,73943.39,28.16,73942.3275,28.124,80527.954,27.9513,74487.79,27.944,70192.177,27.1547,61393.552,26.612,57287.2505
1031,20150415,002557.SZ,28.1,28.82,26.58,27.64,28.45,-0.81,-2.85,85284.79,235498.7532,2.5232,1.04,28.045,84955.16,28.3133,81283.1533,28.23,87679.98,28.148,86128.494,28.0388,73891.555,27.79,69397.263,27.0053,61052.7567,26.4795,56886.5815
1032,20150414,002557.SZ,29.02,29.35,28.38,28.45,28.85,-0.4,-1.39,84625.53,244759.3181,2.5037,1.13,28.65,79282.335,28.4267,88478.3767,28.275,86339.42,27.988,81918.968,28.0125,70589.6412,27.581,65620.427,26.8493,58983.99,26.272,54648.8815
1033,20150413,002557.SZ,27.98,29.4,27.61,28.85,27.98,0.87,3.11,73939.14,207817.7989,2.1875,1.06,28.415,90404.8,28.2167,86910.7167,27.8725,81242.3275,27.964,74814.43,27.7263,65507.7887,27.253,61549.999,26.602,56651.9473,26.0425,51860.457
1034,20150410,002557.SZ,27.83,28.48,27.47,27.98,27.82,0.16,0.58,106870.46,298887.1103,3.1618,1.79,27.9,93396.505,27.5467,83676.7233,27.7425,75033.2525,27.874,69456.596,27.3138,62204.95,26.921,57742.989,26.3327,54464.2213,25.79,50361.951
1035,20150409,002557.SZ,26.86,27.86,25.59,27.82,26.84,0.98,3.65,79922.55,213890.7355,2.3646,1.52,27.33,72079.855,27.6633,64420.85,27.8475,60103.13,27.764,59856.4,26.9625,54336.2987,26.67,51826.351,26.108,49540.3493,25.531,46281.5705
1036,20150408,002557.SZ,28.52,28.66,26.61,26.84,28.33,-1.49,-5.26,64237.16,175734.0609,1.9005,1.3,27.585,56670.0,27.8567,53496.6567,27.75,54839.8625,27.432,52666.032,26.6763,48829.61,26.434,48514.888,25.9233,47139.2773,25.273,43697.0665
1037,20150407,002557.SZ,28.25,28.5,27.76,28.33,28.4,-0.07,-0.25,49102.84,138841.4542,1.4527,1.02,28.365,48126.405,28.0533,51707.43,27.58,49773.25,27.174,49321.886,26.505,46762.975,26.28,47516.501,25.7,45558.8527,25.076,42564.1715
1038,20150403,002557.SZ,27.24,28.49,26.9,28.4,27.43,0.97,3.54,47149.97,131248.9733,1.395,1.02,27.915,53009.725,27.33,49996.72,26.885,49376.6475,26.542,48285.568,26.1463,46476.11,25.921,47570.706,25.402,44209.1327,24.7745,41770.444
1039,20150402,002557.SZ,26.21,28.26,26.07,27.43,26.16,1.27,4.85,58869.48,160641.622,1.7417,1.34,26.795,51420.095,26.38,50118.8733,26.0775,48569.4675,25.968,46029.382,25.7588,47364.025,25.562,46968.034,25.0953,43997.0693,24.471,42543.6645
1040,20150401,002557.SZ,25.57,26.23,25.18,26.16,25.55,0.61,2.39,43970.71,113087.7571,1.3009,0.99,25.855,45743.57,25.6267,45136.13,25.6025,42819.3575,25.576,43796.302,25.4225,46210.9512,25.28,44382.324,24.7867,41756.6273,24.1745,40772.2215
1041,20150331,002557.SZ,25.18,25.65,25.04,25.55,25.17,0.38,1.51,47516.43,120495.4516,1.4058,1.04,25.36,45718.84,25.4167,42435.5733,25.43,43752.7,25.436,44363.744,25.2538,45855.0187,25.169,44375.9,24.5533,40707.4113,23.931,39557.5695
1042,20150330,002557.SZ,25.53,25.85,25.06,25.17,25.53,-0.36,-1.41,43921.25,111275.3926,1.2994,0.94,25.35,39895.145,25.39,42498.1233,25.4075,43575.5725,25.386,45711.116,25.1363,44042.0125,24.963,43677.336,24.3767,40311.6,23.71,38292.872
1043,20150327,002557.SZ,25.48,25.68,25.0,25.53,25.47,0.06,0.24,35869.04,90559.1188,1.0612,0.75,25.5,41786.56,25.4867,43460.3467,25.44,46158.5825,25.3,46855.844,25.1213,44040.165,24.832,42170.915,24.1853,39598.736,23.5315,37481.217
1044,20150326,002557.SZ,25.2,25.99,25.02,25.47,25.46,0.01,0.04,47704.08,121971.9948,1.4114,1.06,25.465,47256.0,25.41,49588.43,25.2425,49602.545,25.156,47906.686,24.8663,44622.8837,24.659,42980.913,23.972,41381.7587,23.3175,36492.6805
1045,20150325,002557.SZ,25.1,25.75,24.75,25.46,25.3,0.16,0.63,46807.92,118455.6489,1.3848,1.05,25.38,50530.605,25.1667,50235.3667,25.0775,47957.3375,24.984,44968.346,24.665,42267.0037,24.392,40736.79,23.7073,39764.1947,23.106,35124.0765
1046,20150324,002557.SZ,24.86,25.34,24.02,25.3,24.74,0.56,2.26,54253.29,134530.0451,1.6051,1.3,25.02,51949.09,24.95,48340.4767,24.865,44508.4525,24.902,44388.056,24.4575,41912.1412,24.112,38879.245,23.4293,37955.5113,22.877,33881.1275
1047,20150323,002557.SZ,24.86,25.44,24.48,24.74,24.81,-0.07,-0.28,49644.89,123631.6289,1.4688,1.32,24.775,45384.07,24.72,41260.1733,24.8025,41921.7475,24.54,41643.556,24.145,38288.3362,23.872,37611.842,23.1513,35820.124,22.675,32042.461
1048,20150320,002557.SZ,24.7,25.76,24.55,24.81,24.61,0.2,0.81,41123.25,104004.5222,1.2167,1.08,24.71,37067.815,24.8233,39347.3667,24.49,39643.2225,24.364,37485.986,23.885,35611.7837,23.628,35970.182,22.942,34356.3413,22.513,30884.2985
1049,20150319,002557.SZ,24.95,24.99,24.22,24.61,25.05,-0.44,-1.76,33012.38,81221.8171,0.9767,0.9,24.83,38459.425,24.3833,39149.88,24.2525,36576.67,24.162,38055.14,23.6463,35668.785,23.38,38119.295,22.7047,32688.012,22.344,31443.959
1050,20150318,002557.SZ,23.51,25.23,23.51,25.05,23.49,1.56,6.64,43906.47,107038.3632,1.299,1.32,24.27,42218.63,24.1333,37764.7667,24.05,39315.83,23.8,36505.234,23.3575,35695.7737,23.069,37162.119,22.48,31842.6533,22.171,31637.528
1051,20150317,002557.SZ,23.96,23.97,23.37,23.49,23.86,-0.37,-1.55,40530.79,95645.1823,1.1991,1.21,23.675,34693.915,23.7167,37785.6167,23.4875,34654.925,23.322,33370.434,23.0175,38034.2625,22.693,34739.239,22.202,30378.818,21.927,30026.4115
1052,20150316,002557.SZ,23.8,24.05,23.53,23.86,23.8,0.06,0.25,28857.04,68624.5431,0.8538,0.84,23.83,36413.03,23.4867,32696.3033,23.28,31580.345,23.204,33580.128,22.7688,35897.9912,22.457,32908.408,22.0533,28842.096,21.761,28706.5915
1053,20150313,002557.SZ,22.96,24.0,22.8,23.8,22.8,1.0,4.39,43969.02,103779.7544,1.3009,1.15,23.3,34615.935,23.0867,32488.1133,23.04,34760.9,22.892,34454.378,22.4475,34750.57,22.231,32791.519,21.896,28683.736,21.547,28010.677
1054,20150312,002557.SZ,22.7,23.26,22.37,22.8,22.66,0.14,0.62,25262.85,57578.1864,0.7474,0.67,22.73,26747.66,22.7867,31691.5267,22.665,32075.7175,22.598,38183.45,22.1138,32032.2525,21.976,30004.448,21.738,29240.232,21.356,26651.092
1055,20150311,002557.SZ,22.91,23.1,22.33,22.66,22.9,-0.24,-1.05,28232.47,63999.4822,0.8353,0.78,22.78,34905.865,22.62,34346.6733,22.5475,41413.6,22.338,37819.004,21.9638,32335.415,21.82,29511.363,21.628,30014.9593,21.2205,26309.4395
1056,20150310,002557.SZ,22.23,23.2,22.02,22.9,22.3,0.6,2.69,41579.26,94733.8017,1.2302,1.29,22.6,37403.775,22.51,45807.31,22.2575,40215.6375,22.064,36108.044,21.7875,30818.645,21.642,28883.01,21.462,28911.7373,21.094,26158.8655
1057,20150309,002557.SZ,22.18,22.57,21.91,22.3,22.33,-0.03,-0.13,33228.29,74013.5879,0.9831,1.07,22.315,47921.335,22.0433,39761.0967,21.855,34740.24,21.71,32236.688,21.58,28162.7375,21.478,26473.08,21.28,27082.0793,20.9845,24882.5285
1058,20150306,002557.SZ,21.58,22.45,21.56,22.33,21.5,0.83,3.86,62614.38,137988.9807,1.8525,2.87,21.915,43027.5,21.7067,35244.2233,21.5625,31988.7875,21.57,31128.66,21.4025,26752.8187,21.398,25798.415,21.0987,25862.7767,20.896,24477.903
1059,20150305,002557.SZ,21.26,21.6,21.26,21.5,21.29,0.21,0.99,23440.62,50247.4052,0.6935,1.11,21.395,21559.145,21.3067,21780.2567,21.38,23257.23,21.354,21825.446,21.2688,21111.0162,21.308,24768.623,20.942,22806.9727,20.8175,22217.494
1060,20150304,002557.SZ,21.09,21.31,21.02,21.29,21.13,0.16,0.76,19677.67,41621.6987,0.5822,0.91,21.21,20950.075,21.34,23196.1,21.3175,21421.6525,21.302,21203.722,21.2688,21491.1437,21.273,26112.937,20.848,22472.918,20.7825,22082.451
1061,20150303,002557.SZ,21.51,21.52,21.1,21.13,21.6,-0.47,-2.18,22222.48,47288.1283,0.6575,1.07,21.365,24955.315,21.3267,22002.98,21.305,21585.235,21.22,21657.976,21.2863,25570.9925,21.161,25313.584,20.7707,22842.4727,20.775,22087.5045
1062,20150302,002557.SZ,21.3,21.6,21.23,21.6,21.25,0.35,1.65,27688.15,59250.4719,0.8192,1.35,21.425,21893.23,21.3633,21372.82,21.2425,21516.85,21.246,20709.472,21.2888,27403.6525,21.065,24504.775,20.7427,22431.142,20.782,22484.5045
1063,20150227,002557.SZ,21.24,21.49,21.05,21.25,21.24,0.01,0.05,16098.31,34244.4799,0.4763,0.58,21.245,18215.155,21.1233,19459.75,21.1575,18964.8025,21.226,20468.17,21.11,25403.1512,20.863,23229.835,20.6713,22260.984,20.746,21990.8335
1064,20150226,002557.SZ,20.76,21.29,20.76,21.24,20.88,0.36,1.72,20332.0,42838.1132,0.6015,0.66,21.06,21140.47,21.1267,19920.3,21.22,21560.635,21.262,27711.8,20.975,25157.6612,20.736,23297.736,20.6387,22348.1767,20.709,22216.713
1065,20150225,002557.SZ,21.35,21.37,20.52,20.88,21.26,-0.38,-1.79,21948.94,45867.5149,0.6494,0.76,21.07,19714.45,21.2133,21970.18,21.2675,29556.75,21.244,31022.152,20.7675,24483.505,20.621,23107.516,20.6093,22375.3607,20.682,22324.336
1066,20150217,002557.SZ,21.52,21.55,21.19,21.26,21.5,-0.24,-1.12,17479.96,37281.5044,0.5172,0.62,21.38,21980.8,21.3967,32092.6867,21.335,33290.455,21.102,28969.192,20.655,23837.0525,20.546,23434.721,20.6267,22230.6807,20.669,22775.411
1067,20150216,002557.SZ,21.44,21.63,21.19,21.5,21.43,0.07,0.33,26481.64,56608.2474,0.7835,1.02,21.465,39399.05,21.36,38560.62,21.0625,31841.5,20.884,28300.078,20.5088,23955.7825,20.491,23291.977,20.6273,23076.182,20.6175,23082.493
1068,20150213,002557.SZ,21.23,21.88,21.23,21.43,21.15,0.28,1.32,52316.46,112997.2317,1.5478,2.77,21.29,44600.11,20.9167,33628.12,20.73,28754.6875,20.5,25991.5,20.3375,23798.2012,20.394,23157.391,20.586,22498.388,20.5295,23168.7795
1069,20150212,002557.SZ,20.31,21.55,20.12,21.15,20.17,0.98,4.86,36883.76,77115.7948,1.0912,2.43,20.66,24283.95,20.4967,20900.7633,20.2675,19410.26,20.21,18883.672,20.2475,19265.2087,20.327,19666.365,20.5247,20385.0173,20.476,21727.418
1070,20150211,002557.SZ,20.17,20.2,19.91,20.17,20.17,0.0,0.0,11684.14,23437.6441,0.3457,0.65,20.17,12909.265,19.9733,13585.76,19.975,14383.65,19.998,15192.88,20.17,17796.7112,20.292,18051.965,20.4947,19425.064,20.4125,20622.6215
1071,20150210,002557.SZ,19.62,20.19,19.58,20.17,19.58,0.59,3.01,14134.39,28131.1865,0.4182,0.77,19.875,14536.57,19.91,15283.4867,19.955,16070.065,19.99,17900.25,20.2438,18511.9687,20.389,18861.425,20.5247,20710.8173,20.404,21252.0465
1072,20150209,002557.SZ,20.05,20.1,19.51,19.58,19.98,-0.4,-2.0,14938.75,29575.4236,0.442,0.74,19.78,15858.035,19.8833,16715.29,19.945,18841.715,20.098,18283.876,20.3225,19337.64,20.499,20464.234,20.5287,21343.298,20.3925,21718.21
1073,20150206,002557.SZ,20.08,20.17,19.96,19.98,20.09,-0.11,-0.55,16777.32,33661.0127,0.4964,0.82,20.035,17603.56,20.0667,20142.7033,20.2275,19120.1575,20.288,20323.282,20.5175,19942.6387,20.629,20751.832,20.5393,22227.8727,20.385,22064.5515
1074,20150205,002557.SZ,20.26,20.32,19.97,20.09,20.13,-0.04,-0.2,18429.8,37084.1305,0.5453,0.88,20.11,21825.395,20.31,19901.1033,20.365,21209.7725,20.444,20449.058,20.6788,21615.7837,20.682,21135.69,20.5647,22675.3333,20.3685,22520.316
1075,20150204,002557.SZ,20.72,20.77,20.1,20.13,20.71,-0.58,-2.8,25220.99,51524.8334,0.7462,1.27,20.42,20636.755,20.4567,22136.43,20.5325,20953.8725,20.586,20911.05,20.7775,21538.9,20.743,21541.156,20.5507,22432.5353,20.349,22638.7275
1076,20150203,002557.SZ,20.68,20.9,20.5,20.71,20.53,0.18,0.88,16052.52,33183.8299,0.4749,0.71,20.62,20594.15,20.6667,19531.5,20.7,19833.565,20.788,19822.6,20.825,20963.2637,20.792,22116.101,20.542,22369.312,20.3295,22450.8585
1077,20150202,002557.SZ,20.6,20.98,20.42,20.53,20.76,-0.23,-1.11,25135.78,52109.7354,0.7437,1.19,20.645,21270.99,20.6967,21093.9133,20.8075,20765.12,20.9,22644.592,20.8238,21767.2562,20.744,22873.009,20.4907,22862.988,20.291,23835.45
1078,20150130,002557.SZ,20.9,21.0,20.51,20.76,20.8,-0.04,-0.19,17406.2,36066.0287,0.515,0.8,20.78,19072.98,20.9,19308.2333,20.9925,22021.795,20.97,21180.382,20.835,22496.5887,20.665,23180.168,20.4173,22644.9747,20.2415,24537.6185
1079,20150129,002557.SZ,21.0,21.29,20.77,20.8,21.14,-0.34,-1.61,20739.76,43597.8536,0.6136,0.94,20.97,20259.25,21.07,23560.3267,21.0225,22123.9275,20.92,21822.322,20.7688,23273.5137,20.625,23788.471,20.3433,23210.7353,20.149,24648.876
1080,20150128,002557.SZ,21.23,21.34,20.94,21.14,21.27,-0.13,-0.61,19778.74,41820.5194,0.5852,0.81,21.205,24970.61,21.0967,22585.3167,20.95,22092.9625,20.9,22171.262,20.6363,24206.965,20.533,23193.278,20.27,23214.62,20.0375,25059.089
1081,20150127,002557.SZ,20.91,21.35,20.76,21.27,20.88,0.39,1.87,30162.48,63357.1369,0.8924,1.31,21.075,23988.605,20.8867,22864.37,20.84,22769.3925,20.796,24409.602,20.5388,24670.7762,20.419,23642.668,20.1767,23326.9447,19.9295,25228.2395
1082,20150126,002557.SZ,20.42,20.88,20.41,20.88,20.51,0.37,1.8,17814.73,36963.1433,0.5271,0.71,20.695,19215.315,20.6967,20305.03,20.6775,22971.3825,20.588,23101.426,20.365,22748.945,20.286,22972.186,20.088,24232.4027,19.812,24697.712
1083,20150123,002557.SZ,20.7,20.83,20.42,20.51,20.7,-0.19,-0.92,20615.9,42497.2226,0.6099,0.8,20.605,21550.18,20.61,24690.2667,20.515,24423.1,20.36,25179.954,20.255,23556.1837,20.141,23377.271,19.9987,25656.6973,19.708,24721.4715
1084,20150122,002557.SZ,20.54,20.88,20.51,20.7,20.62,0.08,0.39,22484.46,46542.9831,0.6652,0.93,20.66,26727.45,20.5167,25692.1667,20.3225,26320.9675,20.33,25754.62,20.1838,23911.4037,20.055,23904.942,19.892,25591.0607,19.6235,24909.514
1085,20150121,002557.SZ,20.3,20.68,20.2,20.62,20.23,0.39,1.93,30970.44,63363.064,0.9163,1.35,20.425,27296.02,20.1967,27599.8033,20.2375,26572.16,20.166,24215.294,20.025,23834.0437,19.955,23736.299,19.75,26021.698,19.5035,25031.2195
1086,20150120,002557.SZ,19.82,20.23,19.81,20.23,19.74,0.49,2.48,23621.6,47498.4727,0.6989,1.03,19.985,25914.485,20.11,25106.0667,20.0525,22526.5075,20.042,22875.734,19.9038,23199.315,19.867,22785.616,19.6407,25501.1187,19.3775,25688.9855
1087,20150119,002557.SZ,20.01,20.59,19.56,19.74,20.36,-0.62,-3.05,28207.37,56653.0165,0.8345,1.31,20.05,25848.3,19.9933,22161.4767,19.995,22689.2675,19.984,22842.946,19.8375,22846.3687,19.838,24797.891,19.5533,25229.8073,19.319,25881.3835
1088,20150116,002557.SZ,19.94,20.36,19.89,20.36,19.88,0.48,2.41,23489.23,47271.647,0.6949,1.07,20.12,19138.53,20.08,20849.9,20.045,21501.84,19.922,21574.588,19.8375,22003.3987,19.818,25895.069,19.4907,24568.644,19.3095,25689.7
1089,20150115,002557.SZ,20.01,20.14,19.81,19.88,20.0,-0.12,-0.6,14787.83,29530.3854,0.4375,0.64,19.94,19530.235,19.94,20839.3767,19.8125,21095.9275,19.78,22055.264,19.785,24535.2887,19.673,25509.281,19.388,24627.812,19.2645,26300.431
1090,20150114,002557.SZ,19.94,20.2,19.8,20.0,19.94,0.06,0.3,24272.64,48655.5322,0.7181,1.07,19.97,23865.15,19.79,23198.6267,19.755,23872.1225,19.744,23257.304,19.7425,27584.2037,19.542,26924.9,19.2827,25303.1947,19.2745,26978.585
1091,20150113,002557.SZ,19.43,19.98,19.34,19.94,19.43,0.51,2.62,23457.66,46391.2813,0.694,0.88,19.685,22661.62,19.6733,23738.6167,19.68,23003.47,19.692,22695.498,19.6063,27004.0425,19.44,26813.811,19.156,26626.736,19.2865,27069.674
1092,20150112,002557.SZ,19.62,19.9,19.28,19.43,19.65,-0.22,-1.12,21865.58,42757.2908,0.6469,0.72,19.54,23879.095,19.5933,22852.0733,19.63,22504.9575,19.692,26752.836,19.435,27689.8375,19.338,26423.238,19.0973,26894.196,19.293,27094.372
1093,20150109,002557.SZ,19.69,19.97,19.6,19.65,19.7,-0.05,-0.25,25892.61,51438.9311,0.7661,0.89,19.675,23345.32,19.6967,22718.0833,19.7575,27974.65,19.714,30215.55,19.3788,27851.8587,19.275,26065.672,19.1053,27061.404,19.3155,27329.1685
1094,20150108,002557.SZ,19.7,19.88,19.66,19.7,19.74,-0.04,-0.2,20798.03,41118.2689,0.6153,0.68,19.72,21130.82,19.7933,28668.6633,19.73,31296.285,19.566,28963.298,19.2875,27059.2737,19.192,25914.086,19.0927,27715.4867,19.3125,27669.0435
1095,20150107,002557.SZ,19.8,19.96,19.6,19.74,19.94,-0.2,-1.0,21463.61,42379.4764,0.635,0.69,19.84,32603.98,19.74,34795.7033,19.5325,31004.615,19.34,30592.496,19.175,26745.76,19.052,26326.14,19.118,28219.012,19.2695,30059.051
1096,20150106,002557.SZ,19.41,20.03,19.3,19.94,19.54,0.4,2.05,43744.35,86319.6887,1.2942,1.68,19.74,41461.75,19.4633,34184.95,19.24,32874.7175,19.188,30932.124,19.06,27109.9025,18.888,28592.355,19.1513,28527.7327,19.2975,31301.902
1097,20150105,002557.SZ,18.95,19.62,18.78,19.54,18.91,0.63,3.33,39179.15,75612.1137,1.1591,1.79,19.225,29405.25,19.0067,29251.5067,19.0,27729.0675,18.984,26093.64,18.855,24756.68,18.8,26964.876,19.16,27208.2173,19.31,32391.943
1098,20141231,002557.SZ,18.59,18.98,18.42,18.91,18.57,0.34,1.83,19631.35,36663.3487,0.5808,0.86,18.74,24287.685,18.82,23912.3733,18.845,22822.2625,18.836,21915.794,18.675,25375.0062,18.801,25484.331,19.1827,26367.0413,19.393,33029.173
1099,20141230,002557.SZ,18.94,19.23,18.5,18.57,18.98,-0.41,-2.16,28944.02,54805.5455,0.8563,1.31,18.775,26052.885,18.8233,23885.9,18.8175,22486.905,18.818,22864.874,18.6938,26354.7825,18.856,27091.581,19.228,27237.6253,19.5045,35321.776
1100,20141229,002557.SZ,18.92,19.11,18.7,18.98,18.92,0.06,0.32,23161.75,43708.2664,0.6853,0.88,18.95,21356.84,18.9,20334.5333,18.88,21345.0875,18.764,22059.784,18.8163,25783.4925,19.007,27032.27,19.246,29881.236,19.6465,36781.8965
1101,20141226,002557.SZ,18.84,19.08,18.72,18.92,18.8,0.12,0.64,19551.93,37034.3152,0.5785,0.7,18.86,18920.925,18.8467,20739.5333,18.71,21784.2925,18.588,26252.586,18.8763,27351.255,19.133,27325.537,19.334,31425.1613,19.7685,38242.7125
1102,20141225,002557.SZ,18.88,18.94,18.67,18.8,18.82,-0.02,-0.11,18289.92,34361.1387,0.5411,0.63,18.81,21333.335,18.64,22528.4133,18.505,27927.75,18.616,27836.112,19.0213,28451.1275,19.248,27765.506,19.4187,34491.3773,19.894,42450.2605
1103,20141224,002557.SZ,18.31,18.85,18.31,18.82,18.3,0.52,2.84,24376.75,45453.6232,0.7212,0.78,18.56,24647.66,18.4067,31140.36,18.57,30222.66,18.766,29052.868,19.2013,29426.69,19.356,28592.665,19.5787,36733.6327,20.069,52661.5
1104,20141223,002557.SZ,18.06,18.51,18.02,18.3,18.1,0.2,1.11,24918.57,45679.4689,0.7372,0.78,18.2,34522.165,18.4867,32171.2967,18.7525,30221.8975,18.894,31318.288,19.3575,29373.5487,19.433,29424.001,19.7333,39474.0767,20.3165,58651.675
1105,20141222,002557.SZ,19.0,19.01,18.09,18.1,19.06,-0.96,-5.04,44125.76,81877.1054,1.3055,1.55,18.58,35797.66,18.9033,31989.6733,19.0425,32918.2175,19.25,32004.756,19.555,29578.9162,19.487,33791.962,19.9407,41689.2673,20.5165,63828.5325
1106,20141219,002557.SZ,19.45,19.45,19.02,19.06,19.55,-0.49,-2.51,27469.56,52650.9091,0.8127,0.99,19.305,25921.63,19.3567,29182.37,19.5375,28974.505,19.678,28398.488,19.7413,28149.46,19.707,34011.449,20.162,42239.4213,20.6735,67538.957
1107,20141218,002557.SZ,19.45,19.67,19.2,19.55,19.46,0.09,0.46,24373.7,47488.1042,0.7211,0.87,19.505,30038.775,19.6967,29476.1533,19.8325,28630.72,19.88,27694.9,19.7138,33290.5375,19.82,37819.01,20.32,47321.6433,20.748,67871.1775
1108,20141217,002557.SZ,19.95,19.99,19.4,19.46,20.08,-0.62,-3.09,35703.85,69820.0535,1.0563,1.3,19.77,32027.38,19.9267,30049.7267,19.9625,28525.2,19.946,28132.462,19.8075,36033.9037,19.985,40574.015,20.5033,60531.044,20.7955,67800.466
1109,20141216,002557.SZ,20.25,20.31,19.95,20.08,20.24,-0.16,-0.79,28350.91,56940.1537,0.8388,0.8,20.16,27222.665,20.13,26132.3167,20.0675,26239.615,19.972,27529.714,19.8988,39764.0687,20.153,43551.971,20.7907,67762.804,20.855,66946.3195
1110,20141215,002557.SZ,20.08,20.28,19.87,20.24,20.07,0.17,0.85,26094.42,52417.0872,0.772,0.66,20.155,25023.02,20.0633,25535.85,19.945,27324.415,19.724,35579.168,20.0388,42710.6737,20.286,46531.523,20.9387,74436.458,20.8935,66010.2665
1111,20141212,002557.SZ,19.9,20.11,19.85,20.07,19.88,0.19,0.96,23951.62,47854.1019,0.7086,0.5,19.975,25256.565,19.8467,27734.4133,19.595,37950.355,19.736,39624.41,20.1513,47634.2975,20.404,49159.888,21.0053,80585.78,20.9305,65828.3635
1112,20141211,002557.SZ,19.58,19.94,19.36,19.88,19.59,0.29,1.48,26561.51,52432.6875,0.7858,0.5,19.735,29625.81,19.4367,42616.6,19.6525,43542.6075,19.76,47943.12,20.3188,51908.6487,20.54,57135.015,21.0373,81263.27,20.967,65626.5475
1113,20141210,002557.SZ,19.01,19.65,18.84,19.59,18.84,0.75,3.98,32690.11,63188.5722,0.9672,0.55,19.215,50644.145,19.5767,49202.9733,19.73,53288.5225,20.024,53015.568,20.5113,55135.7187,20.782,76730.335,21.0787,81023.134,21.013,66784.976
1114,20141209,002557.SZ,20.2,20.24,18.78,18.84,20.3,-1.46,-7.19,68598.18,135228.7885,2.0295,1.19,19.57,57459.405,19.7767,60154.66,20.1325,58096.9325,20.334,59574.228,20.7413,64012.3162,21.2,87879.349,21.1493,80085.188,21.0785,68106.546
1115,20141208,002557.SZ,20.09,20.44,19.9,20.3,20.19,0.11,0.54,46320.63,93660.6446,1.3704,0.79,20.245,55932.9,20.5633,54596.5167,20.7075,57318.24,20.848,57483.878,21.1738,83251.8825,21.546,93865.103,21.2833,76153.966,21.1735,66664.2075
1116,20141205,002557.SZ,21.21,21.23,20.12,20.19,21.2,-1.01,-4.76,65545.17,134175.8956,1.9392,0.99,20.695,58734.46,20.8433,60984.11,20.985,60274.69,21.072,58695.366,21.6075,95484.335,21.64,101066.465,21.3287,74563.0147,21.21,68318.6635
1117,20141204,002557.SZ,21.02,21.3,21.02,21.2,21.14,0.06,0.28,51923.75,109892.5144,1.5362,0.52,21.17,58703.58,21.25,58517.8633,21.2925,56982.915,21.32,66326.91,21.8713,103348.1537,21.676,97923.345,21.3693,71521.0233,21.2435,66726.0995
1118,20141203,002557.SZ,21.57,21.57,20.88,21.14,21.41,-0.27,-1.26,65483.41,138196.2899,1.9374,0.56,21.275,61814.92,21.3233,58669.3033,21.35,69927.7,21.54,100445.102,21.8763,111649.4662,21.606,95026.917,21.3427,71374.7787,21.227,67862.159
1119,20141202,002557.SZ,21.42,21.69,21.3,21.41,21.42,-0.01,-0.05,58146.43,124809.1681,1.7203,0.45,21.415,55262.25,21.42,71409.13,21.64,109185.525,22.066,116184.47,21.8025,107728.2862,21.557,90340.668,21.3267,70950.652,21.201,65615.7075
1120,20141201,002557.SZ,21.29,21.46,21.08,21.42,21.43,-0.01,-0.05,52378.07,111274.5828,1.5496,0.37,21.425,78040.48,21.7167,126198.5567,22.23,130693.98,22.244,130246.328,21.6888,103329.9162,21.501,85489.01,21.282,69724.3173,21.178,66937.1815
1121,20141128,002557.SZ,22.02,22.03,21.03,21.43,22.3,-0.87,-3.9,103702.89,222463.743,3.0681,0.8,21.865,163108.8,22.5,156799.2833,22.45,149713.3925,22.208,143437.564,21.5925,99110.2725,21.457,82496.839,21.256,71526.4293,21.16,68477.4495
1122,20141127,002557.SZ,22.7,23.67,22.11,22.3,23.77,-1.47,-6.18,222514.71,505467.9367,6.5833,2.48,23.035,183347.48,22.79,165050.2267,22.4025,153371.2325,22.032,129519.78,21.52,87351.1425,21.394,74118.08,21.218,66859.1627,21.1235,67260.3755
1123,20141126,002557.SZ,22.06,24.29,21.98,23.77,22.3,1.47,6.59,144180.25,335132.5744,4.2657,2.24,23.035,136317.985,22.4367,130323.4067,21.965,106271.0475,21.672,89608.732,21.355,62343.8487,21.244,56839.617,21.1227,57001.178,21.048,57878.7845
1124,20141125,002557.SZ,21.18,22.33,20.86,22.3,21.24,1.06,4.99,128455.72,278191.878,3.8005,3.15,21.77,123394.985,21.3633,93634.6467,21.1475,75965.8525,21.048,64496.866,20.9838,46810.73,20.957,48333.743,20.9127,48759.4533,20.9045,54963.6995
1125,20141124,002557.SZ,20.6,21.7,20.34,21.24,20.55,0.69,3.36,118334.25,248275.207,3.501,5.49,20.895,76224.11,20.7633,58469.23,20.735,48507.1525,20.758,40731.692,20.7963,36970.025,20.801,39463.312,20.8227,45834.1327,20.807,52538.1725
1126,20141121,002557.SZ,20.4,20.69,20.16,20.55,20.5,0.05,0.24,34113.97,69623.3179,1.0093,1.82,20.525,28536.72,20.5667,25231.4533,20.6375,21331.0525,20.706,21556.114,20.7538,29568.4325,20.78,35570.862,20.8107,43490.7447,20.738,50094.487
1127,20141120,002557.SZ,20.58,20.64,20.12,20.5,20.65,-0.15,-0.73,22959.47,46636.8762,0.6793,0.95,20.575,20790.195,20.6667,17070.08,20.745,18416.65,20.756,18716.38,20.7775,30273.1125,20.811,35528.854,20.8207,46507.2407,20.6885,50340.898
1128,20141119,002557.SZ,20.87,20.93,20.52,20.65,20.85,-0.2,-0.96,18620.92,38493.4039,0.5509,0.58,20.75,14125.385,20.8267,16902.3767,20.82,17655.6075,20.816,24070.502,20.8438,37329.3975,20.848,40697.401,20.84,47302.1353,20.6245,50944.158
1129,20141118,002557.SZ,20.91,21.09,20.7,20.85,20.98,-0.13,-0.62,9629.85,20076.823,0.2849,0.25,20.915,16043.105,20.8767,17333.8367,20.8575,25432.8975,20.866,32170.62,20.87,39213.5187,20.845,40890.747,20.8567,51785.9773,20.566,51380.6745
1130,20141117,002557.SZ,20.68,21.08,20.62,20.98,20.8,0.18,0.87,22456.36,47013.6405,0.6644,0.45,20.89,21185.83,20.86,30700.58,20.87,37805.8125,20.844,38194.932,20.8725,47340.405,20.855,48385.353,20.8233,56473.666,20.503,53221.894
1131,20141114,002557.SZ,20.63,20.88,20.4,20.8,20.8,0.0,0.0,19915.3,41176.8835,0.5892,0.38,20.8,34822.69,20.8333,42922.2967,20.81,42129.575,20.854,49585.61,20.8275,47102.6575,20.863,54458.06,20.7487,59607.278,20.426,54016.632
1132,20141113,002557.SZ,20.8,21.28,20.47,20.8,20.9,-0.1,-0.48,49730.08,103449.9981,1.4713,0.87,20.85,54425.795,20.8133,49534.3333,20.8675,57003.1875,20.866,52341.328,20.8463,55185.2337,20.853,60402.671,20.666,60882.404,20.3375,54757.494
1133,20141112,002557.SZ,20.42,21.04,20.39,20.9,20.74,0.16,0.77,59121.51,123000.9304,1.7492,1.19,20.82,49436.46,20.89,59427.5567,20.8825,52994.14,20.88,57324.3,20.8788,59366.9025,20.852,58917.952,20.5607,59902.0433,20.26,55396.461
1134,20141111,002557.SZ,21.19,21.2,20.2,20.74,21.03,-0.29,-1.38,39751.41,81768.9802,1.1761,0.68,20.885,59580.58,20.8767,50951.6833,20.875,56874.9975,20.824,49610.874,20.8538,61896.89,20.852,61593.656,20.466,57784.026,20.1515,54283.6245
1135,20141110,002557.SZ,20.86,21.17,20.56,21.03,20.86,0.17,0.82,79409.75,166125.285,2.3494,1.34,20.945,56551.82,20.92,62582.86,20.845,52075.74,20.866,58575.774,20.86,61288.325,20.813,65613.033,20.3893,58230.8813,20.0565,53997.5845
1136,20141107,002557.SZ,20.87,21.3,20.46,20.86,20.87,-0.01,-0.05,33693.89,69951.9992,0.9969,0.49,20.865,54169.415,20.7833,42964.4033,20.825,53367.28,20.872,59330.51,20.8438,62096.925,20.696,64618.112,20.2833,55493.6393,19.934,51584.0495
1137,20141106,002557.SZ,20.6,21.19,20.51,20.87,20.62,0.25,1.21,74644.94,156487.5637,2.2084,1.23,20.745,47599.66,20.8133,59925.0767,20.875,65739.665,20.84,68464.014,20.78,67878.3362,20.566,65152.942,20.1613,55562.8827,19.827,51082.119
1138,20141105,002557.SZ,20.98,20.98,20.62,20.62,20.95,-0.33,-1.58,20554.38,42648.9854,0.6081,0.28,20.785,52565.145,20.8767,62771.24,20.8325,66918.7825,20.824,60511.604,20.6538,67230.2862,20.401,61190.915,20.0533,54753.848,19.7275,48730.874
1139,20141104,002557.SZ,20.86,21.27,20.51,20.95,21.06,-0.11,-0.52,84575.91,175995.8963,2.5022,1.16,21.005,83879.67,20.9033,82373.5833,20.875,70500.91,20.88,73576.438,20.5213,69541.2625,20.287,61870.602,19.9273,55841.208,19.651,49123.7235
1140,20141103,002557.SZ,20.6,21.5,20.33,21.06,20.7,0.36,1.74,83183.43,173566.4359,2.461,1.19,20.88,81272.42,20.85,65809.2433,20.8625,70826.57,20.76,72650.292,20.305,63347.3575,20.151,58058.435,19.7867,52471.5213,19.5455,45957.331
1141,20141031,002557.SZ,20.78,20.96,20.29,20.7,20.79,-0.09,-0.43,79361.41,164619.6155,2.348,1.28,20.745,57122.15,20.7967,66707.6167,20.685,70017.0075,20.52,69905.714,20.1075,56368.335,19.989,53575.204,19.6213,49001.896,19.4395,43785.6415
1142,20141030,002557.SZ,20.78,20.98,20.53,20.79,20.9,-0.11,-0.53,34882.89,72295.0385,1.032,0.56,20.845,60380.72,20.68,66902.2067,20.475,67541.79,20.292,61841.87,19.9688,52254.9387,19.822,49112.317,19.4893,45288.154,19.3455,41592.3175
1143,20141029,002557.SZ,20.34,21.3,20.11,20.9,20.35,0.55,2.7,85878.55,176808.8748,2.5408,1.71,20.625,82911.865,20.37,78428.09,20.1675,68581.615,19.978,61870.226,19.8,52688.4675,19.668,51874.97,19.362,44803.964,19.224,41074.291
1144,20141028,002557.SZ,19.88,20.5,19.76,20.35,19.86,0.49,2.47,79945.18,161343.5922,2.3652,1.84,20.105,74702.86,19.9233,62815.97,19.7475,55868.145,19.694,50164.766,19.5663,46295.2162,19.451,46973.593,19.2413,40972.8187,19.102,38137.959
1145,20141027,002557.SZ,19.46,20.25,19.4,19.86,19.56,0.3,1.53,69460.54,137973.6846,2.055,1.86,19.71,54251.365,19.5467,47842.4667,19.53,42719.6625,19.542,43466.578,19.4288,44115.7462,19.3,42382.136,19.1407,37059.6773,18.991,35558.655
1146,20141024,002557.SZ,19.09,19.69,18.97,19.56,19.22,0.34,1.77,39042.19,75549.595,1.1551,1.07,19.39,37033.43,19.42,33806.0367,19.4625,36968.0875,19.458,37244.694,19.2875,40041.2762,19.172,38549.987,19.0793,35078.9507,18.8965,32901.74
1147,20141023,002557.SZ,19.26,19.38,18.67,19.22,19.48,-0.26,-1.33,35024.67,66648.9993,1.0362,0.84,19.35,31187.96,19.43,36276.72,19.4325,36795.32,19.352,36382.764,19.1975,39414.8287,19.088,37011.296,19.03,34842.4667,18.8345,32005.5375
1148,20141022,002557.SZ,19.5,19.54,19.12,19.48,19.59,-0.11,-0.56,27351.25,52908.2781,0.8092,0.62,19.535,36902.745,19.5033,37385.5367,19.385,36722.2875,19.358,41879.714,19.1175,38929.1262,19.054,36270.833,18.9727,34142.3127,18.78,30976.4895
1149,20141021,002557.SZ,19.44,19.61,19.29,19.59,19.44,0.15,0.77,46454.24,90589.3441,1.3744,1.12,19.515,42402.68,19.3533,39845.9667,19.3275,45511.83,19.208,43782.42,19.0225,38467.13,19.015,36376.845,18.9047,34129.0233,18.708,31033.0845
1150,20141020,002557.SZ,19.06,19.44,18.97,19.44,19.03,0.41,2.15,38351.12,73772.5184,1.1346,0.96,19.235,36541.83,19.24,45197.6933,19.1125,43114.465,19.058,41297.694,18.9338,36112.855,18.94,33856.227,18.8073,32922.6807,18.625,30546.6475
1151,20141017,002557.SZ,19.2,19.29,18.64,19.03,19.25,-0.22,-1.14,34732.54,65931.7805,1.0276,0.92,19.14,48620.98,19.0033,44702.2467,18.9625,42034.3375,18.886,39855.28,18.89,34870.3862,18.89,33996.079,18.7093,31454.0887,18.587,30830.528
1152,20141016,002557.SZ,18.57,19.59,18.5,19.25,18.73,0.52,2.78,62509.42,119927.3916,1.8494,2.04,18.99,49687.1,18.94,44468.27,18.85,41135.965,18.824,37639.828,18.8663,33184.8262,18.869,34072.318,18.662,30546.462,18.5515,29974.389
1153,20141015,002557.SZ,18.85,18.94,18.56,18.73,18.84,-0.11,-0.58,36864.78,68932.7128,1.0907,1.27,18.785,35447.695,18.7167,34011.48,18.7175,31422.43,18.75,30661.952,18.8275,30339.8537,18.78,30273.612,18.5873,27342.0813,18.4985,28512.9635
1154,20141014,002557.SZ,18.55,18.89,18.53,18.84,18.58,0.26,1.4,34030.61,63629.0022,1.0068,1.29,18.71,32584.83,18.7133,29608.3133,18.755,29111.245,18.822,28971.27,18.8388,30168.6225,18.753,29302.325,18.5413,26783.306,18.4735,27812.855
1155,20141013,002557.SZ,18.68,18.77,18.32,18.58,18.72,-0.14,-0.75,31139.05,57550.7519,0.9213,1.11,18.65,27397.165,18.7267,27471.4567,18.8175,27706.435,18.822,26414.76,18.7788,28980.0912,18.682,28735.174,18.4807,26962.9653,18.4485,27493.5725
1156,20141010,002557.SZ,18.76,18.95,18.66,18.72,18.88,-0.16,-0.85,23655.28,44467.7742,0.6999,0.78,18.8,25637.66,18.8967,26562.23,18.8825,25233.6875,18.894,28136.878,18.7638,28481.6987,18.621,27253.493,18.4873,27822.2773,18.43,26799.564
1157,20141009,002557.SZ,19.08,19.19,18.73,18.88,19.09,-0.21,-1.1,27620.04,52391.6728,0.8172,0.92,18.985,28015.705,18.9367,25759.8233,18.9375,29257.2775,18.914,30504.808,18.69,29069.6762,18.581,26999.779,18.4607,27419.2427,18.4045,26883.6385
1158,20141008,002557.SZ,18.87,19.1,18.71,19.09,18.84,0.25,1.33,28411.37,53785.1314,0.8406,0.96,18.965,24829.715,18.9567,29803.0233,18.9225,31226.0,18.81,29885.272,18.5763,27657.4512,18.506,25682.146,18.4147,27796.634,18.366,26611.193
1159,20140930,002557.SZ,18.96,18.97,18.71,18.84,18.94,-0.1,-0.53,21248.06,40051.8607,0.6286,0.68,18.89,30498.85,18.8667,32164.21,18.74,30253.7475,18.684,29633.38,18.48,26745.7975,18.401,25689.324,18.3573,27426.7167,18.3155,26152.7115
1160,20140929,002557.SZ,18.82,18.98,18.6,18.94,18.82,0.12,0.64,39749.64,74667.9218,1.176,1.51,18.88,37622.285,18.7067,33255.6433,18.645,31729.71,18.542,31055.588,18.3913,25895.2537,18.31,27237.068,18.324,27853.1767,18.2715,25825.9755
1161,20140926,002557.SZ,18.36,18.93,18.29,18.82,18.36,0.46,2.51,35494.93,66243.4834,1.0501,1.51,18.59,30008.645,18.5467,29056.4,18.4425,28882.075,18.348,26370.108,18.2788,24486.9425,18.284,27664.977,18.2753,26353.7927,18.214,24237.47
1162,20140925,002557.SZ,18.5,18.6,18.32,18.36,18.46,-0.1,-0.54,24522.36,45331.0829,0.7255,1.14,18.41,25837.135,18.3167,26677.79,18.23,24088.9025,18.248,23494.75,18.1675,24640.7637,18.234,25876.46,18.2347,25676.582,18.1485,22909.0295
1163,20140924,002557.SZ,18.06,18.52,17.98,18.46,18.13,0.33,1.82,27151.91,49847.9992,0.8033,1.25,18.295,27755.505,18.1867,23944.4167,18.22,23237.8475,18.202,21479.02,18.2075,27079.06,18.217,26752.315,18.218,25519.8333,18.1065,22254.446
1164,20140923,002557.SZ,17.9,18.15,17.82,18.13,17.97,0.16,0.89,28359.1,51022.9926,0.839,1.21,18.05,22340.67,18.14,21933.16,18.1375,20060.7975,18.118,21745.268,18.19,25886.2912,18.194,26323.385,18.1927,24992.4887,18.061,21725.4535
1165,20140922,002557.SZ,18.26,18.28,17.86,17.97,18.32,-0.35,-1.91,16322.24,29428.4445,0.4829,0.56,18.145,18720.19,18.14,17294.6967,18.115,20091.81,18.078,23418.548,18.1975,26501.5175,18.215,26251.971,18.1813,24082.7713,18.0505,21497.679
1166,20140919,002557.SZ,18.22,18.4,18.13,18.32,18.13,0.19,1.05,21118.14,38604.4111,0.6248,0.75,18.225,17780.925,18.1633,21348.3333,18.105,25192.625,18.22,28959.846,18.23,27319.0637,18.239,26345.635,18.1693,23526.5907,18.067,21493.554
1167,20140918,002557.SZ,17.99,18.13,17.86,18.13,18.04,0.09,0.5,14443.71,26075.5081,0.4273,0.45,18.085,21463.43,18.0333,26550.7867,18.195,30920.2725,18.22,28258.17,18.2325,28134.9162,18.228,26767.498,18.1153,22713.7893,18.0595,21422.1835
1168,20140917,002557.SZ,17.93,18.13,17.62,18.04,17.93,0.11,0.61,28483.15,51082.8173,0.8427,0.92,17.985,32604.325,18.2167,36412.46,18.2425,31711.785,18.232,32025.61,18.2425,28486.8125,18.226,27540.24,18.0747,22512.9213,18.0685,21504.4925
1169,20140916,002557.SZ,18.69,18.73,17.92,17.93,18.68,-0.75,-4.02,36725.5,67421.5269,1.0866,1.26,18.305,40377.115,18.31,32787.9967,18.28,32911.225,18.27,30901.502,18.2638,28093.515,18.23,26616.099,18.042,21718.8487,18.084,21358.796
1170,20140915,002557.SZ,18.32,18.75,18.21,18.68,18.32,0.36,1.97,44028.73,81677.4928,1.3026,1.86,18.5,30819.245,18.3967,31639.8,18.355,29445.5025,18.352,29085.394,18.2863,26274.2187,18.233,24414.883,18.0413,20857.3893,18.116,20989.836
1171,20140912,002557.SZ,18.22,18.33,18.09,18.32,18.19,0.13,0.71,17609.76,32062.1218,0.521,0.7,18.255,25445.335,18.2467,24584.4267,18.27,25349.56,18.258,23731.424,18.2113,23175.845,18.144,20809.963,18.016,19004.79,18.0975,19911.8305
1172,20140911,002557.SZ,18.3,18.43,18.04,18.19,18.23,-0.04,-0.22,33280.91,60830.1179,0.9846,1.44,18.21,28071.76,18.2533,27929.4933,18.2425,25261.84,18.236,25276.826,18.1663,22813.7925,18.063,19941.599,18.006,19143.5213,18.0815,20002.0915
1173,20140910,002557.SZ,18.29,18.44,18.11,18.23,18.34,-0.11,-0.6,22862.61,41820.5768,0.6764,1.02,18.285,25253.785,18.26,22588.8167,18.2475,23275.805,18.22,23054.87,18.1163,19651.12,17.996,17756.577,18.014,17997.4533,18.0835,19071.0375
1174,20140909,002557.SZ,18.2,18.34,17.93,18.34,18.21,0.13,0.71,27644.96,50187.9113,0.8179,1.4,18.275,22451.92,18.2533,23413.5367,18.2175,23102.935,18.19,22330.696,18.0263,17909.0587,17.928,17127.522,18.022,18177.894,18.091,18635.561
1175,20140905,002557.SZ,18.29,18.29,18.11,18.21,18.21,0.0,0.0,17258.88,31401.528,0.5106,0.96,18.21,21297.825,18.1767,21588.9267,18.1525,21002.13,18.114,19744.372,17.9238,15882.275,17.886,16743.387,18.0373,18291.3167,18.0935,18791.7285
1176,20140904,002557.SZ,18.17,18.25,18.04,18.21,18.11,0.1,0.55,25336.77,45983.1542,0.7496,1.73,18.16,23753.95,18.1333,22249.88,18.09,20365.745,18.03,17888.502,17.8413,15796.4225,17.895,16641.473,18.044,18638.6327,18.0985,18900.8295
1177,20140903,002557.SZ,18.08,18.22,18.05,18.11,18.08,0.03,0.17,22171.13,40192.8754,0.656,1.78,18.095,20706.435,18.05,18708.7367,17.985,16026.435,17.89,14606.372,17.805,15604.7775,17.891,16076.869,18.03,18243.8467,18.086,18723.228
1178,20140902,002557.SZ,17.97,18.13,17.97,18.08,17.96,0.12,0.67,19241.74,34749.5606,0.5693,1.61,18.02,16977.54,17.9433,13978.2033,17.835,12715.1825,17.772,12458.284,17.8288,14863.3537,17.911,15468.745,18.038,17743.0933,18.0935,18318.5415
1179,20140901,002557.SZ,17.79,18.0,17.72,17.96,17.79,0.17,0.96,14713.34,26323.2908,0.4353,1.07,17.875,11346.435,17.7533,10539.6633,17.695,10762.42,17.666,11924.348,17.84,14919.4775,17.938,16101.493,18.058,17403.8493,18.1045,18405.858
1180,20140829,002557.SZ,17.52,17.8,17.44,17.79,17.51,0.28,1.6,7979.53,14119.1504,0.2361,0.52,17.65,8452.825,17.6067,9445.4467,17.5925,11227.1,17.658,13742.402,17.8838,15091.5462,17.999,17564.789,18.0867,18474.1807,18.1225,18916.9985
1181,20140828,002557.SZ,17.59,17.59,17.41,17.51,17.52,-0.01,-0.06,8926.12,15634.904,0.2641,0.51,17.515,10178.405,17.5267,12309.6233,17.625,15183.12,17.76,15394.444,17.9538,17290.2575,18.051,19013.698,18.1213,19238.272,18.14,21581.516
1182,20140827,002557.SZ,17.55,17.69,17.36,17.52,17.55,-0.03,-0.17,11430.69,20025.1344,0.3382,0.62,17.535,14001.375,17.6633,17268.7867,17.8225,17011.525,17.892,17547.366,18.0863,19842.78,18.1,20062.584,18.1513,20095.5133,18.159,23010.712
1183,20140826,002557.SZ,17.9,17.99,17.38,17.55,17.92,-0.37,-2.06,16572.06,29258.6683,0.4903,0.82,17.735,20187.835,17.9233,18871.8033,17.985,19076.535,18.05,18479.206,18.185,21222.5212,18.171,20385.498,18.2007,20271.9607,18.154,23577.0505
1184,20140825,002557.SZ,18.32,18.32,17.87,17.92,18.3,-0.38,-2.08,23803.61,42843.8254,0.7042,1.11,18.11,20021.675,18.13,19911.36,18.175,18955.9925,18.21,20278.638,18.2413,21577.8862,18.254,20143.6,18.2507,20566.3613,18.1555,25306.8185
1185,20140822,002557.SZ,18.17,18.35,18.09,18.3,18.17,0.13,0.72,16239.74,29643.2458,0.4805,0.72,18.235,17965.235,18.26,17340.12,18.2825,19397.395,18.34,21387.176,18.28,20434.9137,18.301,20840.07,18.2773,20641.864,18.126,25109.234
1186,20140821,002557.SZ,18.35,18.36,18.02,18.17,18.31,-0.14,-0.76,19690.73,35712.4087,0.5826,0.87,18.24,17890.31,18.2767,20449.9467,18.35,22674.035,18.342,22632.952,18.29,20174.0812,18.302,21160.186,18.2667,23643.8733,18.064,25029.3255
1187,20140820,002557.SZ,18.38,18.45,18.21,18.31,18.35,-0.04,-0.22,16089.89,29506.7629,0.476,0.72,18.33,20829.555,18.41,23668.47,18.385,23368.5075,18.308,22577.802,18.3175,21558.7787,18.281,21369.587,18.248,24831.8273,18.0055,24737.0005
1188,20140819,002557.SZ,18.58,18.63,18.19,18.35,18.57,-0.22,-1.18,25569.22,47017.6859,0.7565,1.28,18.46,27457.76,18.41,25794.7133,18.3075,24199.78,18.292,22291.79,18.3175,21977.655,18.276,21168.338,18.1887,25276.332,17.938,24538.456
1189,20140818,002557.SZ,18.29,18.6,18.24,18.57,18.31,0.26,1.42,29346.3,54028.2869,0.8682,1.45,18.44,25907.46,18.2933,23743.3,18.2775,21472.4325,18.298,20008.562,18.2688,21504.595,18.271,20710.223,18.1373,26982.8787,17.881,23953.5655
1190,20140815,002557.SZ,17.95,18.38,17.93,18.31,18.0,0.31,1.72,22468.62,40887.0304,0.6648,1.14,18.155,20941.8,18.18,18847.81,18.23,17674.1275,18.262,20292.964,18.23,19595.9825,18.246,20269.208,18.0547,26349.92,17.8105,22817.1965
1191,20140814,002557.SZ,18.23,18.38,17.98,18.0,18.23,-0.23,-1.26,19414.98,35329.9758,0.5744,0.96,18.115,17037.405,18.2033,16075.9633,18.25,19749.05,18.262,19687.42,18.2288,19410.9137,18.229,24149.334,17.9713,25828.1167,17.761,22346.055
1192,20140813,002557.SZ,18.5,18.53,18.13,18.23,18.38,-0.15,-0.82,14659.83,26825.6873,0.4337,0.73,18.305,14406.455,18.3333,19860.4067,18.3275,19755.53,18.254,20161.372,18.2688,20101.06,18.218,25958.84,17.9047,25456.7333,17.712,22048.3615
1193,20140812,002557.SZ,18.37,18.49,18.15,18.38,18.39,-0.01,-0.05,14153.08,25955.9844,0.4187,0.66,18.385,22460.695,18.36,21454.0967,18.26,21536.7575,18.26,20044.886,18.2575,25927.3162,18.137,26768.603,17.82,25287.3447,17.6615,23413.947
1194,20140811,002557.SZ,18.2,18.43,18.09,18.39,18.31,0.08,0.44,30768.31,56154.3699,0.9103,1.52,18.35,25104.605,18.22,23997.9833,18.23,21517.8375,18.244,21411.884,18.1963,28846.9362,18.057,30470.037,17.742,25268.5667,17.637,24607.142
1195,20140808,002557.SZ,17.9,18.34,17.9,18.31,17.96,0.35,1.95,19440.9,35331.8564,0.5752,0.68,18.135,20612.82,18.1767,18434.3467,18.2075,19072.7775,18.23,20245.452,18.075,27845.58,17.951,29378.398,17.66,23658.6073,17.57,23832.0335
1196,20140807,002557.SZ,18.2,18.23,17.85,17.96,18.26,-0.3,-1.64,21784.74,39313.4721,0.6445,0.69,18.11,17931.07,18.1733,18950.07,18.21,20446.59,18.196,28611.248,17.9838,31811.395,17.826,28898.465,17.594,23232.2667,17.4925,23418.167
1197,20140806,002557.SZ,18.2,18.48,18.16,18.26,18.3,-0.04,-0.22,14077.4,25786.8697,0.4165,0.42,18.28,17532.735,18.2933,20000.54,18.255,30317.875,18.182,31756.308,17.905,31569.7925,17.73,28104.414,17.5313,22677.358,17.428,23090.647
1198,20140805,002557.SZ,18.33,18.54,18.01,18.3,18.32,-0.02,-0.11,20988.07,38293.7025,0.6209,0.53,18.31,22962.11,18.2533,35731.3667,18.1625,36176.035,18.014,33492.32,17.755,31640.3137,17.6,27908.574,17.462,24536.9673,17.356,23389.484
1199,20140804,002557.SZ,18.2,18.44,18.18,18.32,18.14,0.18,0.99,24936.15,45538.4159,0.7378,0.65,18.23,43103.015,18.1167,41238.69,17.9425,36618.3825,17.87,39528.19,17.5925,30747.3337,17.491,27196.908,17.4347,25672.228,17.292,22936.8345
1200,20140801,002557.SZ,17.92,18.45,17.77,18.14,17.89,0.25,1.4,61269.88,111786.681,1.8127,2.1,18.015,49389.96,17.8167,40512.46,17.7575,43176.2,17.672,38511.344,17.4225,29145.19,17.375,25365.185,17.35,25027.5607,17.2185,22129.375
1201,20140731,002557.SZ,17.46,17.92,17.46,17.89,17.42,0.47,2.7,37510.04,66514.8747,1.1098,1.53,17.655,30133.75,17.63,37144.9733,17.555,32821.71,17.456,29185.682,17.3063,23220.3812,17.293,20542.776,17.258,21687.14,17.1565,19660.0075
1202,20140730,002557.SZ,17.56,17.64,17.34,17.42,17.58,-0.16,-0.91,22757.46,39661.7039,0.6733,1.02,17.5,36962.44,17.4433,31258.9333,17.3475,27104.5925,17.278,24452.52,17.215,19358.9912,17.206,18137.883,17.1767,20202.0933,17.1125,18495.5875
1203,20140729,002557.SZ,17.46,17.65,17.4,17.58,17.33,0.25,1.44,51167.42,89757.2617,1.5138,3.44,17.455,35509.67,17.3233,28553.6367,17.2425,24876.285,17.186,22324.828,17.2025,18145.0325,17.186,20059.291,17.1367,20021.872,17.0915,18194.5645
1204,20140728,002557.SZ,17.13,17.36,17.11,17.33,17.06,0.27,1.58,19851.92,34242.2743,0.5873,1.62,17.195,17246.745,17.13,16112.5733,17.0875,15114.18,17.112,14865.626,17.1325,13431.7437,17.217,18744.247,17.0993,17406.3827,17.047,16220.0275
1205,20140725,002557.SZ,17.02,17.12,16.89,17.06,17.0,0.06,0.35,14641.57,24890.1649,0.4332,1.23,17.03,14242.9,17.0067,13534.9333,17.0575,13619.0525,17.078,12219.026,17.1188,16196.6962,17.189,18285.669,17.0673,16668.7187,17.0095,15697.4725
1206,20140724,002557.SZ,16.95,17.1,16.83,17.0,16.96,0.04,0.24,13844.23,23521.0816,0.4096,1.17,16.98,12981.615,17.0567,13278.2133,17.0825,11613.39,17.13,11899.87,17.2225,19118.6225,17.159,17937.869,17.0567,16484.7827,16.986,15561.8485
1207,20140723,002557.SZ,17.2,17.32,16.94,16.96,17.21,-0.25,-1.45,12119.0,20695.4273,0.3586,0.68,17.085,12995.205,17.11,10869.7767,17.1625,11413.78,17.134,11823.246,17.2288,19296.3612,17.126,18076.88,17.0573,16509.9433,16.96,15470.0185
1208,20140722,002557.SZ,17.19,17.28,17.11,17.21,17.16,0.05,0.29,13871.41,23876.4523,0.4104,0.61,17.185,10245.165,17.23,11178.7067,17.1775,11749.3075,17.186,17793.754,17.2038,19176.9325,17.112,18870.394,17.06,16817.81,16.9265,15292.8205
1209,20140721,002557.SZ,17.21,17.37,17.01,17.16,17.32,-0.16,-0.92,6618.92,11360.7827,0.1958,0.27,17.24,9832.355,17.1667,11041.94,17.18,18774.34,17.322,22622.868,17.1363,19347.2987,17.093,18676.761,17.0253,16671.4947,16.8975,15297.7935
1210,20140718,002557.SZ,17.02,17.4,16.91,17.32,17.02,0.3,1.76,13045.79,22426.2315,0.386,0.54,17.17,13253.45,17.1867,22826.1467,17.3625,26623.855,17.3,24352.312,17.0938,21026.7012,17.062,18893.565,16.9867,16856.9547,16.8505,15395.9175
1211,20140717,002557.SZ,17.28,17.37,16.92,17.02,17.22,-0.2,-1.16,13461.11,22994.0103,0.3983,0.55,17.12,27716.325,17.3767,31149.8767,17.295,27178.9425,17.188,23975.868,17.0563,20887.8625,17.02,18777.239,16.938,16782.508,16.7935,15231.2435
1212,20140716,002557.SZ,17.67,17.76,17.18,17.22,17.89,-0.67,-3.75,41971.54,73148.3641,1.2418,2.1,17.555,39994.26,17.3867,31751.5533,17.23,26604.5575,17.118,24330.514,17.035,20303.5937,17.019,18853.292,16.902,16685.6093,16.762,15115.1735
1213,20140715,002557.SZ,17.04,17.95,17.04,17.89,17.05,0.84,4.93,38016.98,66028.2146,1.1248,2.58,17.47,26641.56,17.2333,21482.23,17.0925,19920.2575,17.038,19947.034,16.995,16542.4675,16.997,16329.838,16.84,14459.176,16.7165,13500.9775
1214,20140714,002557.SZ,16.78,17.05,16.76,17.05,16.76,0.29,1.73,15266.14,25826.1623,0.4517,1.14,16.905,13214.855,16.8267,13888.0167,16.825,15429.5475,16.864,14730.654,16.885,13568.05,16.877,13695.808,16.756,12856.102,16.656,12143.0685
1215,20140711,002557.SZ,16.66,16.86,16.66,16.76,16.67,0.09,0.54,11163.57,18681.1941,0.3303,0.82,16.715,13198.955,16.75,15484.0167,16.8175,14596.7825,16.824,13434.818,16.8788,13751.9075,16.83,13109.276,16.7007,12410.4527,16.657,12094.0145
1216,20140710,002557.SZ,16.81,16.96,16.61,16.67,16.82,-0.15,-0.89,15234.34,25605.7964,0.4507,1.14,16.745,17644.24,16.8367,15741.1867,16.84,14002.63,16.852,13578.61,16.87,13816.0462,16.813,13185.828,16.662,12316.3687,16.661,12118.154
1217,20140709,002557.SZ,17.03,17.23,16.8,16.82,17.02,-0.2,-1.18,20054.14,34223.9835,0.5933,1.58,16.92,15994.61,16.8967,13592.06,16.8975,13164.6775,16.92,13376.07,16.8588,13086.8562,16.794,12863.157,16.6433,12043.3933,16.6655,11755.368
1218,20140708,002557.SZ,16.8,17.07,16.73,17.02,16.85,0.17,1.01,11935.08,20225.0164,0.3531,0.94,16.935,10361.02,16.9233,10868.19,16.945,11706.5525,16.956,12712.642,16.83,12071.225,16.741,11715.247,16.6093,11352.292,16.673,11359.003
1219,20140707,002557.SZ,16.9,16.96,16.76,16.85,16.9,-0.05,-0.3,8786.96,14801.7855,0.26,0.69,16.875,10334.745,16.92,11630.3767,16.94,12907.0325,16.89,12660.962,16.7625,12080.2937,16.702,11918.826,16.5867,11280.54,16.6685,11772.5655
1220,20140704,002557.SZ,17.01,17.05,16.77,16.9,17.01,-0.11,-0.65,11882.53,20056.1548,0.3516,0.93,16.955,13052.085,16.97,14280.39,16.9,13629.4625,16.836,12783.734,16.6925,12053.8037,16.639,11898.27,16.6013,11647.08,16.707,12680.2105
1221,20140703,002557.SZ,17.01,17.09,16.76,17.01,17.0,0.01,0.06,14221.64,24084.0346,0.4208,1.15,17.005,15479.32,16.9,14211.7733,16.82,13009.035,16.774,12793.046,16.6588,12314.8462,16.567,11685.248,16.5973,11631.3353,16.7355,13795.9815
1222,20140702,002557.SZ,16.71,17.04,16.69,17.0,16.69,0.31,1.86,16737.0,28221.0158,0.4952,1.56,16.845,14206.84,16.7567,12604.8333,16.715,12435.8975,16.668,12350.244,16.56,11609.8162,16.505,11377.055,16.5807,11215.134,16.7365,13749.708
1223,20140701,002557.SZ,16.6,16.79,16.58,16.69,16.58,0.11,0.66,11676.68,19486.8349,0.3455,1.04,16.635,10538.75,16.62,11002.1967,16.585,11253.555,16.526,10717.852,16.4575,10736.73,16.436,10672.117,16.5787,10907.79,16.72,13408.7675
1224,20140630,002557.SZ,16.59,16.74,16.52,16.58,16.59,-0.01,-0.06,9400.82,15628.1437,0.2781,0.85,16.585,10664.955,16.55,11112.5133,16.485,10478.145,16.514,11176.69,16.42,10669.6087,16.435,10590.329,16.5947,11476.4333,16.726,13491.565
1225,20140627,002557.SZ,16.5,16.6,16.35,16.59,16.48,0.11,0.67,11929.09,19635.0139,0.3529,1.13,16.535,11968.36,16.4533,10837.2533,16.4975,11620.6575,16.442,11012.806,16.3863,10705.4587,16.484,11078.753,16.664,12645.7027,16.728,13642.172
1226,20140626,002557.SZ,16.31,16.58,16.31,16.48,16.29,0.19,1.17,12007.63,19782.7743,0.3553,1.15,16.385,10291.335,16.4667,11517.8467,16.405,10783.735,16.36,10577.45,16.3975,10571.6725,16.509,11050.48,16.7227,14130.2933,16.735,13628.365
1227,20140625,002557.SZ,16.63,16.73,16.25,16.29,16.63,-0.34,-2.04,8575.04,14046.2095,0.2537,0.81,16.46,11272.955,16.38,10375.77,16.33,10219.905,16.342,10403.866,16.4713,10856.3512,16.537,10647.579,16.7593,14216.196,16.7635,14253.763
1228,20140624,002557.SZ,16.22,16.66,16.19,16.63,16.22,0.41,2.53,13970.87,22946.289,0.4133,1.4,16.425,11276.135,16.3433,10768.1933,16.355,10861.0725,16.346,10626.382,16.54,11240.2662,16.605,11002.759,16.7847,14305.7393,16.7855,14685.559
1229,20140623,002557.SZ,16.2,16.35,16.13,16.22,16.18,0.04,0.25,8581.4,13911.1213,0.2539,0.77,16.2,9166.855,16.2633,9824.4733,16.275,9790.26,16.356,10003.968,16.5563,10491.235,16.635,11626.305,16.7967,14263.19,16.7865,14741.3625
1230,20140620,002557.SZ,16.4,16.46,16.1,16.18,16.39,-0.21,-1.28,9752.31,15814.9916,0.2885,0.85,16.285,10446.01,16.2933,10193.2133,16.39,10359.61,16.526,11144.7,16.65,10934.415,16.775,13462.151,16.8233,14518.6273,16.792,14729.6955
1231,20140619,002557.SZ,16.28,16.53,16.19,16.39,16.31,0.08,0.49,11139.71,18197.2872,0.3296,1.02,16.35,10413.665,16.46,10562.0433,16.6125,11492.7975,16.658,11523.51,16.7438,12241.1675,16.904,15906.715,16.86,14645.3367,16.7895,15559.046
1232,20140618,002557.SZ,16.68,16.76,16.31,16.31,16.68,-0.37,-2.22,9687.62,16007.9776,0.2866,0.85,16.495,10273.21,16.6867,11610.4933,16.725,11619.46,16.732,10891.292,16.8975,14216.1862,16.968,16122.361,16.904,15537.062,16.7925,15829.274
1233,20140617,002557.SZ,17.1,17.1,16.68,16.68,17.07,-0.39,-2.28,10858.8,18309.6235,0.3213,0.82,16.875,12571.93,16.8633,12263.4067,16.8375,11192.21,16.864,11379.136,17.0425,17279.9775,17.004,16145.418,16.932,16038.618,16.792,15792.3855
1234,20140616,002557.SZ,16.82,17.1,16.79,17.07,16.84,0.23,1.37,14285.06,24324.6985,0.4226,0.91,16.955,12965.71,16.89,11303.3467,16.91,11509.22,16.914,13248.642,17.0863,17584.6487,17.017,16392.801,16.93,16320.494,16.767,15815.446
1235,20140613,002557.SZ,16.71,17.0,16.7,16.84,16.76,0.08,0.48,11646.36,19637.4804,0.3446,0.57,16.8,9812.49,16.8567,10583.94,16.875,12989.5375,17.024,15779.602,17.0363,17038.79,16.972,16205.591,16.8807,15924.694,16.728,15719.82
1236,20140612,002557.SZ,16.86,16.95,16.69,16.76,16.97,-0.21,-1.24,7978.62,13438.1829,0.2361,0.37,16.865,10052.73,16.8867,13437.2633,17.07,16812.9125,17.15,20289.92,17.0325,17249.5737,16.961,16206.25,16.8333,16904.2247,16.708,15898.5145
1237,20140611,002557.SZ,16.99,16.99,16.67,16.97,16.93,0.04,0.24,12126.84,20393.2101,0.3588,0.58,16.95,16166.585,17.1733,19757.6767,17.2475,23367.745,17.204,21353.43,17.015,17803.8662,16.99,17859.947,16.8127,17475.268,16.698,16038.8565
1238,20140610,002557.SZ,17.12,17.12,16.65,16.93,17.12,-0.19,-1.11,20206.33,33998.251,0.5978,1.03,17.275,23573.095,17.34,27114.7133,17.2625,23660.0775,17.144,20911.7,16.985,17744.63,16.966,18368.359,16.768,17263.4687,16.6805,16771.2535
1239,20140609,002557.SZ,17.43,17.78,17.35,17.62,17.47,0.15,0.86,26939.86,47356.8737,0.797,1.62,17.545,30568.905,17.3733,24811.3267,17.1975,21088.0425,17.12,19536.96,17.0,18283.2875,16.938,17856.42,16.718,16671.0473,16.667,18041.547
1240,20140606,002557.SZ,17.04,17.65,17.04,17.47,17.03,0.44,2.58,34197.95,59332.0827,1.0118,2.82,17.25,23747.06,17.0567,19137.4367,16.995,17686.235,16.92,16631.58,16.8888,17067.175,16.809,15997.24,16.6293,15699.8927,16.596,17969.4315
1241,20140605,002557.SZ,16.7,17.05,16.55,17.03,16.67,0.36,2.16,13296.17,22498.128,0.3934,0.93,16.85,11607.18,16.8367,12182.33,16.7825,12239.9875,16.772,12122.58,16.7863,14678.2987,16.675,15211.377,16.5607,14434.7127,16.52,17563.0385
1242,20140604,002557.SZ,16.95,16.95,16.4,16.67,16.81,-0.14,-0.83,9918.19,16476.7829,0.2934,0.63,16.74,11625.41,16.7,11887.9267,16.7075,11829.1825,16.776,14366.464,16.6988,14059.785,16.617,15536.187,16.5293,14267.332,16.49,17814.0085
1243,20140603,002557.SZ,16.69,17.05,16.69,16.81,16.62,0.19,1.14,13332.63,22586.4818,0.3945,0.82,16.715,12872.795,16.72,12466.18,16.8025,15478.5325,16.788,15825.018,16.6313,16112.4262,16.58,15439.353,16.526,15391.1047,16.4915,18415.712
1244,20140530,002557.SZ,16.8,16.8,16.54,16.62,16.73,-0.11,-0.66,12412.96,20646.0772,0.3672,0.81,16.675,12032.955,16.8,16193.8333,16.7825,16448.115,16.756,16175.88,16.5863,16513.8812,16.517,15238.091,16.516,17543.076,16.4895,18516.3365
1245,20140529,002557.SZ,17.04,17.05,16.72,16.73,17.05,-0.32,-1.88,11652.95,19626.1106,0.3448,0.64,16.89,18084.27,16.8367,17793.1667,16.79,17116.61,16.698,15362.9,16.5463,16080.9925,16.484,15234.049,16.488,18415.382,16.4985,18995.677
1246,20140528,002557.SZ,16.73,17.1,16.69,17.05,16.73,0.32,1.91,24515.59,41497.5745,0.7253,1.47,16.89,20863.275,16.81,18937.83,16.69,16290.3875,16.578,18300.174,16.4775,16039.375,16.455,15590.779,16.436,19376.5247,16.486,19122.4315
1247,20140527,002557.SZ,16.67,16.89,16.55,16.73,16.65,0.08,0.48,17210.96,28817.2834,0.5092,1.14,16.69,16148.95,16.57,13548.6533,16.46,16746.32,16.458,16705.91,16.3825,14521.4937,16.406,14217.766,16.3947,18963.19,16.4515,18671.792
1248,20140526,002557.SZ,16.38,16.68,16.33,16.65,16.33,0.32,1.96,15086.94,24965.0323,0.4464,1.06,16.49,11717.5,16.37,16591.44,16.39,16579.6475,16.372,15053.688,16.3463,14272.655,16.395,15174.148,16.3927,19279.2767,16.451,18332.978
1249,20140523,002557.SZ,16.18,16.37,16.11,16.33,16.13,0.2,1.24,8348.06,13556.4141,0.247,0.55,16.23,17343.69,16.3033,17077.2167,16.3025,15045.375,16.278,14300.302,16.335,13734.97,16.396,18226.674,16.4007,19296.4887,16.46,18559.1275
1250,20140522,002557.SZ,16.4,16.52,16.08,16.13,16.45,-0.32,-1.95,26339.32,42956.7366,0.7793,2.04,16.29,21441.795,16.2933,17277.8133,16.265,15788.3625,16.27,15105.198,16.3713,16038.31,16.383,19941.623,16.432,20206.6027,16.4965,22539.7695
1251,20140521,002557.SZ,16.29,16.52,16.12,16.45,16.3,0.15,0.92,16544.27,27110.1897,0.4895,1.41,16.375,12747.06,16.31,12271.3767,16.305,12296.6675,16.332,12881.384,16.4375,18447.42,16.365,19914.7,16.4553,19396.5173,16.556,23706.005
1252,20140520,002557.SZ,16.2,16.37,16.2,16.3,16.18,0.12,0.74,8949.85,14579.1689,0.2648,0.59,16.24,10134.93,16.2567,10880.8,16.3025,11965.6625,16.354,11729.622,16.4063,19566.58,16.363,20091.83,16.4493,19327.086,16.6955,23308.384
1253,20140519,002557.SZ,16.24,16.45,15.97,16.18,16.29,-0.11,-0.68,11320.01,18247.6856,0.3349,0.51,16.235,11846.275,16.3033,12970.9333,16.3675,12424.565,16.418,15294.608,16.3625,21706.61,16.403,21392.071,16.4773,19426.0747,16.8435,23189.7615
1254,20140516,002557.SZ,16.28,16.41,16.03,16.29,16.44,-0.15,-0.91,12372.54,20024.3435,0.3661,0.5,16.365,13796.395,16.43,12792.75,16.4775,16288.2575,16.514,22153.046,16.3938,22581.055,16.462,21794.582,16.5207,19978.736,16.9915,23168.1265
1255,20140515,002557.SZ,16.56,16.58,16.09,16.44,16.56,-0.12,-0.72,15220.25,24817.2718,0.4503,0.56,16.5,13002.855,16.54,17593.4967,16.57,24598.1725,16.496,24778.048,16.445,23778.52,16.513,22757.305,16.572,25017.96,17.1355,23007.3615
1256,20140514,002557.SZ,16.6,16.65,16.47,16.56,16.62,-0.06,-0.36,10785.46,17853.3469,0.3191,0.38,16.59,18780.12,16.6133,27724.1467,16.51,27167.4975,16.398,26948.016,16.4863,23794.1287,16.517,22654.084,16.6307,27314.212,17.2865,22790.626
1257,20140513,002557.SZ,16.7,16.76,16.48,16.62,16.66,-0.04,-0.24,26774.78,44484.1546,0.7922,0.97,16.64,36193.49,16.4933,32628.1767,16.3575,30988.655,16.372,28454.038,16.5163,25195.9175,16.497,23125.818,16.8093,27167.9713,17.4415,22627.187
1258,20140512,002557.SZ,16.2,16.78,16.13,16.66,16.2,0.46,2.84,45612.2,75063.7554,1.3495,2.13,16.43,35554.875,16.27,32393.28,16.31,28873.8525,16.388,27489.534,16.4988,23622.575,16.507,21491.808,16.9853,25821.4793,17.597,21945.1405
1259,20140509,002557.SZ,15.91,16.27,15.75,16.2,15.95,0.25,1.57,25497.55,40772.7045,0.7544,1.23,16.075,25783.82,16.1933,23294.4033,16.32,22958.8675,16.41,21436.118,16.4613,19858.9,16.524,18891.581,17.1507,23506.4867,17.736,20499.421
1260,20140508,002557.SZ,16.45,16.59,15.95,15.95,16.43,-0.48,-2.92,26070.09,42393.4392,0.7713,1.42,16.19,22192.83,16.36,22112.64,16.4625,20420.76,16.53,20736.562,16.5263,17976.0412,16.61,25137.916,17.3487,22417.1327,17.898,19656.063
1261,20140507,002557.SZ,16.63,16.75,16.33,16.43,16.7,-0.27,-1.62,18315.57,30082.0654,0.5419,1.03,16.565,20133.915,16.6333,18537.65,16.675,19403.18,16.636,18360.152,16.6363,17168.5212,16.747,27497.31,17.5827,21404.8293,18.068,18821.566
1262,20140506,002557.SZ,16.76,16.87,16.66,16.7,16.77,-0.07,-0.42,21952.26,36759.3142,0.6495,1.42,16.735,18648.69,16.7567,19765.7167,16.6875,18371.2975,16.622,17797.598,16.715,25874.1875,17.028,26524.938,17.798,20684.9033,18.2065,18665.779
1263,20140505,002557.SZ,16.88,16.97,16.6,16.77,16.8,-0.03,-0.18,15345.12,25613.928,0.454,0.94,16.785,18672.445,16.6833,17177.6433,16.6025,16758.9325,16.626,15494.082,16.7925,29338.1587,17.284,24987.452,18.0,20097.0093,18.3315,18116.802
1264,20140430,002557.SZ,16.45,16.98,16.35,16.8,16.48,0.32,1.94,21999.77,36411.1663,0.6509,0.74,16.64,18093.905,16.5467,17230.2033,16.59,15531.3225,16.638,16347.044,17.1013,28494.0,17.521,24541.671,18.178,20187.1887,18.4575,18059.2345
1265,20140429,002557.SZ,16.4,16.6,16.22,16.48,16.36,0.12,0.73,14188.04,23235.1572,0.4198,0.39,16.42,14845.42,16.52,13375.1733,16.5975,14933.8625,16.69,29539.27,17.4088,26566.2037,17.758,23257.418,18.354,19295.8967,18.6135,17501.8865
1266,20140428,002557.SZ,16.79,16.79,16.13,16.36,16.72,-0.36,-2.15,15502.8,25289.1536,0.4587,0.44,16.54,12968.74,16.6367,15182.47,16.7425,33377.0775,16.858,36634.468,17.7413,26153.6125,18.056,22927.168,18.5453,18975.3707,18.7685,17465.554
1267,20140425,002557.SZ,16.83,16.92,16.57,16.72,16.83,-0.11,-0.65,10434.68,17470.5212,0.3087,0.3,16.775,15022.305,16.87,39335.17,16.9825,41917.385,17.434,35252.278,18.0925,25360.4175,18.386,22128.556,18.7347,18955.1727,18.99,17004.938
1268,20140424,002557.SZ,16.8,17.19,16.73,16.83,17.06,-0.23,-1.35,19609.93,33096.9671,0.5802,0.6,16.945,53785.415,17.07,52411.62,17.6125,41456.6775,17.942,34480.822,18.435,25416.775,18.687,22398.473,18.9,18991.042,19.1965,17073.2965
1269,20140423,002557.SZ,16.81,17.25,16.45,17.06,17.32,-0.26,-1.5,87960.9,146897.7972,2.6024,5.18,17.19,68812.465,17.8733,48738.9267,18.22,38198.545,18.404,32736.298,18.7888,23905.1187,18.948,22107.261,19.064,18629.9647,19.396,16432.6455
1270,20140422,002557.SZ,19.13,19.13,17.32,17.32,19.24,-1.92,-9.98,49664.03,87490.9233,1.4694,5.39,18.28,29127.94,18.6067,21611.0933,18.74,18930.1475,18.826,16975.566,19.1225,14551.7375,19.186,14174.21,19.2547,13489.4253,19.5925,12773.4035
1271,20140421,002557.SZ,19.18,19.31,19.0,19.24,19.26,-0.02,-0.1,8591.85,16505.5483,0.2542,0.95,19.25,7584.625,19.2133,8685.52,19.2025,8803.45,19.254,9219.868,19.3875,10430.96,19.389,10145.822,19.4053,11075.916,19.737,10841.856
1272,20140418,002557.SZ,19.18,19.31,19.08,19.26,19.14,0.12,0.63,6577.4,12647.3077,0.1946,0.64,19.2,8732.355,19.19,8873.9833,19.2575,9376.8725,19.338,9004.834,19.4125,10435.7775,19.385,10806.62,19.5087,10922.4913,19.808,10877.167
1273,20140417,002557.SZ,19.21,19.36,19.0,19.14,19.17,-0.03,-0.16,10887.31,20832.0103,0.3221,0.95,19.155,10022.275,19.2567,10310.03,19.3575,9611.6925,19.432,10316.124,19.4238,10786.1212,19.379,11246.152,19.6147,11270.788,19.873,10936.0245
1274,20140416,002557.SZ,19.3,19.47,19.0,19.17,19.46,-0.29,-1.49,9157.24,17582.9002,0.2709,0.81,19.315,10021.39,19.43,9186.4867,19.505,10173.3275,19.492,11478.224,19.4313,11325.1862,19.394,11576.798,19.7267,10998.0947,19.978,11786.0095
1275,20140415,002557.SZ,19.65,19.71,19.28,19.46,19.66,-0.2,-1.02,10885.54,21136.1909,0.3221,0.98,19.56,9201.11,19.6167,10512.0233,19.5725,12058.47,19.546,11372.854,19.435,11552.1212,19.469,11746.355,19.848,11372.6827,20.0545,12491.3575
1276,20140414,002557.SZ,19.75,19.89,19.58,19.66,19.73,-0.07,-0.35,7516.68,14831.627,0.2224,0.6,19.695,10325.265,19.61,12449.4467,19.5675,11494.6825,19.524,11071.776,19.4138,11965.65,19.481,12003.94,19.898,11382.5187,20.0845,12307.795
1277,20140411,002557.SZ,19.41,19.88,19.4,19.73,19.44,0.29,1.49,13133.85,25896.7875,0.3886,1.08,19.585,14915.83,19.5367,12820.6833,19.49,11960.55,19.432,12608.406,19.4463,12382.6662,19.594,11881.32,19.9647,11501.278,20.0885,12269.118
1278,20140410,002557.SZ,19.35,19.82,19.1,19.44,19.44,0.0,0.0,16697.81,32491.8933,0.494,1.43,19.44,12664.1,19.41,11569.45,19.3575,12477.045,19.326,12176.18,19.4275,12423.6087,19.706,11748.12,20.02,11142.658,20.102,12289.8855
1279,20140409,002557.SZ,19.35,19.48,19.26,19.44,19.35,0.09,0.47,8630.39,16695.1057,0.2553,0.71,19.395,9005.27,19.33,11070.1233,19.2975,11045.7725,19.296,11675.372,19.5963,11122.6925,19.844,10758.03,20.14,11888.6047,20.089,11913.486
1280,20140408,002557.SZ,19.04,19.36,19.0,19.35,19.2,0.15,0.78,9380.15,18016.65,0.2775,0.73,19.275,12289.99,19.25,11850.9,19.26,12436.6175,19.392,12119.856,19.7725,11519.125,19.999,11372.597,20.224,12864.192,20.072,11981.7115
1281,20140404,002557.SZ,19.18,19.2,18.8,19.2,19.2,0.0,0.0,15199.83,28806.7011,0.4497,1.36,19.2,13086.275,19.23,13455.44,19.4025,12804.7825,19.438,12936.104,19.9563,11196.22,20.085,11537.89,20.2713,12719.8013,20.0495,12170.5735
1282,20140403,002557.SZ,19.22,19.47,19.0,19.2,19.29,-0.09,-0.47,10972.72,20989.3727,0.3246,0.97,19.245,12583.245,19.47,12006.4333,19.4975,12370.1725,19.756,11154.234,20.18,11143.2487,20.231,10947.714,20.3073,12156.022,20.0545,11896.414
1283,20140402,002557.SZ,19.95,19.95,19.08,19.29,19.92,-0.63,-3.16,14193.77,27410.881,0.4199,1.44,19.605,12523.29,19.5967,12835.99,19.895,11199.6125,20.086,11320.06,20.3063,11150.7937,20.367,10625.897,20.3607,12327.7873,20.074,11712.921
1284,20140401,002557.SZ,19.56,20.05,19.0,19.92,19.58,0.34,1.74,10852.81,21124.6374,0.3211,1.02,19.75,12157.1,20.0967,10201.56,20.285,10601.6325,20.392,9840.688,20.4775,10538.8312,20.562,11995.221,20.3533,11992.8573,20.108,11615.689
1285,20140331,002557.SZ,20.74,20.89,19.52,19.58,20.79,-1.21,-5.82,13461.39,27079.692,0.3983,1.33,20.185,9875.935,20.4067,10517.9067,20.51,9587.6575,20.606,10625.338,20.5575,10151.5487,20.64,13236.36,20.2987,11935.6633,20.111,11875.8265
1286,20140328,002557.SZ,20.98,20.98,20.25,20.79,20.85,-0.06,-0.29,6290.48,12987.5727,0.1861,0.59,20.82,9046.165,20.82,8296.4133,20.8625,9916.325,20.732,10139.676,20.765,11954.7512,20.688,12611.65,20.2533,11915.3967,20.1285,11942.7395
1287,20140327,002557.SZ,20.84,21.23,20.67,20.85,20.82,0.03,0.14,11801.85,24828.3816,0.3492,1.19,20.835,9299.38,20.8867,11124.94,20.7175,11101.975,20.706,10741.194,20.7538,14076.4662,20.583,12656.916,20.154,12143.8073,20.0485,12456.799
1288,20140326,002557.SZ,20.97,21.17,20.81,20.82,20.99,-0.17,-0.81,6796.91,14271.3715,0.2011,0.48,20.905,10786.485,20.6733,10868.6833,20.67,10476.03,20.648,9931.734,20.655,13503.0212,20.498,12831.651,20.07,11843.8747,19.9635,13107.658
1289,20140325,002557.SZ,20.09,21.0,20.09,20.99,20.21,0.78,3.86,14776.06,30466.3681,0.4372,0.93,20.6,12904.57,20.62,11702.4033,20.605,10715.44,20.732,14149.754,20.52,13496.3,20.334,13068.942,20.0133,12207.356,19.88,13807.365
1290,20140324,002557.SZ,20.6,20.65,19.9,20.21,20.66,-0.45,-2.18,11033.08,22282.5581,0.3264,0.73,20.435,10165.575,20.4767,9361.9,20.6675,13993.1775,20.674,15847.382,20.3963,13342.9425,20.145,12590.826,19.946,12292.656,19.8365,14167.8955
1291,20140321,002557.SZ,20.53,20.8,20.0,20.66,20.56,0.1,0.49,9298.07,18922.2676,0.2751,0.64,20.61,8526.31,20.82,14979.8767,20.79,17050.9575,20.644,15083.624,20.2675,13110.035,20.014,12803.257,19.9273,12543.7607,19.877,14246.935
1292,20140320,002557.SZ,21.06,21.26,20.56,20.56,21.24,-0.68,-3.2,7754.55,16148.8069,0.2294,0.49,20.9,17820.78,20.8333,19635.2533,20.64,16530.0125,20.46,14572.638,20.0725,13197.1387,19.878,12845.114,19.8293,13028.6673,19.873,14764.7075
1293,20140319,002557.SZ,20.83,21.5,20.57,21.24,20.7,0.54,2.61,27887.01,59276.385,0.8251,2.33,20.97,25575.605,20.6667,19455.1667,20.435,16277.16,20.348,15731.568,19.865,13872.4937,19.781,12799.945,19.7353,14166.2993,19.9,15435.25
1294,20140318,002557.SZ,20.21,21.08,20.21,20.7,20.06,0.64,3.19,23264.2,48314.0205,0.6883,2.49,20.38,15239.245,20.1667,12407.21,20.125,12692.7075,19.936,11988.13,19.6225,11601.1975,19.654,11236.157,19.596,13693.2353,19.9205,14826.6665
1295,20140317,002557.SZ,19.75,20.14,19.6,20.06,19.74,0.32,1.62,7214.29,14394.6722,0.2134,0.69,19.9,6978.715,19.9333,9168.8767,19.745,9169.1125,19.616,9334.27,19.4838,9606.03,19.582,10515.293,19.5573,13608.0667,19.9845,15335.0735
1296,20140314,002557.SZ,19.8,19.99,19.61,19.74,20.0,-0.26,-1.3,6743.14,13334.0154,0.1995,0.61,19.87,10146.17,19.64,9820.72,19.505,9864.265,19.384,10522.89,19.4725,10235.385,19.569,11273.829,19.6213,13968.0387,20.079,16423.475
1297,20140313,002557.SZ,19.25,20.03,19.23,20.0,19.18,0.82,4.28,13549.2,26667.3086,0.4009,1.37,19.59,11359.51,19.4267,10904.64,19.295,11467.8275,19.296,11117.59,19.5025,11399.4375,19.514,12256.682,19.6773,14828.7307,20.172,17181.517
1298,20140312,002557.SZ,19.08,19.39,19.0,19.18,19.1,0.08,0.42,9169.82,17592.5579,0.2713,0.87,19.14,9582.36,19.06,10774.0367,19.12,10509.6875,19.214,9868.322,19.4938,11555.7437,19.429,13383.665,19.7507,15336.4773,20.255,17560.896
1299,20140311,002557.SZ,18.9,19.29,18.7,19.1,18.9,0.2,1.06,9994.9,18979.7723,0.2957,0.85,19.0,11576.145,19.1,10956.31,19.2225,10042.9475,19.372,10484.184,19.495,12480.975,19.426,14545.788,19.9153,15772.8453,20.392,18411.352
1300,20140310,002557.SZ,19.23,19.23,18.81,18.9,19.3,-0.4,-2.07,13157.39,24960.758,0.3893,1.09,19.1,11437.015,19.2633,10058.9633,19.44,10606.505,19.548,11696.316,19.5013,14333.9912,19.528,15744.965,20.1073,17335.3413,20.5235,19570.677
1301,20140307,002557.SZ,19.68,19.68,19.0,19.3,19.59,-0.29,-1.48,9716.64,18819.9414,0.2875,0.73,19.445,8509.75,19.62,9756.21,19.71,11331.0475,19.754,12024.768,19.5325,15288.1987,19.74,15690.613,20.3107,18390.3367,20.6435,20728.8485
1302,20140306,002557.SZ,19.96,20.05,19.55,19.59,19.97,-0.38,-1.9,7302.86,14366.5178,0.2161,0.43,19.78,9775.995,19.8467,11869.1833,19.8675,12601.8,19.732,13395.774,19.635,16821.9525,19.868,16684.301,20.464,19202.826,20.7175,21072.4505
1303,20140305,002557.SZ,20.02,20.14,19.74,19.97,19.98,-0.01,-0.05,12249.13,24388.8813,0.3624,0.66,19.975,14152.345,19.96,14368.1133,19.7675,14919.0025,19.644,16899.008,19.8138,17485.8287,20.019,18070.555,20.602,20125.0873,20.76,21599.467
1304,20140304,002557.SZ,19.9,20.17,19.5,19.98,19.93,0.05,0.25,16055.56,31818.8909,0.475,0.81,19.955,15427.605,19.7,15808.96,19.5625,18061.4775,19.48,18607.392,19.89,18411.3775,20.187,18417.176,20.732,21053.7413,20.813,22077.4015
1305,20140303,002557.SZ,19.2,19.99,19.19,19.93,19.19,0.74,3.86,14799.65,29178.1945,0.4379,0.76,19.56,15685.66,19.4233,18730.1167,19.355,19245.35,19.508,19793.614,20.03,19050.1075,20.387,20154.854,20.8487,22195.464,20.8785,22446.6915
1306,20140228,002557.SZ,19.2,19.29,18.41,19.19,19.15,0.04,0.21,16571.67,31320.9856,1.9611,0.83,19.17,20695.35,19.1633,20727.25,19.4025,21042.105,19.726,19356.458,20.245,19164.5687,20.589,21573.121,20.94,23630.2087,20.941,22873.4765
1307,20140227,002557.SZ,19.3,19.75,18.95,19.15,19.15,0.0,0.0,24819.03,47937.8596,2.9372,1.29,19.15,22805.04,19.4733,22532.25,19.86,20052.655,20.004,19972.828,20.5938,21272.1525,20.83,22106.352,21.046,23631.3427,21.0755,23214.272
1308,20140226,002557.SZ,19.8,20.09,18.92,19.15,20.12,-0.97,-4.82,20791.05,40180.972,2.4605,1.14,19.635,21388.86,20.0967,18463.8633,20.2175,18761.2775,20.394,19242.102,20.9438,21792.5637,21.081,21738.127,21.132,23166.2867,21.208,23513.6075
1309,20140225,002557.SZ,21.03,21.26,19.81,20.12,21.02,-0.9,-4.28,21986.67,45114.2965,2.602,1.07,20.57,17300.27,20.5733,18084.6867,20.705,18854.865,20.894,18226.96,21.25,21931.68,21.358,22276.916,21.2573,23234.0713,21.362,24943.1555
1310,20140224,002557.SZ,20.58,21.06,20.24,21.02,20.58,0.44,2.14,12613.87,25953.4442,1.4928,0.53,20.8,16133.695,20.9,17810.93,21.0875,17287.0325,21.266,20516.094,21.4425,21825.4437,21.519,23396.389,21.3353,23331.0507,21.405,24754.1915
1311,20140221,002557.SZ,21.16,21.33,20.34,20.58,21.1,-0.52,-2.46,19653.52,40780.9916,2.3259,0.81,20.84,20409.46,21.11,18844.7533,21.3275,22491.65,21.452,23789.784,21.555,23521.0775,21.547,25767.084,21.346,24045.816,21.395,24918.808
1312,20140220,002557.SZ,21.89,21.89,21.05,21.1,21.65,-0.55,-2.54,21165.4,45055.8596,2.5048,0.87,21.375,18440.37,21.5767,23437.6933,21.67,24823.85,21.656,24239.876,21.6988,25212.0625,21.567,25460.6,21.4327,24294.7533,21.4115,25103.939
1313,20140219,002557.SZ,21.98,22.05,21.53,21.65,21.98,-0.33,-1.5,15715.34,34137.6703,1.8598,0.6,21.815,24573.84,21.86,26043.3333,21.795,25008.495,21.768,24234.152,21.7238,27106.49,21.501,25128.379,21.4793,24937.4427,21.437,25139.984
1314,20140218,002557.SZ,21.88,22.06,21.44,21.98,21.95,0.03,0.14,33432.34,72808.9992,3.9565,1.27,21.965,31207.33,21.8433,28106.2133,21.7975,26363.855,21.822,26326.872,21.615,27215.6575,21.439,25737.627,21.518,27181.8873,21.441,25725.9075
1315,20140217,002557.SZ,21.6,22.7,21.6,21.95,21.6,0.35,1.62,28982.32,63910.9471,3.4299,1.04,21.775,25443.15,21.7367,24007.6933,21.7825,24550.505,21.772,26276.684,21.4225,25267.0137,21.37,24738.529,21.4513,26166.8907,21.434,24836.5275
1316,20140214,002557.SZ,21.7,21.94,21.4,21.6,21.66,-0.06,-0.28,21903.98,47341.9148,2.5922,0.82,21.63,21520.38,21.7267,23073.2333,21.7275,25600.275,21.642,27744.384,21.3075,24370.2012,21.293,24173.832,21.376,25295.1493,21.3935,24096.1785
1317,20140213,002557.SZ,21.91,22.18,21.63,21.66,21.92,-0.26,-1.19,21136.78,46320.5552,2.5014,0.81,21.79,23657.86,21.77,26832.3733,21.6525,29204.485,21.478,26681.324,21.2688,24562.3737,21.321,24322.192,21.33,25391.96,21.397,23888.7395
1318,20140212,002557.SZ,21.7,21.97,21.38,21.92,21.73,0.19,0.87,26178.94,56602.5519,3.0981,1.04,21.825,29680.17,21.65,31893.72,21.4325,28067.46,21.234,26022.606,21.2088,24837.195,21.335,25289.088,21.3267,25441.928,21.4065,23507.0925
1319,20140211,002557.SZ,21.2,21.8,21.16,21.73,21.3,0.43,2.02,33181.4,71612.3977,3.9268,1.43,21.515,34751.11,21.27,28696.9667,21.0625,25983.5225,21.056,25148.382,21.2038,24488.275,21.366,27609.395,21.314,25525.586,21.4485,22952.856
1320,20140210,002557.SZ,20.81,21.59,20.69,21.3,20.78,0.52,2.5,36320.82,76780.4227,4.2983,1.76,21.04,26454.75,20.84,23584.23,20.8875,23140.1275,20.968,23200.374,21.2125,24191.3175,21.291,26111.994,21.3213,24356.4753,21.5265,21907.6965
1321,20140207,002557.SZ,20.3,20.93,20.19,20.78,20.44,0.34,1.66,16588.68,34272.2547,1.9632,0.76,20.61,17215.935,20.75,18746.5633,20.885,19920.2625,20.944,20603.28,21.3288,25823.9662,21.243,24070.532,21.3107,22880.11,21.6315,20638.6945
1322,20140130,002557.SZ,20.94,21.07,20.31,20.44,21.03,-0.59,-2.81,17843.19,36995.9235,2.1116,0.73,20.735,19825.505,20.92,21030.79,20.985,21606.93,21.164,21963.06,21.3538,26026.305,21.256,24747.278,21.37,22957.878,21.7875,20629.3505
1323,20140129,002557.SZ,21.31,21.31,20.81,21.03,21.29,-0.26,-1.22,21807.82,45897.4176,2.5808,0.73,21.16,22624.59,21.1667,22861.51,21.345,22993.0275,21.436,24555.57,21.4013,25784.1812,21.373,25151.589,21.464,22668.588,21.9845,20678.796
1324,20140128,002557.SZ,21.12,21.33,20.8,21.29,21.18,0.11,0.52,23441.36,49210.9597,2.7741,0.81,21.235,23388.355,21.45,23388.0967,21.5375,25242.5075,21.676,30070.408,21.3863,25977.7212,21.443,25714.188,21.5793,22221.014,22.14,20540.737
1325,20140127,002557.SZ,21.91,21.91,21.11,21.18,21.88,-0.7,-3.2,23335.35,49679.4673,2.7616,0.85,21.53,23361.465,21.62,25842.89,21.7725,31727.67,21.614,29023.614,21.4263,25783.3387,21.498,24934.526,21.7127,21476.804,22.3155,20541.6035
1326,20140124,002557.SZ,21.77,22.13,21.5,21.88,21.8,0.08,0.37,23387.58,51307.9367,2.7678,0.85,21.84,27096.66,21.97,34525.11,21.7225,30445.68,21.542,27537.784,21.495,26295.6462,21.494,24018.525,21.8607,20650.4993,22.491,21404.754
1327,20140123,002557.SZ,21.93,22.15,21.6,21.8,22.23,-0.43,-1.93,30805.74,67149.7703,3.6456,1.2,22.015,40093.875,21.67,32798.38,21.4575,28575.335,21.348,27531.496,21.49,25327.7912,21.473,23455.287,21.9953,20184.7807,22.552,20878.9735
1328,20140122,002557.SZ,21.1,22.64,20.82,22.23,20.98,1.25,5.96,49382.01,105610.8324,5.844,2.31,21.605,33794.7,21.3433,27831.8667,21.235,26712.935,21.31,25747.608,21.4075,23248.9912,21.478,21725.097,22.1673,19386.538,22.6535,20719.1895
1329,20140121,002557.SZ,20.82,21.07,20.51,20.98,20.82,0.16,0.77,18207.39,37826.2269,2.1547,0.87,20.9,17056.795,20.9033,19156.5767,21.08,19839.0075,21.21,21357.968,21.3375,19295.64,21.531,18296.317,22.2947,17364.18,22.731,19835.8305
1330,20140120,002557.SZ,20.87,21.3,20.53,20.82,20.91,-0.09,-0.43,15906.2,33289.4768,1.8824,0.78,20.865,19631.17,21.1133,20382.88,21.2675,22145.6125,21.382,20845.438,21.4463,18707.6962,21.762,17703.399,22.5493,17714.2667,22.835,19971.4305
1331,20140117,002557.SZ,21.55,21.62,20.8,20.91,21.61,-0.7,-3.24,23356.14,49697.9745,2.764,1.21,21.26,22621.22,21.4167,24225.4167,21.5225,22080.2475,21.446,20499.266,21.6888,18606.1975,22.02,17206.857,22.8073,19360.4107,22.894,19886.932
1332,20140116,002557.SZ,21.57,21.8,21.2,21.61,21.73,-0.12,-0.55,21886.3,46772.166,2.5901,1.24,21.67,24660.055,21.7267,21654.95,21.58,19785.0475,21.598,19379.078,21.9863,17221.4562,22.319,16511.423,22.9533,18661.466,22.9335,19713.3635
1333,20140115,002557.SZ,21.79,22.49,21.34,21.73,21.84,-0.11,-0.5,27433.81,60143.0012,3.2466,1.8,21.785,21539.275,21.57,19084.63,21.595,18752.2725,21.646,17702.586,22.21,15853.2662,22.596,16206.003,23.1013,19043.05,22.9855,19565.0295
1334,20140114,002557.SZ,21.14,22.0,21.05,21.84,21.14,0.7,3.31,15644.74,33775.0113,1.8514,1.07,21.49,14910.04,21.55,15858.4267,21.625,15269.78,21.852,15234.666,22.4813,14474.265,22.837,15367.286,23.238,19328.4513,23.0245,19579.6575
1335,20140113,002557.SZ,21.7,21.7,21.05,21.14,21.67,-0.53,-2.45,14175.34,30154.642,1.6776,1.02,21.405,15965.27,21.5533,15144.7933,21.855,15132.1475,22.142,14561.36,22.7988,14872.685,23.133,16148.681,23.3193,19680.0947,23.107,20713.944
1336,20140110,002557.SZ,21.7,21.76,21.03,21.67,21.85,-0.18,-0.82,17755.2,38100.9599,2.1012,1.3,21.76,15629.52,22.0933,15451.0833,22.3925,14657.865,22.594,13914.448,23.1738,15481.5975,23.488,18790.983,23.3767,19682.8207,23.235,21805.142
1337,20140109,002557.SZ,22.61,22.99,21.85,21.85,22.76,-0.91,-4.0,13503.84,30477.0112,1.5981,0.92,22.305,14299.025,22.6333,13625.42,22.825,12954.26,23.04,13643.768,23.565,16194.5337,23.631,18302.66,23.3787,19824.792,23.286,22293.111
1338,20140108,002557.SZ,23.25,23.48,22.5,22.76,23.29,-0.53,-2.28,15094.21,34764.6654,1.7863,0.97,23.025,13686.21,23.15,12771.0667,23.3375,13678.75,23.546,14709.42,23.92,19581.3487,23.829,19713.282,23.432,20185.844,23.2895,22396.2225
1339,20140107,002557.SZ,23.38,23.4,22.7,23.29,23.4,-0.11,-0.47,12278.21,28328.992,1.453,0.69,23.345,11609.495,23.53,13206.93,23.7425,14613.2225,23.822,15499.906,23.9625,19303.5687,23.931,21375.344,23.4153,21027.988,23.238,22440.6585
1340,20140106,002557.SZ,23.75,23.76,23.12,23.4,23.9,-0.5,-2.09,10940.78,25564.3716,1.2948,0.46,23.65,13671.29,23.8933,15391.56,23.955,16305.33,24.124,17736.002,24.03,21220.05,23.908,22239.462,23.4287,22764.8053,23.1315,22245.436
1341,20140103,002557.SZ,24.36,24.83,23.67,23.9,24.38,-0.48,-1.97,16401.8,39567.2445,1.941,0.71,24.14,17616.95,24.14,18093.5133,24.305,19434.8075,24.382,23667.518,24.0775,23816.8062,23.768,22567.007,23.4487,24435.3733,22.999,22452.1115
1342,20140102,002557.SZ,24.03,24.6,23.5,24.38,24.14,0.24,0.99,18832.1,45376.8806,2.2287,0.76,24.26,18939.37,24.44,20445.81,24.5025,25483.9475,24.222,22961.552,23.9725,24381.505,23.548,22915.304,23.368,25176.2253,22.854,22291.592
1343,20131231,002557.SZ,24.84,24.9,23.83,24.14,24.8,-0.66,-2.66,19046.64,46093.1213,2.254,0.7,24.47,21252.665,24.5433,27701.23,24.1825,23993.915,24.112,24717.144,23.675,23804.5212,23.375,22924.056,23.204,24958.49,22.7125,21893.245
1344,20131230,002557.SZ,24.7,25.23,24.3,24.8,24.69,0.11,0.45,23458.69,58106.7903,2.7762,0.88,24.745,32028.525,24.1967,25643.0067,24.105,26134.77,24.04,27250.782,23.37,23909.2875,23.212,23792.029,23.0433,24754.2427,22.5775,21508.793
1345,20131227,002557.SZ,22.68,24.8,22.68,24.69,23.1,1.59,6.88,40598.36,97764.4034,4.8045,1.89,23.895,26735.165,23.8733,27026.7967,23.85,28198.805,23.692,26742.922,23.1013,23341.9037,23.081,25279.207,22.8007,23748.5807,22.3795,21244.8235
1346,20131226,002557.SZ,23.9,23.9,23.08,23.1,23.83,-0.73,-3.06,12871.97,30192.296,1.5233,0.56,23.465,20241.015,23.57,24065.62,23.4425,23279.0625,23.154,21466.496,22.8288,21732.905,22.982,24819.301,22.538,22046.976,22.25,20286.0935
1347,20131225,002557.SZ,23.69,24.1,23.25,23.83,23.78,0.05,0.21,27610.06,65435.3876,3.2675,1.31,23.805,29662.445,23.5567,26748.0933,23.1675,23615.1275,22.874,22869.056,22.8775,24915.2175,22.941,26283.562,22.398,22068.272,22.155,20485.441
1348,20131224,002557.SZ,22.9,24.08,22.88,23.78,23.06,0.72,3.12,31714.83,75146.8781,3.7532,1.56,23.42,26317.11,22.9467,22283.4833,22.635,21683.805,22.638,21130.968,22.8613,25963.8725,22.75,25079.163,22.246,20951.9453,21.9975,19682.5445
1349,20131223,002557.SZ,21.86,23.2,21.71,23.06,22.0,1.06,4.82,20919.39,47589.5109,2.4757,0.88,22.53,17567.81,22.2533,18340.13,22.3525,18485.0025,22.384,20333.276,22.725,25438.8412,22.545,23505.973,22.09,19594.7967,21.84,18603.428
1350,20131220,002557.SZ,21.7,22.06,21.35,22.0,21.7,0.3,1.38,14216.23,30836.5049,1.6824,0.5,21.85,17050.5,22.1167,17673.54,22.215,20186.7475,22.47,23815.492,22.5825,24769.6762,22.355,22251.41,21.942,19412.124,21.7205,18460.7505
1351,20131219,002557.SZ,22.66,22.75,21.45,21.7,22.65,-0.95,-4.19,19884.77,43696.182,2.3532,0.67,22.175,19402.195,22.2867,22176.92,22.5875,26215.3075,22.81,28172.106,22.5488,24990.5137,22.23,22337.216,21.9487,19892.626,21.6395,18259.06
1352,20131218,002557.SZ,22.53,22.85,22.35,22.65,22.51,0.14,0.62,18919.62,42664.8446,2.239,0.65,22.58,23322.995,22.8833,28325.4867,23.0875,30243.94,23.008,29698.068,22.4813,23551.6375,22.16,21667.88,21.9153,19690.9027,21.5745,18103.889
1353,20131217,002557.SZ,23.35,23.35,22.2,22.51,23.49,-0.98,-4.17,27726.37,63164.1745,3.2812,1.04,23.0,33028.42,23.2333,34018.7133,23.0975,32392.68,22.862,29027.358,22.2438,23070.9712,22.05,20862.434,21.784,19199.7367,21.472,18512.06
1354,20131216,002557.SZ,23.6,24.53,22.82,23.49,23.7,-0.21,-0.89,38330.47,90955.3614,4.5362,1.85,23.595,37164.885,23.2933,33948.1167,22.95,29352.605,22.706,26678.67,22.055,21254.1012,21.943,19225.557,21.6587,18026.812,21.4115,17621.3265
1355,20131213,002557.SZ,22.5,23.93,22.3,23.7,22.69,1.01,4.45,35999.3,84481.5592,4.2603,2.18,23.195,31756.94,22.77,26359.9833,22.51,23765.72,22.24,20687.328,21.8125,17820.9375,21.678,17210.44,21.4707,16675.8367,21.3095,16646.8185
1356,20131212,002557.SZ,22.1,22.96,21.82,22.69,21.92,0.77,3.51,27514.58,61176.6974,3.2562,2.02,22.305,21540.325,22.1133,19687.86,21.875,16859.335,21.65,16502.326,21.53,14740.725,21.518,15752.886,21.2493,14954.7113,21.157,15590.7085
1357,20131211,002557.SZ,21.78,22.13,21.6,21.92,21.73,0.19,0.87,15566.07,34028.8249,1.8421,1.23,21.825,15774.5,21.6033,13307.5867,21.39,13749.2625,21.312,13637.692,21.2988,13573.815,21.369,14687.32,21.0967,14239.1627,21.0575,14805.685
1358,20131210,002557.SZ,21.05,21.89,21.05,21.73,21.16,0.57,2.69,15982.93,34459.348,1.8915,1.36,21.445,12178.345,21.2133,13143.66,21.16,13155.5975,21.238,12697.51,21.3213,14306.0262,21.245,14285.926,21.0087,15006.9607,20.971,14249.722
1359,20131209,002557.SZ,20.85,21.16,20.6,21.16,20.75,0.41,1.98,8373.76,17469.7251,0.991,0.61,20.955,11724.025,20.97,12213.1533,21.115,11876.155,21.18,11772.444,21.255,14415.525,21.135,13700.883,20.98,14602.212,20.897,14042.7015
1360,20131206,002557.SZ,20.92,21.25,20.5,20.75,21.0,-0.25,-1.19,15074.29,31459.0839,1.7839,1.0,20.875,14132.85,21.1,13043.62,21.185,12622.115,21.116,13733.552,21.195,14812.8212,21.086,14670.091,20.9993,15299.982,20.8385,14131.284
1361,20131205,002557.SZ,21.6,21.6,20.76,21.0,21.55,-0.55,-2.55,13191.41,27685.9693,1.5611,0.84,21.275,12028.285,21.33,11804.7233,21.2075,13398.3675,21.386,15003.446,21.18,14195.0975,21.049,14180.904,20.9927,15286.836,20.77,13650.815
1362,20131204,002557.SZ,21.59,21.8,21.2,21.55,21.44,0.11,0.51,10865.16,23371.8134,1.2858,0.68,21.495,11111.38,21.2767,13467.3533,21.4825,15456.455,21.426,15736.948,21.1388,14804.4012,20.989,14539.898,20.9727,15195.016,20.705,13322.763
1363,20131203,002557.SZ,20.92,21.6,20.7,21.44,20.84,0.6,2.88,11357.6,23920.312,1.3441,0.73,21.14,14768.45,21.46,16986.8867,21.395,16954.895,21.252,15874.342,20.9925,14719.0587,20.894,16161.686,20.882,14767.126,20.6195,13223.7155
1364,20131202,002557.SZ,21.78,21.78,20.5,20.84,22.1,-1.26,-5.7,18179.3,38115.6991,2.1514,1.16,21.47,19801.53,21.38,18820.66,21.205,17003.5275,21.09,15629.322,20.8625,15397.0275,20.88,16017.096,20.8027,14799.454,20.545,13892.594
1365,20131129,002557.SZ,21.24,22.35,21.12,22.1,21.2,0.9,4.25,21423.76,46560.8548,2.5354,1.6,21.65,19141.34,21.3267,16611.6033,21.1525,14991.8275,21.056,15606.63,20.8325,16509.995,20.941,16083.197,20.746,14263.8613,20.501,13801.141
1366,20131128,002557.SZ,20.51,21.58,20.48,21.2,20.68,0.52,2.51,16858.92,35291.9614,1.9951,1.26,20.94,14205.525,20.8367,12847.85,20.795,14152.3475,20.712,13358.362,20.7325,15070.9875,20.796,15428.531,20.5647,13199.938,20.4105,13113.781
1367,20131127,002557.SZ,20.65,20.8,20.2,20.68,20.63,0.05,0.24,11552.13,23667.0039,1.3671,0.7,20.655,10842.315,20.66,13250.1567,20.59,12483.2225,20.552,13342.848,20.7638,15318.6612,20.746,14924.05,20.4647,12518.0347,20.369,13059.947
1368,20131126,002557.SZ,20.62,20.88,20.49,20.63,20.67,-0.04,-0.19,10132.5,20940.3121,1.1991,0.62,20.65,14099.17,20.56,12793.5867,20.52,13790.5275,20.536,16449.03,20.76,15734.2825,20.697,14213.518,20.4087,12340.1733,20.415,13294.2055
1369,20131125,002557.SZ,20.38,20.9,20.11,20.67,20.38,0.29,1.42,18065.84,37297.5883,2.138,1.09,20.525,14124.13,20.4833,15009.87,20.5125,18028.1625,20.67,16404.87,20.7688,15944.4837,20.659,14384.52,20.3633,13313.6847,20.4285,14182.317
1370,20131122,002557.SZ,20.26,20.65,20.15,20.38,20.4,-0.02,-0.1,10182.42,20757.5299,1.205,0.58,20.39,13481.885,20.46,18015.6033,20.67,15989.6275,20.826,16559.764,20.7088,14242.105,20.591,13592.477,20.316,13199.3113,20.471,14133.6685
1371,20131121,002557.SZ,20.5,20.5,19.89,20.4,20.6,-0.2,-0.97,16781.35,33876.1205,1.986,1.02,20.5,21932.195,20.7667,17925.3633,20.9375,18154.1,20.88,17498.7,20.6925,14449.6175,20.491,13120.726,20.31,13032.254,20.517,14553.306
1372,20131120,002557.SZ,21.58,21.58,20.41,20.6,21.3,-0.7,-3.29,27083.04,55793.7518,3.2051,2.26,20.95,18497.37,21.1167,18611.6833,21.0,17678.0375,20.94,16505.252,20.6413,13620.125,20.421,12105.628,20.308,12965.6467,20.5545,15049.384
1373,20131119,002557.SZ,21.45,21.65,21.0,21.3,21.45,-0.15,-0.7,9911.7,21010.2695,1.173,0.8,21.375,14376.005,21.1333,14543.0367,21.025,13860.805,20.858,11978.006,20.4888,10917.8587,20.345,10285.745,20.3747,12242.5973,20.642,14553.442
1374,20131118,002557.SZ,20.68,21.55,20.61,21.45,20.65,0.8,3.87,18840.31,40071.5703,2.2296,1.77,21.05,16858.705,20.9333,15177.1733,20.7475,12494.5825,20.648,12364.17,20.2888,10507.6925,20.21,11768.092,20.348,13441.466,20.7675,14985.9715
1375,20131115,002557.SZ,20.7,21.35,20.48,20.65,20.7,-0.05,-0.24,14877.1,31219.7155,1.7606,1.7,20.675,13345.605,20.5133,10379.34,20.4475,10745.135,20.356,10625.19,20.0875,9263.18,20.061,11519.085,20.3527,13324.97,20.9025,16015.6375
1376,20131114,002557.SZ,20.15,20.99,19.64,20.7,20.19,0.51,2.526,11814.11,24167.6025,1.3981,1.53,20.445,8130.46,20.38,9367.8133,20.2825,9562.2125,20.102,8742.752,20.0,10495.4387,20.025,10799.031,20.396,13571.508,20.9965,16099.2815
1377,20131113,002557.SZ,20.2,20.29,20.05,20.19,20.25,-0.06,-0.3,4446.81,8977.4528,0.5262,0.52,20.22,8144.665,20.1433,8811.58,19.9525,7974.9125,19.902,7706.004,19.9075,11062.455,19.992,11195.844,20.426,14564.0947,21.126,16590.115
1378,20131112,002557.SZ,19.94,20.25,19.94,20.25,19.99,0.26,1.3,11842.52,23826.0676,1.4015,1.06,20.12,10993.965,19.8733,9150.9467,19.83,8520.8025,19.832,8593.484,19.92,11466.1737,20.133,12374.893,20.57,15411.9207,21.298,18971.1265
1379,20131111,002557.SZ,19.33,19.99,19.18,19.99,19.38,0.61,3.15,10145.41,20038.7549,1.2006,0.82,19.685,7805.16,19.69,7413.5633,19.7275,7781.225,19.772,11172.014,19.935,11958.6387,20.198,13980.114,20.8073,15859.9053,21.4535,20595.5025
1380,20131108,002557.SZ,19.68,19.68,19.03,19.38,19.7,-0.32,-1.62,5464.91,10557.4994,0.6467,0.43,19.54,6047.64,19.64,6993.1633,19.7175,11428.665,19.766,12412.98,20.1363,12720.125,20.351,14674.86,21.0847,17812.4533,21.516,20895.5555
1381,20131107,002557.SZ,19.8,19.91,19.51,19.7,19.84,-0.14,-0.71,6630.37,13065.2645,0.7847,0.45,19.77,7757.29,19.83,13416.5833,19.8625,14149.9975,19.948,12855.31,20.3263,15523.8525,20.543,15985.886,21.2947,18551.458,21.6075,21632.7275
1382,20131106,002557.SZ,19.85,20.29,19.7,19.84,19.95,-0.11,-0.55,8884.21,17712.1482,1.0514,0.55,19.895,16809.69,19.9167,16656.54,20.01,14411.545,20.082,14685.684,20.5538,16831.665,20.688,17993.14,21.534,19551.4853,21.6715,22445.6995
1383,20131105,002557.SZ,19.9,19.99,19.3,19.95,19.96,-0.01,-0.05,24735.17,48452.9939,2.9272,1.47,19.955,20542.705,20.0667,16253.99,20.1425,16136.0525,20.434,16156.302,20.7363,18043.035,20.939,18821.139,21.7867,22430.3407,21.779,22642.91
1384,20131104,002557.SZ,20.1,20.5,19.93,19.96,20.29,-0.33,-1.63,16350.24,32957.4061,1.9349,0.97,20.125,12013.4,20.2067,13269.68,20.555,14011.585,20.624,16788.214,20.8863,18289.0025,21.325,18203.851,22.014,23736.6653,21.8905,22000.212
1385,20131101,002557.SZ,20.28,20.6,20.0,20.29,20.37,-0.08,-0.39,7676.56,15551.2414,0.9085,0.4,20.33,11729.4,20.7533,13232.0333,20.79,16897.7075,20.936,16936.74,21.185,18390.7475,21.744,20512.19,22.0993,23723.0807,22.0085,21870.8575
1386,20131031,002557.SZ,21.4,21.6,20.11,20.37,21.6,-1.23,-5.69,15782.24,32643.1403,1.8677,0.74,20.985,16009.77,20.9567,19971.4233,21.0975,19251.785,21.138,19116.462,21.625,19751.4637,21.968,21399.532,22.1607,24558.5333,22.1125,22367.344
1387,20131030,002557.SZ,21.0,21.81,20.9,21.6,20.9,0.7,3.35,16237.3,34899.5158,1.9216,0.76,21.25,22066.015,21.34,20408.3,21.33,19950.0175,21.294,21300.596,22.0975,22707.8875,22.26,21984.386,22.2013,25032.3713,22.194,22498.0615
1388,20131029,002557.SZ,21.44,21.96,19.82,20.9,21.52,-0.62,-2.88,27894.73,58136.6553,3.3012,1.42,21.21,22493.8,21.24,21187.59,21.2175,22566.42,21.444,21485.976,22.2138,22746.9725,22.463,25567.36,22.2273,24805.1127,22.239,23425.9885
1389,20131028,002557.SZ,21.0,21.98,21.0,21.52,21.3,0.22,1.03,17092.87,36503.5691,2.0228,0.71,21.41,17834.02,21.3233,20790.3167,21.58,19883.7875,22.026,19619.488,22.5125,21963.9787,22.709,27210.891,22.3127,23737.5447,22.289,22824.252
1390,20131025,002557.SZ,20.99,22.1,20.51,21.3,21.15,0.15,0.71,18575.17,39666.0515,2.1982,0.78,21.225,22639.04,21.6,20814.0933,22.1525,20251.1425,22.552,24087.64,22.7763,26335.75,22.681,27116.251,22.366,23515.5633,22.302,23046.0755
1391,20131024,002557.SZ,22.35,22.36,20.83,21.15,22.35,-1.2,-5.37,26702.91,58106.9077,3.1601,1.18,21.75,21933.555,22.4367,20809.8,22.865,25465.7575,22.798,23682.602,23.0338,29555.1087,22.672,27279.569,22.4373,23450.9713,22.301,22999.2045
1392,20131023,002557.SZ,23.75,24.29,22.18,22.35,23.81,-1.46,-6.13,17164.2,39053.6371,2.0313,0.58,23.08,17863.245,23.4367,25053.3733,23.21,22927.525,23.226,22668.176,23.045,28235.5537,22.655,26898.259,22.494,22897.2167,22.2835,22607.612
1393,20131022,002557.SZ,24.05,24.57,23.6,23.81,24.15,-0.34,-1.41,18562.29,44570.0925,2.1967,0.53,23.98,28997.96,23.4967,24848.6333,23.445,24044.17,23.482,29648.744,22.9025,28616.0725,22.619,26464.681,22.504,24072.6593,22.218,23449.7215
1394,20131021,002557.SZ,22.45,24.67,22.3,24.15,22.53,1.62,7.19,39433.63,93486.5068,4.6667,1.31,23.34,27991.805,23.3233,25871.4633,23.4,32420.3575,23.392,34802.294,22.5488,29157.0125,22.456,25796.573,22.3767,23892.5067,22.03,23514.5075
1395,20131018,002557.SZ,23.15,23.2,22.42,22.53,23.29,-0.76,-3.26,16549.98,37554.7382,1.9586,0.54,22.91,19090.38,23.15,30082.6,23.2025,33644.46,22.81,30144.862,22.2788,25831.3612,22.273,23229.525,22.2187,22698.8873,21.7765,21963.7915
1396,20131017,002557.SZ,23.35,23.85,22.8,23.29,23.63,-0.34,-1.44,21630.78,50612.621,2.5599,0.69,23.46,36848.91,23.4267,39342.62,22.88,33543.5825,22.546,30876.536,22.235,25247.765,22.257,23335.156,22.1353,22771.4053,21.611,21916.7455
1397,20131016,002557.SZ,23.9,24.3,23.23,23.63,23.36,0.27,1.16,52067.04,124009.8921,6.1618,2.24,23.495,48198.54,22.7433,37514.5167,22.36,33187.975,22.084,31128.342,22.1138,24264.3112,22.128,23011.737,21.9693,22587.424,21.4295,21714.984
1398,20131015,002557.SZ,21.24,23.36,21.0,23.36,21.24,2.12,9.98,44330.04,100734.3143,5.2462,2.64,22.3,30238.255,21.9367,26894.9533,21.6975,25893.6675,21.756,23280.618,21.9563,19956.7175,22.015,21284.617,21.7967,21383.3807,21.2325,20761.7555
1399,20131014,002557.SZ,21.22,21.43,20.8,21.24,21.21,0.03,0.14,16146.47,34010.2838,1.9108,0.99,21.225,18177.41,21.1433,19748.21,21.355,18018.2625,21.52,16790.852,21.7863,16715.0362,21.869,18437.613,21.576,19751.912,21.0075,19947.0965
1400,20131011,002557.SZ,21.05,21.47,20.91,21.21,20.98,0.23,1.1,20208.35,42666.0602,2.3915,1.28,21.095,21549.08,21.3933,18642.1933,21.59,16951.9475,21.736,16314.188,21.9438,19046.2075,21.923,18975.9,21.432,19236.768,20.851,20058.737
1401,20131010,002557.SZ,22.0,22.0,20.75,20.98,21.99,-1.01,-4.59,22889.81,48659.6856,2.7089,1.54,21.485,17859.115,21.7167,15866.48,21.8675,15340.6475,21.968,15793.776,22.03,18502.6637,21.93,18718.84,21.2993,18930.1487,20.679,19831.9695
1402,20131009,002557.SZ,22.18,22.5,21.88,21.99,22.18,-0.19,-0.86,12828.42,28368.8068,1.5182,0.67,22.085,12354.815,22.1633,12824.26,22.215,14019.7675,22.172,14895.132,22.13,18332.605,21.912,18316.965,21.2113,18577.198,20.5065,19044.383
1403,20131008,002557.SZ,22.11,22.99,21.46,22.18,22.32,-0.14,-0.63,11881.21,26442.9045,1.4061,0.59,22.25,12822.18,22.29,14416.8833,22.2175,15411.81,22.274,19288.616,22.0413,18933.7712,21.817,20434.762,21.058,19922.1347,20.2655,18785.98
1404,20130930,002557.SZ,22.35,22.5,21.9,22.32,22.37,-0.05,-0.22,13763.15,30572.3141,1.6288,0.64,22.345,15684.72,22.23,16588.6767,22.2975,21140.4675,22.218,20084.374,21.8688,19807.5025,21.604,21232.442,20.8367,20999.178,20.0165,18838.701
1405,20130927,002557.SZ,21.9,22.55,21.76,22.37,22.0,0.37,1.68,17606.29,39364.6946,2.0836,0.81,22.185,18001.44,22.29,23599.5733,22.1925,21664.68,22.11,21637.612,21.7088,22337.9075,21.28,20698.058,20.556,21306.92,19.779,18497.96
1406,20130926,002557.SZ,22.4,22.77,21.9,22.0,22.5,-0.5,-2.22,18396.59,40832.3209,2.1771,0.85,22.25,26596.215,22.1333,23017.4767,22.045,22645.4425,21.892,21643.904,21.4188,22619.3725,20.965,20498.335,20.2493,21178.034,19.5255,18119.8145
1407,20130925,002557.SZ,21.92,23.08,21.51,22.5,21.9,0.6,2.74,34795.84,78752.3357,4.1179,1.61,22.2,25327.92,22.06,24061.7267,21.865,22455.7325,21.652,21738.798,21.0538,21372.2125,20.731,20418.231,19.9513,20427.4667,19.309,17767.3955
1408,20130924,002557.SZ,21.6,22.1,21.27,21.9,21.78,0.12,0.55,15860.0,34563.5943,1.8769,0.71,21.84,18694.67,21.6533,18342.3633,21.44,18474.5375,21.36,21580.908,20.6438,18973.865,20.45,20238.894,19.596,18618.4347,19.0745,16761.267
1409,20130923,002557.SZ,21.28,21.89,21.01,21.78,21.28,0.5,2.35,21529.34,46338.4142,2.5479,1.09,21.53,19583.545,21.2867,19346.05,21.225,23011.135,20.99,22380.51,20.3638,19190.8087,20.146,21456.58,19.2827,18423.4767,18.85,16592.725
1410,20130918,002557.SZ,20.75,21.85,20.55,21.28,20.8,0.48,2.31,17637.75,37645.5078,2.0873,0.91,21.04,18254.405,21.04,23505.0667,20.7925,22593.3025,20.45,19758.504,20.1025,20624.95,19.779,21141.574,19.002,17451.4093,18.654,16705.448
1411,20130917,002557.SZ,21.15,21.69,20.74,20.8,21.04,-0.24,-1.14,18871.06,40038.2581,2.2333,0.99,20.92,26438.725,20.63,24245.1533,20.2425,20288.6925,20.038,19352.766,19.8,21924.8387,19.428,20945.099,18.7367,16945.118,18.4925,17705.1075
1412,20130916,002557.SZ,20.0,22.02,19.89,21.04,20.05,0.99,4.94,34006.39,70933.159,4.0244,1.8,20.545,26932.2,20.0567,20761.2367,19.8475,19473.1925,19.81,19097.664,19.4638,21863.3662,19.101,19771.801,18.528,16443.5947,18.3195,18499.5785
1413,20130913,002557.SZ,19.2,20.12,19.09,20.05,19.08,0.97,5.08,19858.01,39342.6129,2.3501,0.97,19.565,14138.66,19.45,14628.7933,19.5025,15370.4825,19.54,18896.88,19.055,19571.6925,18.714,17137.198,18.3127,15154.72,18.085,17108.848
1414,20130912,002557.SZ,19.16,19.45,19.05,19.08,19.22,-0.14,-0.73,8419.31,16218.4241,0.9964,0.37,19.15,12014.185,19.32,13874.64,19.4125,18656.5975,19.302,20532.65,18.74,17981.7012,18.429,16444.96,18.1367,14663.4633,17.8985,16525.615
1415,20130911,002557.SZ,19.66,19.74,19.1,19.22,19.66,-0.44,-2.24,15609.06,30085.349,1.8472,0.69,19.44,16602.305,19.5233,22069.0267,19.3575,23560.985,19.108,22524.644,18.5013,17886.8325,18.278,16297.862,18.0553,15687.7627,17.772,16470.776
1416,20130910,002557.SZ,19.74,19.96,19.14,19.66,19.69,-0.03,-0.15,17595.55,34575.5148,2.0823,0.86,19.675,25299.01,19.4033,26211.6267,19.08,24253.54,18.818,22537.432,18.2488,17552.6537,18.086,15741.294,17.9773,17155.888,17.647,16276.5875
1417,20130909,002557.SZ,18.85,19.97,18.8,19.69,18.86,0.83,4.4,33002.47,64528.4055,3.9056,2.15,19.275,30519.665,18.8867,26472.87,18.6075,23772.9025,18.392,20445.938,17.9875,16221.7512,17.887,15116.56,17.8227,18300.2167,17.513,16016.2225
1418,20130906,002557.SZ,18.01,19.15,17.92,18.86,18.11,0.75,4.14,28036.86,52595.8562,3.318,2.27,18.485,23208.07,18.2467,20696.38,18.0675,17306.805,17.888,15377.516,17.6888,13351.865,17.699,13283.64,17.6,16512.8373,17.366,14947.7545
1419,20130905,002557.SZ,17.77,18.22,17.65,18.11,17.77,0.34,1.91,18379.28,33131.4367,2.1751,1.82,17.94,17026.14,17.8033,13730.12,17.645,12212.68,17.556,12357.27,17.54,11265.7837,17.554,11728.87,17.4307,15189.9367,17.2515,14093.6835
1420,20130904,002557.SZ,17.53,18.07,17.53,17.77,17.53,0.24,1.37,15673.0,27918.1439,1.8548,1.75,17.65,11405.54,17.49,10157.1467,17.4175,10851.7675,17.448,10071.08,17.5025,10802.5325,17.529,12269.322,17.3267,14452.82,17.1635,13598.129
1421,20130903,002557.SZ,17.08,17.57,17.08,17.53,17.17,0.36,2.1,7138.08,12366.5334,0.8447,0.73,17.35,7399.22,17.3,9244.69,17.3675,8670.6,17.354,8945.156,17.4575,10404.5525,17.557,14465.116,17.2567,14189.6393,17.1,13704.7665
1422,20130902,002557.SZ,17.25,17.35,16.9,17.17,17.2,-0.03,-0.17,7660.36,13096.0786,0.9066,0.68,17.185,10297.995,17.3133,9181.44,17.31,9396.925,17.382,9787.182,17.4988,12485.2675,17.538,17227.356,17.22,14539.6507,17.0605,14141.741
1423,20130830,002557.SZ,17.54,17.54,17.18,17.2,17.57,-0.37,-2.11,12935.63,22323.9557,1.5308,1.17,17.385,9941.98,17.3567,9975.78,17.435,10318.8875,17.51,11189.764,17.6088,16231.59,17.456,17080.498,17.192,14804.5007,17.0295,14641.972
1424,20130829,002557.SZ,17.3,17.65,17.14,17.57,17.3,0.27,1.56,6948.33,12080.6228,0.8223,0.48,17.435,8495.855,17.5133,9446.64,17.5875,10753.2975,17.552,11100.47,17.6263,18959.6962,17.368,16606.27,17.15,14672.488,16.979,15444.8905
1425,20130828,002557.SZ,17.67,17.67,17.23,17.3,17.67,-0.37,-2.09,10043.38,17434.1447,1.1886,0.5,17.485,10695.795,17.5933,12021.62,17.5475,12138.505,17.61,14467.564,17.4738,18865.1275,17.266,16643.69,17.0687,14773.812,16.893,16094.9055
1426,20130827,002557.SZ,17.71,17.83,17.4,17.67,17.81,-0.14,-0.79,11348.21,20035.8236,1.343,0.46,17.74,13010.74,17.63,12836.88,17.6875,15573.61,17.76,19985.076,17.3513,18633.8737,17.208,16811.881,17.0153,15291.3033,16.808,16221.6495
1427,20130826,002557.SZ,17.32,17.93,17.21,17.81,17.41,0.4,2.3,14673.27,25854.9802,1.7365,0.64,17.61,13581.215,17.6933,16982.0767,17.7825,22144.2925,17.694,24667.53,17.2113,18130.6637,17.139,16915.885,16.9533,15593.2607,16.7025,16441.4405
1428,20130823,002557.SZ,17.77,17.8,17.06,17.41,17.86,-0.45,-2.52,12489.16,21797.6865,1.478,0.56,17.635,18136.48,17.7733,24634.6333,17.665,27166.095,17.402,22971.232,17.075,17762.1662,17.033,16611.869,16.8693,15792.708,16.5765,16667.0635
1429,20130822,002557.SZ,17.89,18.08,17.6,17.86,18.05,-0.19,-1.05,23783.8,42308.1409,2.8147,1.26,17.955,30707.37,17.75,32058.4067,17.4,25591.75,17.184,22112.07,17.0213,17749.5525,16.949,16458.497,16.788,16893.0307,16.4795,18343.752
1430,20130821,002557.SZ,17.28,18.12,16.97,18.05,17.34,0.71,4.09,37630.94,66237.1714,4.4534,2.76,17.695,36195.71,17.2467,26194.4,17.015,21694.1375,16.922,18819.816,16.8825,16230.7162,16.798,14926.936,16.654,16637.3527,16.4115,17989.2135
1431,20130820,002557.SZ,16.68,17.45,16.56,17.34,16.35,0.99,6.06,34760.48,59297.7844,4.1137,3.79,16.845,20476.13,16.67,16381.87,16.64,14117.035,16.656,13638.686,16.6975,12896.2787,16.643,12944.417,16.4907,14967.174,16.349,16682.8745
1432,20130819,002557.SZ,16.32,16.45,16.11,16.35,16.32,0.03,0.18,6191.78,10129.3272,0.7328,0.6,16.335,7192.565,16.4067,7235.8867,16.485,8358.2375,16.584,9164.24,16.5738,9609.7425,16.583,11056.126,16.372,13699.4107,16.3315,15670.3515
1433,20130816,002557.SZ,16.56,16.79,16.3,16.32,16.55,-0.23,-1.39,8193.35,13498.9273,0.9696,0.76,16.435,7757.94,16.53,9080.39,16.6425,9907.355,16.664,10252.506,16.5925,11061.4887,16.603,12203.446,16.3013,14565.674,16.3555,15570.02
1434,20130815,002557.SZ,16.68,16.95,16.55,16.55,16.72,-0.17,-1.02,7322.53,12189.1519,0.8666,0.66,16.635,9523.91,16.75,10478.69,16.75,10767.295,16.714,10804.924,16.645,12022.0162,16.59,14283.511,16.2447,17087.646,16.387,15620.2745
1435,20130814,002557.SZ,16.98,17.06,16.62,16.72,16.98,-0.26,-1.53,11725.29,19688.5302,1.3876,0.96,16.85,12056.77,16.8167,11915.55,16.755,11675.5225,16.674,11034.056,16.645,13314.8225,16.52,15546.121,16.2413,17712.346,16.423,15517.513
1436,20130813,002557.SZ,16.8,17.17,16.71,16.98,16.75,0.23,1.37,12388.25,20952.8422,1.4661,0.96,16.865,12010.68,16.7667,11658.9333,16.6625,10861.2475,16.63,12250.148,16.5788,15473.4112,16.408,15631.418,16.2467,17697.604,16.456,15258.3665
1437,20130812,002557.SZ,16.6,16.78,16.57,16.75,16.57,0.18,1.09,11633.11,19403.3521,1.3767,0.82,16.66,11294.275,16.5567,10352.2467,16.5425,12215.6225,16.582,12948.012,16.4375,16418.4587,16.266,15966.996,16.2473,17839.0553,16.488,15236.963
1438,20130809,002557.SZ,16.49,16.73,16.3,16.57,16.35,0.22,1.35,10955.44,18131.2404,1.2965,0.62,16.46,9711.815,16.4733,12409.7933,16.54,13276.7375,16.542,14154.386,16.2938,16536.6025,16.12,16722.258,16.2527,17342.5247,16.5245,15019.7975
1439,20130808,002557.SZ,16.4,16.56,16.34,16.35,16.5,-0.15,-0.91,8468.19,13913.3758,1.0022,0.42,16.425,13136.97,16.53,14050.5033,16.535,14954.1225,16.466,17762.098,16.1675,17135.1762,16.01,20229.007,16.278,17225.3913,16.569,15310.4025
1440,20130807,002557.SZ,16.7,16.7,16.38,16.5,16.74,-0.24,-1.43,17805.75,29377.867,2.1072,0.94,16.62,16841.66,16.5967,17116.1,16.495,20085.575,16.366,20058.186,16.035,18474.8687,16.025,21051.491,16.3393,17011.9987,16.6265,15679.5335
1441,20130806,002557.SZ,16.5,16.79,16.4,16.74,16.55,0.19,1.15,15877.57,26408.2238,1.879,0.84,16.645,16771.275,16.4933,20845.5167,16.3325,20621.295,16.186,19012.688,15.9063,22002.0162,16.055,20421.332,16.398,16261.106,16.64,15161.993
1442,20130805,002557.SZ,16.2,16.67,16.12,16.55,16.19,0.36,2.22,17664.98,28861.8905,2.0905,0.92,16.37,23329.49,16.1967,22202.5367,16.0475,19796.4675,15.95,18985.98,15.8763,22103.9487,16.08,20284.577,16.4567,15999.9467,16.642,14896.122
1443,20130802,002557.SZ,15.87,16.19,15.74,16.19,15.85,0.34,2.15,28994.0,46386.3895,3.4312,1.28,16.02,24471.315,15.88,20506.9633,15.8,19316.23,15.698,19290.13,15.9075,21333.8462,16.108,18936.594,16.5187,15308.268,16.6675,14430.464
1444,20130801,002557.SZ,15.6,15.95,15.34,15.85,15.6,0.25,1.6,19948.63,31211.8198,2.3608,0.9,15.725,16263.445,15.67,16090.3067,15.575,16864.1625,15.554,22695.916,16.0075,19523.3487,16.184,16957.038,16.6033,14493.1707,16.723,13260.028
1445,20130731,002557.SZ,15.51,16.0,15.51,15.6,15.56,0.04,0.26,12578.26,19768.1356,1.4886,0.58,15.58,14161.145,15.4833,15836.0067,15.48,23382.7375,15.684,22044.796,16.13,17552.9137,16.326,15488.905,16.7133,14219.9827,16.8,12634.3995
1446,20130730,002557.SZ,15.29,15.78,15.21,15.56,15.29,0.27,1.77,15744.03,24354.5813,1.8632,0.73,15.425,17464.88,15.44,26984.23,15.705,24411.43,15.924,21829.976,16.2988,17130.4362,16.504,14885.315,16.7913,13878.428,16.894,12256.837
1447,20130729,002557.SZ,15.5,15.53,15.12,15.29,15.47,-0.18,-1.16,19185.73,29250.1573,2.2705,1.03,15.38,32604.33,15.7533,27300.5633,16.015,23351.4625,16.21,21583.174,16.5125,15820.845,16.71,14506.93,16.8727,13532.836,16.991,11843.7015
1448,20130726,002557.SZ,16.34,16.34,15.39,15.47,16.5,-1.03,-6.24,46022.93,72368.9783,5.4465,4.1,15.985,31357.98,16.2567,24740.04,16.44,22182.535,16.518,18583.058,16.7738,14240.4237,16.929,13317.337,16.9907,12810.5753,17.0805,11355.822
1449,20130725,002557.SZ,16.8,16.95,16.39,16.5,16.8,-0.3,-1.79,16693.03,27594.573,1.9755,1.87,16.65,14098.595,16.7633,14235.7367,16.78,11723.09,16.814,11218.16,17.0425,9982.58,17.128,10391.798,17.1127,10114.732,17.1565,9527.8475
1450,20130724,002557.SZ,17.1,17.19,16.64,16.8,16.99,-0.19,-1.12,11504.16,19360.7335,1.3614,1.45,16.895,13007.09,16.8733,10066.4433,16.8925,9849.4425,16.968,8933.014,17.165,8807.1762,17.228,10307.576,17.172,9497.6007,17.2065,9032.884
1451,20130723,002557.SZ,16.82,17.07,16.73,16.99,16.83,0.16,0.95,14510.02,24610.9683,1.7172,1.95,16.91,9347.585,16.9233,9297.87,17.01,8290.2275,17.084,7940.654,17.2475,9465.0987,17.225,9902.654,17.2173,9065.7907,17.2515,8995.163
1452,20130722,002557.SZ,16.65,16.92,16.6,16.83,16.95,-0.12,-0.71,4185.15,7003.3224,0.4953,0.52,16.89,6691.795,17.0167,6216.9633,17.1075,6298.3125,17.21,7430.686,17.3113,9632.6975,17.204,9507.667,17.2513,8597.2107,17.264,9065.0695
1453,20130719,002557.SZ,17.05,17.26,16.7,16.95,17.27,-0.32,-1.85,9198.44,15582.6719,1.0886,0.96,17.11,7232.87,17.2,7002.7,17.305,8242.07,17.34,8051.616,17.3038,10041.4212,17.227,9924.334,17.268,8946.7433,17.3355,9352.3605
1454,20130718,002557.SZ,17.19,17.35,16.9,17.27,17.38,-0.11,-0.63,5267.3,9020.5725,0.6233,0.45,17.325,5904.83,17.4233,7923.28,17.4375,7764.91,17.442,9565.436,17.2825,10211.635,17.262,9563.018,17.2707,8964.41,17.4355,9310.1825
1455,20130717,002557.SZ,17.62,17.69,17.2,17.38,17.62,-0.24,-1.36,6542.36,11388.3477,0.7742,0.55,17.5,9251.27,17.4933,8597.4467,17.485,10639.97,17.488,11682.138,17.2563,10597.2,17.274,9779.894,17.286,9066.174,17.5205,9472.7295
1456,20130716,002557.SZ,17.6,17.67,17.41,17.62,17.48,0.14,0.8,11960.18,20992.2018,1.4154,1.03,17.55,9624.99,17.52,12005.84,17.515,12967.0825,17.366,11864.654,17.2463,10477.565,17.284,9628.359,17.3073,9346.666,17.62,9524.7585
1457,20130715,002557.SZ,17.45,17.61,17.3,17.48,17.46,0.02,0.11,7289.8,12735.123,0.8627,0.62,17.47,12028.67,17.48,13302.7167,17.3025,11840.7725,17.198,11584.648,17.2175,9912.05,17.272,9180.473,17.282,9609.864,17.709,9731.3
1458,20130712,002557.SZ,17.56,17.73,17.27,17.46,17.5,-0.04,-0.23,16767.54,29324.6833,1.9843,1.75,17.48,16309.175,17.2433,13357.7633,17.1275,12658.36,17.114,11797.052,17.2175,9629.2012,17.232,9394.307,17.334,9785.942,17.7825,9718.4525
1459,20130711,002557.SZ,16.8,17.5,16.71,17.5,16.77,0.73,4.35,15850.81,27050.9624,1.8758,2.01,17.135,11652.875,17.0167,11288.6333,17.0275,10554.43,17.082,9560.6,17.2225,8468.4237,17.185,8663.897,17.4333,9225.098,17.8555,9050.537
1460,20130710,002557.SZ,16.59,16.78,16.31,16.77,16.78,-0.01,-0.06,7454.94,12358.3849,0.8822,1.01,16.775,9007.545,16.87,8788.97,16.9775,7988.0475,17.06,7877.65,17.17,7665.59,17.185,7758.192,17.5313,8736.26,17.925,8773.9985
1461,20130709,002557.SZ,16.6,16.87,16.4,16.78,17.06,-0.28,-1.64,10560.15,17512.5074,1.2497,1.56,16.92,9455.985,17.0467,8165.75,17.1325,7983.3275,17.202,7392.064,17.1975,7916.6525,17.278,8087.672,17.7047,8744.7933,18.0425,8878.475
1462,20130708,002557.SZ,17.1,17.18,15.9,17.06,17.3,-0.24,-1.39,8351.82,14093.1975,0.9884,1.19,17.18,6968.55,17.25,7124.3867,17.3075,6600.0425,17.346,6776.298,17.2875,7445.8537,17.324,8622.472,17.8793,9113.5173,18.1625,8843.6635
1463,20130705,002557.SZ,17.36,17.39,17.2,17.3,17.39,-0.09,-0.52,5585.28,9657.5025,0.661,0.72,17.345,6510.67,17.39,6016.1167,17.4175,6382.4175,17.35,6991.562,17.3675,7745.5937,17.444,8780.387,18.0053,9025.586,18.2835,8763.3085
1464,20130704,002557.SZ,17.21,17.48,17.16,17.39,17.48,-0.09,-0.51,7436.06,12902.4492,0.88,0.97,17.435,6231.535,17.4567,6648.13,17.3625,7343.1325,17.288,7767.194,17.36,9035.9525,17.609,9057.347,18.1133,8880.516,18.393,9402.7585
1465,20130703,002557.SZ,17.59,17.59,17.12,17.48,17.5,-0.02,-0.11,5027.01,8731.0659,0.5949,0.57,17.49,6254.165,17.3533,7312.1567,17.2625,7849.9775,17.31,7638.734,17.4688,9347.8162,17.767,9165.565,18.2133,9072.7813,18.515,9860.7205
1466,20130702,002557.SZ,17.05,17.54,17.0,17.5,17.08,0.42,2.46,7481.32,12967.6923,0.8854,0.71,17.29,8454.73,17.19,8790.9667,17.2675,8291.665,17.354,8783.28,17.6525,9763.8,17.956,9421.158,18.3227,9373.9453,18.6135,10006.3675
1467,20130701,002557.SZ,16.91,17.25,16.73,17.08,16.99,0.09,0.53,9428.14,16044.0734,1.1158,0.89,17.035,9445.79,17.19,8561.78,17.3175,9108.77,17.302,10468.646,17.8363,9893.415,18.146,10282.127,18.4347,9532.7853,18.7155,10125.2255
1468,20130628,002557.SZ,17.4,17.5,16.83,16.99,17.5,-0.51,-2.91,9463.44,16250.6885,1.1199,0.91,17.245,8128.6,17.3967,9002.3133,17.3575,10728.7725,17.538,10569.212,18.1225,9662.765,18.333,10042.598,18.5947,9353.8907,18.8425,10347.9195
1469,20130627,002557.SZ,17.5,17.68,17.11,17.5,17.7,-0.2,-1.13,6793.76,11854.8994,0.804,0.64,17.6,8771.75,17.48,11150.55,17.675,10845.655,17.93,10347.5,18.4238,10491.2112,18.526,9437.177,18.7613,9947.9467,18.9725,11040.7355
1470,20130626,002557.SZ,17.23,17.7,16.77,17.7,17.24,0.46,2.67,10749.74,18408.3802,1.2722,1.07,17.47,13328.945,17.7333,12196.2867,18.0375,11235.935,18.224,10692.396,18.605,10521.0975,18.665,9789.805,18.9167,10601.3827,19.1065,12041.179
1471,20130625,002557.SZ,17.68,18.25,16.58,17.24,18.26,-1.02,-5.59,15908.15,27377.0412,1.8826,1.58,17.75,12919.56,18.15,11398.0,18.355,10678.06,18.558,10059.036,18.7575,9603.5337,18.807,9669.278,19.0333,10414.0633,19.2565,11936.2015
1472,20130624,002557.SZ,18.85,18.85,17.8,18.26,18.95,-0.69,-3.64,9930.97,17984.8991,1.1753,1.04,18.605,9142.925,18.7267,8934.6967,18.8875,8596.7575,18.99,10095.608,18.9638,8905.02,19.001,9064.855,19.1867,10010.752,19.427,11522.269
1473,20130621,002557.SZ,18.59,19.01,18.15,18.95,18.97,-0.02,-0.11,8354.88,15541.2967,0.9887,0.98,18.96,8436.56,19.0967,8152.02,19.1725,10136.7675,19.128,9515.984,19.0713,8856.7075,19.123,8746.23,19.2773,10274.1553,19.558,11540.8035
1474,20130620,002557.SZ,19.44,19.44,18.6,18.97,19.37,-0.4,-2.07,8518.24,16084.2033,1.0081,0.96,19.17,8050.59,19.2467,10730.73,19.1725,9806.26,19.122,8526.854,19.1,9045.3375,19.177,9748.17,19.32,11271.814,19.6595,11796.396
1475,20130619,002557.SZ,19.33,19.52,18.92,19.37,19.4,-0.03,-0.15,7582.94,14670.0873,0.8974,0.82,19.385,11836.975,19.24,10235.6,19.16,8529.0075,19.106,8887.214,19.1638,8823.6475,19.263,10555.876,19.4007,12490.7733,19.761,12132.38
1476,20130618,002557.SZ,18.95,19.59,18.79,19.4,18.95,0.45,2.37,16091.01,30941.5052,1.9043,2.0,19.175,11561.93,19.09,8844.3633,19.04,9213.2825,19.056,9279.52,19.1788,10172.565,19.271,10591.577,19.4893,12561.9233,19.816,12486.114
1477,20130617,002557.SZ,18.89,19.23,18.6,18.95,18.92,0.03,0.16,7032.85,13324.062,0.8323,0.88,18.935,5221.04,18.92,6920.7067,18.97,7576.6475,19.012,8034.102,19.2325,10235.6012,19.285,9968.324,19.5727,11997.8227,19.849,12242.6255
1478,20130614,002557.SZ,18.72,18.99,18.68,18.92,18.89,0.03,0.16,3409.23,6433.1118,0.4035,0.31,18.905,6864.635,18.9767,7757.9133,19.0275,8284.415,19.118,7976.476,19.295,10348.9887,19.352,10653.241,19.7013,12215.7433,19.902,12664.897
1479,20130613,002557.SZ,18.82,19.0,18.08,18.89,19.12,-0.23,-1.2,10320.04,18986.8353,1.2213,0.84,19.005,9932.255,19.0633,9909.4767,19.1675,9118.2875,19.232,10969.486,19.3725,11155.145,19.419,12644.294,19.8387,12886.2433,19.941,13221.8805
1480,20130607,002557.SZ,19.01,19.33,18.7,19.12,19.18,-0.06,-0.31,9544.47,18059.2705,1.1295,0.8,19.15,9704.195,19.26,8717.7033,19.3175,11131.8475,19.42,12224.538,19.4638,11600.3925,19.548,14292.553,19.9793,13214.102,19.98,13490.3035
1481,20130606,002557.SZ,19.31,19.41,19.1,19.18,19.48,-0.3,-1.54,9863.92,18952.9482,1.1673,0.83,19.33,8304.32,19.3833,11660.9733,19.495,12894.555,19.486,11903.634,19.5225,13322.3037,19.706,14203.125,20.0693,13554.9787,19.9925,13919.4
1482,20130605,002557.SZ,19.17,19.48,19.17,19.48,19.49,-0.01,-0.05,6744.72,13025.2235,0.7982,0.51,19.485,12559.5,19.6,13904.7667,19.5625,12413.5625,19.558,11902.546,19.6475,15439.6425,19.853,13979.683,20.128,13645.4667,20.0275,14686.7695
1483,20130604,002557.SZ,19.88,20.0,19.1,19.49,19.83,-0.34,-1.71,18374.28,35799.3438,2.1745,1.28,19.66,17484.79,19.59,14303.1767,19.5775,13192.0025,19.586,13330.006,19.8,15677.8262,19.993,14335.377,20.1633,14227.704,20.0225,16059.6015
1484,20130603,002557.SZ,19.45,19.96,19.45,19.83,19.45,0.38,1.95,16595.3,32841.431,1.9639,1.01,19.64,12267.625,19.6067,11464.5767,19.61,12068.9375,19.606,14319.102,19.945,14334.7287,20.142,13844.622,20.1773,13972.6787,20.0075,16774.3095
1485,20130531,002557.SZ,19.5,19.59,19.28,19.45,19.54,-0.09,-0.46,7939.95,15430.2005,0.9396,0.48,19.495,8899.215,19.5367,10560.15,19.55,13750.0525,19.676,16360.568,20.0763,13548.0237,20.259,13708.884,20.1667,13912.2253,19.942,16921.3985
1486,20130530,002557.SZ,19.54,19.61,19.24,19.54,19.62,-0.08,-0.41,9858.48,19125.0987,1.1667,0.61,19.58,11870.25,19.5833,15686.7533,19.7325,18465.7225,19.926,16502.616,20.2675,14238.8712,20.361,14380.651,20.1613,14591.322,19.8845,17602.5575
1487,20130529,002557.SZ,19.58,19.71,19.24,19.62,19.59,0.03,0.15,13882.02,26983.9604,1.6428,0.9,19.605,18600.89,19.7967,21334.8033,20.0225,18163.65,20.148,16056.82,20.45,14911.3012,20.413,14516.927,20.184,15614.844,19.8145,18652.463
1488,20130528,002557.SZ,19.52,19.79,18.9,19.59,19.48,0.11,0.56,23319.76,44907.7945,2.7597,1.74,19.885,25061.195,20.1567,19590.86,20.28,16600.52,20.4,15340.748,20.5563,15008.2512,20.452,14676.553,20.168,16969.4667,19.741,18772.1695
1489,20130527,002557.SZ,20.7,20.98,20.18,20.18,20.7,-0.52,-2.51,26802.63,55154.166,3.1719,2.42,20.44,17726.41,20.51,14360.7733,20.6025,13345.995,20.678,13370.142,20.615,13495.9362,20.463,13799.467,20.1413,17592.712,19.6815,18962.2825
1490,20130524,002557.SZ,20.57,20.81,20.47,20.7,20.65,0.05,0.24,8650.19,17880.511,1.0237,0.71,20.675,8139.845,20.7433,8860.45,20.8025,10012.02,20.842,11057.2,20.5938,12080.3925,20.412,12688.054,20.0307,17108.342,19.613,19025.731
1491,20130523,002557.SZ,20.87,20.87,20.21,20.65,20.88,-0.23,-1.1,7629.5,15671.7917,0.9029,0.59,20.765,8965.58,20.8367,10465.9633,20.8775,11658.9525,20.796,12258.686,20.4688,12817.7312,20.279,13635.675,19.8707,17969.2047,19.5025,20406.1695
1492,20130522,002557.SZ,20.98,21.17,20.57,20.88,20.98,-0.1,-0.48,10301.66,21394.4571,1.2191,0.74,20.93,11884.195,20.9533,13002.1033,20.8325,13415.9825,20.678,12977.034,20.3463,13825.1062,20.202,15393.856,19.7033,19517.6773,19.4045,22069.5415
1493,20130521,002557.SZ,21.06,21.3,20.81,20.98,21.0,-0.02,-0.1,13466.73,28332.2555,1.5937,0.95,20.99,14352.325,20.8167,14454.09,20.6275,13645.8775,20.504,14012.358,20.1575,14803.1987,20.052,17783.826,19.5213,19915.9767,19.2815,23242.6635
1494,20130520,002557.SZ,20.46,21.0,20.26,21.0,20.47,0.53,2.59,15237.92,31484.6707,1.8033,1.06,20.735,14947.77,20.51,13705.5933,20.385,14148.765,20.248,14228.792,20.02,16271.2712,19.873,19703.997,19.3493,20826.3293,19.14,25070.688
1495,20130517,002557.SZ,20.06,20.47,19.83,20.47,20.06,0.41,2.04,14657.62,29519.7494,1.7346,0.98,20.265,12939.43,20.18,13785.7133,20.06,13976.51,19.982,14318.908,19.8175,18641.7012,19.625,20133.913,19.2033,21681.908,19.03,24886.018
1496,20130516,002557.SZ,20.02,20.13,19.72,20.06,20.01,0.05,0.25,11221.24,22373.5071,1.328,0.63,20.035,13349.76,19.9233,13749.4733,19.86,14234.23,19.762,15012.664,19.6575,20893.0537,19.408,20824.464,19.0713,23121.9973,18.9465,25126.8345
1497,20130515,002557.SZ,19.51,20.08,19.51,20.01,19.7,0.31,1.57,15478.28,30785.8207,1.8317,0.72,19.855,15013.59,19.7933,15238.56,19.6875,15960.52,19.726,17810.678,19.465,21932.5337,19.216,22787.999,18.98,25100.3773,18.8925,25615.944
1498,20130514,002557.SZ,19.63,19.71,19.14,19.7,19.67,0.03,0.15,14548.9,28274.6435,1.7218,0.58,19.685,15118.7,19.58,16121.2667,19.655,18393.7775,19.6,21555.294,19.2513,22693.14,19.03,22867.786,18.874,26319.432,18.8695,25513.9535
1499,20130513,002557.SZ,19.36,19.73,19.21,19.67,19.37,0.3,1.55,15688.5,30571.3694,1.8566,0.6,19.52,16907.45,19.64,19675.4033,19.575,23306.8925,19.498,25179.202,19.0563,24731.6012,18.9,24125.098,18.7707,28684.6533,18.8685,25251.866
1500,20130510,002557.SZ,19.7,19.7,19.33,19.37,19.88,-0.51,-2.57,18126.4,35302.331,2.1451,0.68,19.625,21668.855,19.5433,25846.3567,19.455,27551.8775,19.268,25948.918,18.8663,24805.0575,18.814,25363.408,18.7127,28408.388,18.885,25138.905
1501,20130509,002557.SZ,19.3,19.92,19.11,19.88,19.38,0.5,2.58,25211.31,49063.1575,2.9836,0.91,19.63,29706.335,19.4833,30693.7033,19.2425,27904.5475,19.054,26636.264,18.745,25929.51,18.726,27176.664,18.6747,28498.2247,18.939,24837.0095
1502,20130508,002557.SZ,19.2,19.7,19.0,19.38,19.19,0.19,0.99,34201.36,66514.5302,4.0475,1.41,19.285,33434.9,19.03,28802.2933,18.8475,26992.5025,18.706,27765.32,18.6113,26287.0462,18.607,28745.227,18.6147,28217.6993,18.967,24172.949
1503,20130507,002557.SZ,18.58,19.19,18.4,19.19,18.52,0.67,3.62,32668.44,61549.0359,3.8661,1.42,18.855,26102.76,18.67,24589.55,18.5375,26156.31,18.46,24180.278,18.5,26544.2462,18.511,28701.501,18.626,26833.5067,19.054,23558.8515
1504,20130506,002557.SZ,18.3,18.69,18.14,18.52,18.3,0.22,1.2,19537.08,35983.1354,2.3121,0.79,18.41,20550.105,18.32,23985.6,18.2775,22058.2375,18.302,23070.994,18.4375,27572.8087,18.407,30437.379,18.6587,25276.0873,19.225,22759.516
1505,20130503,002557.SZ,18.1,18.45,17.91,18.3,18.14,0.16,0.88,21563.13,39249.2375,2.5518,0.78,18.22,26209.86,18.1967,22898.6233,18.2475,23954.4725,18.36,24777.898,18.425,29351.1862,18.435,29638.123,18.7573,24868.9007,19.449,22868.576
1506,20130502,002557.SZ,18.04,18.3,17.43,18.14,18.15,-0.01,-0.06,30856.59,55007.2166,3.6517,1.04,18.145,23566.37,18.23,24751.5867,18.375,25581.59,18.398,27717.064,18.4063,32909.1975,18.485,29429.205,18.9007,24237.258,19.636,22460.035
1507,20130426,002557.SZ,18.21,18.45,18.0,18.15,18.4,-0.25,-1.36,16276.15,29677.358,1.9262,0.49,18.275,21699.085,18.4533,23823.2567,18.4625,26932.1825,18.508,29725.134,18.4888,30495.1887,18.569,28443.889,19.054,22975.492,19.836,22570.09
1508,20130425,002557.SZ,18.79,18.79,18.1,18.4,18.81,-0.41,-2.18,27122.02,49915.011,3.2097,0.72,18.605,27596.81,18.5667,30484.1933,18.5975,33087.38,18.562,33222.724,18.57,30894.9137,18.709,28160.121,19.252,23351.7093,20.0065,22150.8715
1509,20130424,002557.SZ,18.55,18.83,18.05,18.81,18.49,0.32,1.73,28071.6,51786.66,3.3221,0.81,18.65,32165.28,18.6633,35075.8333,18.6025,34747.9,18.512,37803.764,18.6425,30130.09,18.837,26378.634,19.5327,22655.69,20.1615,21159.089
1510,20130423,002557.SZ,18.61,18.87,18.44,18.49,18.69,-0.2,-1.07,36258.96,67626.175,4.291,1.16,18.59,38577.95,18.5333,36973.3333,18.4375,40236.805,18.51,34498.348,18.735,28300.9487,18.956,24914.402,19.812,22232.1353,20.2855,20440.8365
1511,20130422,002557.SZ,18.36,18.69,18.1,18.69,18.42,0.27,1.47,40896.94,74760.4503,4.8399,1.51,18.555,37330.52,18.42,41562.7533,18.515,34058.195,18.572,31141.346,18.8838,24931.9725,19.152,22497.355,20.0487,20707.692,20.4475,19065.111
1512,20130419,002557.SZ,18.18,18.58,18.15,18.42,18.15,0.27,1.49,33764.1,62003.3773,3.9958,1.46,18.285,41895.66,18.4567,31778.6133,18.5425,28702.4475,18.63,27162.644,19.0475,21498.515,19.327,19600.671,20.2787,20185.0753,20.603,17645.7955
1513,20130418,002557.SZ,18.57,18.57,18.08,18.15,18.8,-0.65,-3.46,50027.22,91030.0768,5.9204,3.35,18.475,30785.87,18.5833,27015.23,18.6825,25512.28,18.856,23097.518,19.3013,18789.0637,19.597,18416.202,20.488,18460.254,20.7775,16481.2845
1514,20130417,002557.SZ,18.8,18.96,18.6,18.8,18.8,0.0,0.0,11544.52,21652.8624,1.3662,0.75,18.8,15509.235,18.86,17340.6333,19.0325,16365.0925,19.162,14953.504,19.5875,14026.9237,20.043,15081.653,20.7113,15610.864,20.927,14430.378
1515,20130416,002557.SZ,18.85,19.15,18.4,18.8,18.98,-0.18,-0.95,19473.95,36592.9861,2.3046,1.41,18.89,20238.69,19.11,17971.95,19.2525,15805.75,19.402,15330.456,19.8775,15323.785,20.463,16099.029,20.8773,15754.9993,21.051,14307.531
1516,20130415,002557.SZ,19.6,19.74,18.93,18.98,19.55,-0.57,-2.92,21003.43,40129.4781,2.4856,1.74,19.265,17220.95,19.4033,14583.0167,19.5525,14294.5825,19.732,13853.364,20.3538,14974.7575,20.787,15490.865,21.0727,15039.6993,21.1725,14081.3985
1517,20130412,002557.SZ,19.67,19.96,19.43,19.55,19.68,-0.13,-0.66,13438.47,26384.5735,1.5904,0.98,19.615,11372.81,19.7433,12058.3,19.92,12065.8475,20.024,12038.698,20.8563,15064.1137,21.103,16696.291,21.2607,14473.5127,21.2735,13359.2685
1518,20130411,002557.SZ,19.96,20.13,19.66,19.68,20.0,-0.32,-1.6,9307.15,18443.2431,1.1014,0.61,19.84,11368.215,20.0433,11608.3067,20.1425,11688.755,20.338,13734.886,21.1675,15058.3437,21.304,16141.622,21.418,14275.8733,21.346,13250.8375
1519,20130410,002557.SZ,20.64,20.64,19.82,20.0,20.45,-0.45,-2.2,13429.28,26960.1545,1.5893,0.8,20.225,12758.885,20.2967,12482.6233,20.5025,14841.82,20.924,15209.802,21.475,18027.1612,21.486,15939.544,21.5153,14256.0027,21.412,13665.2065
1520,20130409,002557.SZ,20.5,20.89,20.2,20.45,20.44,0.01,0.05,12088.49,24744.5949,1.4306,0.71,20.445,12009.295,20.67,15312.6667,21.155,15654.9325,21.524,16867.602,21.67,17334.9737,21.615,15967.271,21.6007,13966.556,21.504,13672.1655
1521,20130408,002557.SZ,20.7,20.7,20.07,20.44,21.12,-0.68,-3.22,11930.1,24270.1539,1.4118,0.56,20.78,16924.755,21.39,16843.7467,21.7925,18062.38,21.842,17128.366,21.8013,16734.7087,21.743,15632.867,21.6527,14157.41,21.569,14439.3875
1522,20130403,002557.SZ,22.61,22.95,20.8,21.12,22.61,-1.49,-6.59,21919.41,47639.5595,2.594,1.18,21.865,19300.57,22.2433,20106.4733,22.1925,18427.9325,22.182,21353.884,21.9075,16956.765,21.879,15690.92,21.69,13799.4587,21.662,15304.128
1523,20130402,002557.SZ,23.0,23.2,22.5,22.61,23.0,-0.39,-1.7,16681.73,38223.1649,1.9742,1.0,22.805,19200.005,22.55,17264.1067,22.4475,21212.5025,22.27,18548.358,21.9838,15309.895,21.958,14546.367,21.682,13089.488,21.766,15888.841
1524,20130401,002557.SZ,22.1,23.1,21.92,23.0,22.04,0.96,4.36,21718.28,49209.527,2.5702,1.44,22.52,17555.295,22.3933,22722.76,22.185,19015.015,22.048,16669.286,21.8825,14788.5075,21.811,13779.103,21.5747,13150.3413,21.793,16660.0155
1525,20130329,002557.SZ,22.16,22.59,21.8,22.04,22.14,-0.1,-0.45,13392.31,29756.1337,1.5849,0.95,22.09,23225.0,21.9133,18113.9267,21.81,15407.0375,21.706,15066.94,21.7463,13382.9575,21.639,12516.033,21.4973,12607.02,21.763,17394.496
1526,20130328,002557.SZ,21.42,22.47,21.05,22.14,21.56,0.58,2.69,33057.69,72797.5502,3.9122,3.3,21.85,20474.735,21.7333,16078.6133,21.6225,15485.5975,21.644,14137.368,21.6338,12835.055,21.558,12671.932,21.478,13543.0613,21.7935,18133.124
1527,20130327,002557.SZ,21.55,21.92,21.4,21.56,21.5,0.06,0.28,7891.78,17084.7899,0.9339,0.75,21.53,7589.075,21.45,9628.2333,21.52,9407.2875,21.576,10027.956,21.5263,9838.7912,21.444,10022.246,21.4887,13287.5427,21.794,17600.3915
1528,20130326,002557.SZ,21.26,21.7,20.8,21.5,21.29,0.21,0.99,7286.37,15515.5635,0.8623,0.67,21.395,10496.46,21.5067,9912.4567,21.58,10562.0,21.646,10544.376,21.485,10721.2312,21.388,10360.053,21.598,15002.3353,21.8045,18807.26
1529,20130325,002557.SZ,21.65,21.87,21.02,21.29,21.73,-0.44,-2.02,13706.55,29183.7855,1.6221,1.38,21.51,11225.5,21.6067,11653.8767,21.6825,11358.8775,21.574,10888.92,21.4225,10630.5387,21.338,11390.869,21.708,16656.9253,21.8555,20703.8035
1530,20130322,002557.SZ,21.9,22.25,21.6,21.73,21.8,-0.07,-0.32,8744.45,19133.355,1.0348,0.78,21.765,10627.54,21.8133,10576.32,21.645,10184.5125,21.572,9965.126,21.3863,10325.9512,21.393,11377.06,21.782,18170.348,21.906,22076.649
1531,20130321,002557.SZ,21.91,22.42,21.71,21.8,21.91,-0.11,-0.5,12510.63,27642.5704,1.4805,1.25,21.855,11492.255,21.6167,10664.5333,21.5325,10270.295,21.472,11206.496,21.295,11432.2112,21.395,13245.908,21.8433,19465.0427,21.935,25539.52
1532,20130320,002557.SZ,21.11,21.95,21.0,21.91,21.14,0.77,3.64,10473.88,22515.3307,1.2395,1.03,21.525,9741.485,21.4433,9523.5167,21.39,10880.4625,21.312,10016.536,21.3,11564.44,21.445,14917.336,21.8667,20124.5367,21.9205,29489.528
1533,20130319,002557.SZ,21.26,21.46,20.72,21.14,21.28,-0.14,-0.66,9009.09,18921.3223,1.0662,0.76,21.21,9048.335,21.2167,11015.99,21.1625,9902.2,21.13,10175.73,21.28,13684.3212,21.574,17231.315,21.8573,21561.5547,21.8025,31372.822
1534,20130318,002557.SZ,21.24,21.76,21.08,21.28,21.23,0.05,0.24,9087.58,19467.2388,1.0755,0.71,21.255,12019.44,21.17,10199.9033,21.1275,10467.39,21.102,11892.818,21.425,16211.2987,21.775,19540.928,21.9493,23975.4313,21.721,32607.1905
1535,20130315,002557.SZ,21.15,21.53,20.56,21.23,21.0,0.23,1.1,14951.3,31537.0518,1.7694,0.98,21.115,10756.065,21.0767,10927.3267,21.0575,12594.1275,21.214,12788.994,21.665,19277.06,21.887,22272.959,22.0173,26113.8233,21.6095,33070.966
1536,20130314,002557.SZ,20.91,21.19,20.74,21.0,21.0,0.0,0.0,6560.83,13732.8765,0.7764,0.33,21.0,8915.34,21.0,11808.4033,21.21,12248.4175,21.318,15285.32,21.905,21421.3,22.029,23594.316,22.0893,30317.1947,21.528,32980.7155
1537,20130313,002557.SZ,21.0,21.2,20.52,21.0,21.0,0.0,0.0,11269.85,23371.0684,1.3337,0.46,21.0,14432.19,21.28,14144.28,21.3975,17466.4425,21.578,19818.136,22.08,25152.1825,22.144,25178.537,22.1233,35980.5253,21.458,33441.6945
1538,20130312,002557.SZ,21.9,22.12,21.0,21.0,21.84,-0.84,-3.85,17594.53,37698.8227,2.0822,0.65,21.42,15581.495,21.53,19531.9733,21.7225,21955.2075,22.018,24286.9,22.2863,27264.06,22.221,27254.467,22.0267,38438.5193,21.3595,33479.831
1539,20130311,002557.SZ,21.52,21.92,21.32,21.84,21.75,0.09,0.41,13568.46,29408.4638,1.6057,0.43,21.795,20500.695,21.9633,23408.7667,22.2725,25959.9925,22.448,27189.038,22.43,27865.1237,22.373,30016.738,21.9273,39511.9813,21.246,33062.745
1540,20130308,002557.SZ,22.25,22.28,21.18,21.75,22.3,-0.55,-2.47,27432.93,59224.0053,3.2465,0.86,22.025,28328.92,22.4167,30090.5033,22.6,30594.1825,22.56,31756.924,22.4213,30172.71,22.419,32776.238,21.7413,39831.6233,21.083,33019.226
1541,20130307,002557.SZ,23.2,23.2,22.0,22.3,23.2,-0.9,-3.88,29224.91,66046.7396,3.4586,0.96,22.75,31419.29,22.8833,31647.9333,22.7625,32837.9225,22.74,31903.312,22.5175,32395.7487,22.475,37833.132,21.598,38879.1807,20.96,32108.1925
1542,20130306,002557.SZ,23.19,23.8,22.8,23.2,23.15,0.05,0.22,33613.67,78588.296,3.9779,1.11,23.175,32859.445,22.9167,34042.26,22.85,32572.9125,22.71,30538.938,22.5175,33888.0675,22.396,44061.72,21.418,37982.8807,20.789,30868.5555
1543,20130305,002557.SZ,21.94,23.44,21.94,23.15,22.4,0.75,3.35,32105.22,73650.4257,3.7994,0.98,22.775,34256.555,22.7333,32225.9933,22.5875,29770.255,22.424,30222.034,22.4063,39436.5925,22.031,45514.329,21.14,36544.1413,20.583,29531.9845
1544,20130304,002557.SZ,22.22,23.18,21.5,22.4,22.65,-0.25,-1.1,36407.89,81813.1598,4.3086,1.08,22.525,32286.38,22.4,28991.9333,22.2425,29751.2375,22.298,32844.438,22.2013,46862.2887,21.667,45673.453,20.8453,35020.6473,20.3845,28763.979
1545,20130301,002557.SZ,22.0,22.84,21.67,22.65,22.15,0.5,2.26,28164.87,63120.2551,3.3331,0.64,22.4,25283.955,22.19,27532.3533,22.2725,31953.575,22.278,33795.552,21.845,48328.7725,21.332,43868.973,20.5907,33439.9933,20.2065,27313.832
1546,20130228,002557.SZ,21.77,22.22,21.18,22.15,21.77,0.38,1.75,22403.04,48565.1648,2.6512,0.39,21.96,27216.095,22.1467,33216.4767,22.185,35203.2225,22.21,43762.952,21.4525,49020.2212,21.027,42367.115,20.3667,32176.486,19.9965,26184.913
1547,20130227,002557.SZ,22.31,22.65,21.07,21.77,22.52,-0.75,-3.33,32029.15,69935.3576,3.7904,0.53,22.145,38623.195,22.1967,39469.95,22.225,49102.93,22.082,57584.502,21.065,48515.2275,20.772,41704.852,20.1487,30978.428,19.798,25729.5375
1548,20130226,002557.SZ,21.9,22.84,21.63,22.52,22.3,0.22,0.99,45217.24,100676.8046,5.3512,0.77,22.41,43190.35,22.3767,54794.19,22.16,63973.34,21.638,60806.624,20.7938,46154.87,20.498,39705.195,19.9693,29301.968,19.639,24616.022
1549,20130225,002557.SZ,22.0,22.34,21.2,22.3,22.31,-0.01,-0.04,41163.46,89862.1856,4.8714,0.76,22.305,59582.665,22.04,70225.3733,21.4175,64703.97,21.036,58502.468,20.4288,42475.2662,20.119,36108.752,19.7467,27403.826,19.4615,22836.9455
1550,20130222,002557.SZ,20.9,22.73,20.75,22.31,21.51,0.8,3.72,78001.87,170435.5647,9.231,1.9,21.91,84756.33,21.1233,72550.8067,20.72,62837.22,20.386,53942.394,20.02,38833.9062,19.747,33262.214,19.516,25153.2587,19.3175,21230.4665
1551,20130221,002557.SZ,20.8,21.51,20.2,21.51,19.55,1.96,10.03,91510.79,193476.0979,10.8297,3.54,20.53,69825.275,20.19,57782.3367,19.905,47927.525,19.844,40971.278,19.5725,30240.2737,19.445,26383.253,19.2587,20325.5667,19.1825,17587.6
1552,20130220,002557.SZ,19.1,20.15,18.77,19.55,19.51,0.04,0.21,48139.76,93345.6303,5.697,2.59,19.53,40918.11,19.37,33399.77,19.4275,28336.4,19.462,25825.202,19.2063,20388.685,19.182,17675.391,19.0367,15111.216,19.0745,13548.701
1553,20130219,002557.SZ,19.03,19.6,18.25,19.51,19.05,0.46,2.41,33696.46,63568.2128,3.9877,2.46,19.28,26029.775,19.3867,21735.28,19.44,20246.5625,19.358,18603.766,19.1738,15522.7475,19.135,13549.64,18.9727,12552.488,19.081,12239.1935
1554,20130218,002557.SZ,19.05,19.53,18.68,19.05,19.6,-0.55,-2.81,18363.09,34910.8353,2.1731,1.46,19.325,15754.69,19.4167,15763.2633,19.32,14830.5925,19.202,13715.036,19.095,11864.7112,19.102,11854.505,18.9367,10948.438,19.0635,11159.983
1555,20130208,002557.SZ,19.68,19.79,19.41,19.6,19.6,0.0,0.0,13146.29,25845.3226,1.5558,1.11,19.6,14463.35,19.41,13653.0933,19.24,12553.0225,19.108,12582.034,19.0988,10429.6062,19.081,10758.691,18.9613,10326.4907,19.048,10750.056
1556,20130207,002557.SZ,19.08,19.64,18.98,19.6,19.03,0.57,3.0,15780.41,30703.1035,1.8675,1.66,19.315,13906.495,19.12,12355.2667,18.985,12440.97,19.046,11795.228,19.0463,10879.4587,18.966,10002.711,18.962,9793.0407,18.974,10450.372
1557,20130206,002557.SZ,18.73,19.28,18.73,19.03,18.73,0.3,1.6,12032.58,22913.8797,1.424,1.42,18.88,10642.695,18.78,11327.8233,18.9075,10798.9325,18.902,9525.58,18.9513,9832.5262,18.824,9754.223,18.9453,9456.534,18.9215,10031.832
1558,20130205,002557.SZ,18.64,18.75,18.24,18.73,18.58,0.15,0.81,9252.81,17129.0715,1.095,0.93,18.655,10975.445,18.8667,10387.7167,18.87,8898.83,18.912,8495.514,18.8788,9026.765,18.78,9526.849,18.9887,10117.6693,18.902,10154.507
1559,20130204,002557.SZ,19.48,19.48,18.46,18.58,19.29,-0.71,-3.68,12698.08,23774.8479,1.5027,1.42,18.935,10955.17,18.9167,8780.8367,18.9575,8306.19,19.002,9993.974,18.81,9532.105,18.804,9565.139,19.0173,10308.2987,18.8945,10204.5035
1560,20130201,002557.SZ,18.63,19.4,18.61,19.29,18.88,0.41,2.17,9212.26,17697.5023,1.0902,1.12,19.085,6822.215,19.0833,6842.2267,19.1075,9317.9475,19.054,8935.348,18.8113,9164.7,18.888,9198.719,19.028,10139.3967,18.882,10153.4075
1561,20130131,002557.SZ,18.95,19.08,18.71,18.88,19.08,-0.2,-1.05,4432.17,8343.2297,0.5245,0.44,18.98,5657.21,19.0467,9353.1767,18.995,8866.12,18.886,8210.194,18.7713,9217.6312,18.92,8791.947,18.95,10002.0867,18.828,10013.9225
1562,20130130,002557.SZ,19.16,19.21,18.7,19.08,19.18,-0.1,-0.52,6882.25,13040.4334,0.8145,0.65,19.13,11813.68,19.0333,10344.1033,18.8875,9154.7,18.746,9982.866,18.8388,9792.845,18.967,9422.011,18.928,10200.5827,18.815,10486.078
1563,20130129,002557.SZ,18.84,19.24,18.55,19.18,18.84,0.34,1.8,16745.11,31466.0671,1.9817,1.83,19.01,12075.03,18.8233,9912.1833,18.6625,10758.02,18.648,10558.184,18.905,9575.6312,19.027,10928.747,18.8987,10707.5047,18.774,10968.8455
1564,20130128,002557.SZ,18.3,18.86,18.3,18.84,18.45,0.39,2.11,7404.95,13828.8618,0.8763,0.78,18.645,6495.72,18.49,8762.3233,18.515,9011.4525,18.606,9136.304,18.9263,8824.0937,19.025,10465.461,18.8587,10274.68,18.706,10856.0495
1565,20130125,002557.SZ,18.11,18.55,18.11,18.45,18.18,0.27,1.49,5586.49,10232.0406,0.6611,0.6,18.315,9441.01,18.4067,9546.9533,18.5475,9569.1425,18.722,9462.09,19.0313,10642.1762,19.015,10741.421,18.8247,10559.4273,18.648,11448.52
1566,20130124,002557.SZ,18.59,18.76,18.16,18.18,18.59,-0.41,-2.21,13295.53,24623.2495,1.5734,1.5,18.385,11527.185,18.58,10896.6933,18.79,10430.99,18.954,9373.7,19.12,11457.8962,18.982,10898.033,18.8087,10615.1653,18.605,12832.461
1567,20130123,002557.SZ,18.83,18.96,18.11,18.59,18.97,-0.38,-2.0,9758.84,18141.1257,1.1549,0.86,18.78,9697.275,18.9933,9476.1433,19.1475,8393.2425,19.188,8861.156,19.19,11066.5237,19.019,10309.441,18.838,10653.8153,18.535,13385.426
1568,20130122,002557.SZ,19.3,19.3,18.84,18.97,19.42,-0.45,-2.32,9635.71,18384.7888,1.1403,0.82,19.195,9334.795,19.3333,7938.0433,19.3375,8636.735,19.406,11299.31,19.1313,10740.745,19.024,10782.165,18.816,11105.7327,18.4715,13223.2065
1569,20130121,002557.SZ,19.88,19.88,19.35,19.42,19.61,-0.19,-0.97,9033.88,17639.3786,1.0691,0.75,19.515,7089.21,19.46,8303.7433,19.515,11715.21,19.444,11794.618,19.0788,10462.4825,18.985,10843.868,18.7393,11429.298,18.383,13070.0175
1570,20130118,002557.SZ,19.26,19.69,19.26,19.61,19.35,0.26,1.34,5144.54,10051.2492,0.6088,0.41,19.48,7938.675,19.5467,12608.9867,19.45,12484.8025,19.308,12020.752,18.9813,11144.0075,18.876,11108.096,18.6233,12110.6633,18.278,13123.7885
1571,20130117,002557.SZ,19.7,19.99,19.13,19.35,19.68,-0.33,-1.68,10732.81,21057.9816,1.2702,0.91,19.515,16341.21,19.3967,14931.5567,19.2325,13739.805,19.01,12422.366,18.8525,11782.5325,18.736,11235.898,18.4887,13985.3813,18.1505,13245.822
1572,20130116,002557.SZ,19.17,20.08,19.0,19.68,19.16,0.52,2.71,21949.61,43038.7385,2.5976,2.14,19.42,17030.93,19.1933,14742.1367,18.925,12844.755,18.85,11757.726,18.725,11900.4512,18.663,11550.145,18.3173,14893.516,18.0355,13299.9225
1573,20130115,002557.SZ,18.8,19.19,18.72,19.16,18.74,0.42,2.24,12112.25,23010.2989,1.4334,1.22,18.95,11138.4,18.6733,9809.8033,18.6425,9209.755,18.642,10265.02,18.5413,9959.57,18.521,11008.944,18.16,13864.5053,17.9055,12600.576
1574,20130114,002557.SZ,18.1,18.74,18.01,18.74,18.12,0.62,3.42,10164.55,18750.521,1.2029,1.0,18.43,8658.58,18.47,8242.2567,18.5125,9803.2125,18.526,9893.118,18.4738,10179.9487,18.387,11246.638,18.0293,13495.1507,17.7775,12299.7965
1575,20130111,002557.SZ,18.53,18.62,18.1,18.12,18.55,-0.43,-2.32,7152.61,13102.2577,0.8465,0.71,18.335,7281.11,18.4367,9682.7667,18.4725,9825.26,18.444,10195.44,18.4138,10976.58,18.281,12155.619,17.9347,13491.4673,17.6905,11932.505
1576,20130110,002557.SZ,18.6,18.68,18.4,18.55,18.64,-0.09,-0.48,7409.61,13727.7286,0.8769,0.65,18.595,10947.845,18.59,10716.1433,18.525,10956.1475,18.462,10049.43,18.3763,11893.6525,18.228,14766.889,17.864,13520.3073,17.6345,11860.9445
1577,20130109,002557.SZ,18.58,18.75,18.31,18.64,18.58,0.06,0.32,14486.08,26845.8378,1.7143,1.23,18.61,12369.41,18.5167,12138.3267,18.44,10709.385,18.476,11342.564,18.2675,13374.2462,18.051,16461.411,17.764,13813.988,17.549,11896.2465
1578,20130108,002557.SZ,18.18,18.6,18.15,18.58,18.33,0.25,1.36,10252.74,18891.1253,1.2133,0.81,18.455,10964.45,18.3733,9450.4867,18.435,10556.685,18.4,11752.868,18.1363,15721.65,17.919,15664.248,17.66,13379.0947,17.437,11442.2165
1579,20130107,002557.SZ,18.22,18.43,17.95,18.33,18.21,0.12,0.66,11676.16,21246.0428,1.3818,0.83,18.27,9049.36,18.3867,10658.0,18.355,12127.9,18.248,12600.158,17.9113,17484.4112,17.781,15296.167,17.528,13102.0227,17.3275,11111.2425
1580,20130104,002557.SZ,18.5,18.5,18.09,18.21,18.62,-0.41,-2.2,6422.56,11744.7171,0.7601,0.33,18.415,10148.92,18.3633,12278.48,18.2275,12831.1575,18.118,14115.798,17.785,16839.1975,17.68,15139.481,17.4393,12511.5267,17.2165,10786.63
1581,20121231,002557.SZ,18.2,18.62,17.94,18.62,18.26,0.36,1.97,13875.28,25267.6807,1.642,0.64,18.44,15206.44,18.2333,14967.3567,18.095,16039.1075,17.994,19484.348,17.6588,16857.8687,17.565,15255.746,17.3587,12464.7827,17.0905,10791.1375
1582,20121228,002557.SZ,17.8,18.33,17.5,18.26,17.82,0.44,2.47,16537.6,29787.8929,1.9571,0.84,18.04,15513.395,17.92,16760.3833,17.8375,20886.615,17.626,21580.258,17.4963,16387.1212,17.408,15049.7,17.24,12080.8073,16.9315,10270.4575
1583,20121227,002557.SZ,17.68,17.95,17.62,17.82,17.68,0.14,0.79,14489.19,25718.9292,1.7147,0.81,17.75,16871.775,17.6967,22336.2867,17.4675,22840.9225,17.438,19575.628,17.3463,15268.0725,17.29,14192.208,17.116,11338.666,16.809,9690.613
1584,20121226,002557.SZ,17.56,18.01,17.47,17.68,17.59,0.09,0.51,19254.36,34221.777,2.2786,1.19,17.635,26259.835,17.35,25624.8333,17.3425,20847.2375,17.314,17992.176,17.25,14933.7762,17.168,13352.955,17.0207,10614.9373,16.7125,9219.9105
1585,20121225,002557.SZ,16.62,17.75,16.5,17.59,16.78,0.81,4.83,33265.31,56837.4236,3.9367,3.02,17.185,28810.07,17.23,21378.1967,17.2225,17676.63,17.242,16163.164,17.175,13522.3162,17.1,11709.391,16.916,9676.9073,16.629,8581.5305
1586,20121224,002557.SZ,17.32,17.35,16.49,16.78,17.32,-0.54,-3.12,24354.83,40985.0486,2.8822,2.86,17.05,15434.64,17.1,12480.4033,17.155,11887.6275,17.136,11027.144,17.0513,10126.235,17.041,8955.0,16.7893,7893.4007,16.581,7220.637
1587,20121221,002557.SZ,17.08,17.39,17.02,17.32,17.2,0.12,0.7,6514.45,11235.1261,0.7709,0.74,17.26,6543.19,17.28,7731.8933,17.225,7695.2225,17.19,8519.142,17.0788,7434.2212,17.047,7331.082,16.7,6500.524,16.599,6071.4885
1588,20121220,002557.SZ,17.1,17.3,16.85,17.2,17.32,-0.12,-0.69,6571.93,11207.6055,0.7777,0.75,17.26,8340.615,17.1933,8088.8133,17.1575,9020.315,17.142,8808.788,17.0388,7335.09,16.955,7220.185,16.5993,6395.608,16.6045,6020.168
1589,20121219,002557.SZ,17.08,17.98,16.86,17.32,17.06,0.26,1.52,10109.3,17575.6421,1.1964,1.39,17.19,8847.255,17.1433,9836.4433,17.1275,9368.0025,17.022,8713.734,16.9938,7528.055,16.874,6926.318,16.512,6295.822,16.6175,5817.2515
1590,20121218,002557.SZ,17.08,17.11,16.8,17.06,17.05,0.01,0.06,7585.21,12888.0842,0.8977,1.1,17.055,9700.015,17.0633,9120.9033,16.9475,8364.8425,16.958,7255.618,16.8788,6940.0775,16.753,6433.779,16.4247,6054.3193,16.614,5458.0025
1591,20121217,002557.SZ,17.08,17.38,16.99,17.05,17.08,-0.03,-0.18,11814.82,20273.8968,1.3982,1.92,17.065,9888.75,16.91,8624.72,16.9325,7173.22,16.946,6882.856,16.795,6446.0837,16.616,6326.529,16.396,5951.8013,16.625,5224.4245
1592,20121214,002557.SZ,16.33,17.19,16.33,17.08,16.6,0.48,2.89,7962.68,13492.7969,0.9423,1.41,16.84,7029.67,16.8933,5626.02,16.92,5649.865,16.904,6143.022,16.6775,5617.22,16.455,5491.215,16.402,5255.604,16.636,4771.8185
1593,20121213,002557.SZ,17.04,17.04,16.28,16.6,17.0,-0.4,-2.35,6096.66,10082.8313,0.7215,1.19,16.8,4457.69,16.8667,4878.9267,16.86,5688.1075,16.768,5631.582,16.5038,5435.9737,16.328,5189.018,16.4253,5090.628,16.652,4525.3195
1594,20121212,002557.SZ,16.98,17.0,16.7,17.0,17.0,0.0,0.0,2818.72,4751.6517,0.3336,0.5,17.0,4270.06,16.9467,5551.9233,16.81,5515.3125,16.726,5138.902,16.3588,5106.6012,16.257,5086.866,16.4827,4851.7573,16.7,4333.7365
1595,20121211,002557.SZ,16.77,17.02,16.56,17.0,16.84,0.16,0.95,5721.4,9575.3864,0.6771,0.99,16.92,6918.525,16.7467,6414.1767,16.6575,5718.9475,16.548,5611.94,16.21,5371.85,16.158,5453.67,16.4993,4858.7973,16.731,4326.755
1596,20121210,002557.SZ,16.39,16.86,16.14,16.84,16.4,0.44,2.68,8115.65,13364.6224,0.9604,1.68,16.62,6760.565,16.5433,5718.13,16.435,5584.575,16.286,5770.202,16.0713,5291.0675,16.121,5486.274,16.518,4671.614,16.764,4229.6095
1597,20121207,002557.SZ,16.37,16.68,16.22,16.4,16.39,0.01,0.06,5405.48,8847.0946,0.6397,1.14,16.395,4519.37,16.3,4740.8833,16.1475,5183.84,16.006,4839.408,15.9675,5087.4562,16.151,4811.895,16.5467,4314.7507,16.821,4023.6725
1598,20121206,002557.SZ,16.18,16.55,16.06,16.39,16.11,0.28,1.74,3633.26,5917.5983,0.43,0.72,16.25,4408.585,16.0633,5109.96,15.9075,4697.89,15.888,4746.454,15.9963,5167.7012,16.254,4820.151,16.6133,4156.5653,16.905,3928.5385
1599,20121205,002557.SZ,15.7,16.33,15.65,16.11,15.69,0.42,2.68,5183.91,8361.3539,0.6135,0.98,15.9,5848.31,15.7467,5052.7667,15.7625,5024.7525,15.788,5034.83,16.09,4885.0262,16.361,4708.185,16.6913,4065.348,16.988,3927.93
1600,20121204,002557.SZ,15.4,15.75,15.2,15.69,15.44,0.25,1.62,6512.71,10089.3734,0.7707,1.25,15.565,4987.195,15.6467,4971.7,15.7075,4997.56,15.768,5295.4,16.255,4923.0425,16.475,4482.226,16.792,3898.36,17.094,4082.765
1601,20121203,002557.SZ,15.81,15.97,15.44,15.44,15.81,-0.37,-2.34,3461.68,5449.084,0.4097,0.72,15.625,4201.195,15.7133,4492.51,15.7875,4991.0725,15.956,5202.346,16.4763,4423.1537,16.634,4122.32,16.9233,3716.0787,17.2345,4525.7005
1602,20121130,002557.SZ,15.8,16.05,15.75,15.81,15.89,-0.08,-0.5,4940.71,7855.6427,0.5847,1.01,15.85,5007.925,15.9033,5500.87,16.085,5637.5125,16.296,4784.382,16.7025,4355.9837,16.817,4052.422,17.0927,3751.7607,17.405,4509.9295
1603,20121129,002557.SZ,15.99,16.26,15.72,15.89,16.01,-0.12,-0.75,5075.14,8096.2224,0.6006,1.16,15.95,5780.95,16.1767,5869.78,16.4175,4745.3,16.62,4893.848,16.8863,4102.6012,16.976,3861.621,17.244,3655.9,17.57,4476.5255
1604,20121128,002557.SZ,16.7,16.7,15.98,16.01,16.63,-0.62,-3.73,6486.76,10530.0526,0.7677,1.77,16.32,6267.1,16.5933,4635.3533,16.8025,4848.525,16.934,4381.54,17.0588,3813.5462,17.143,3580.607,17.388,3558.9633,17.7225,4548.147
1605,20121127,002557.SZ,17.01,17.01,16.58,16.63,17.14,-0.51,-2.98,6047.44,10103.6542,0.7157,1.99,16.885,3709.65,17.0667,4302.4467,17.165,3855.235,17.182,3669.052,17.2325,3381.7887,17.304,3199.84,17.536,3678.5533,17.846,4352.2275
1606,20121126,002557.SZ,17.26,17.44,17.14,17.14,17.43,-0.29,-1.66,1371.86,2359.4113,0.1624,0.41,17.285,3429.95,17.3433,3124.5,17.32,3074.455,17.312,3042.294,17.3488,2908.9837,17.407,2972.945,17.6607,4300.152,17.932,4265.9935
1607,20121123,002557.SZ,17.39,17.52,17.37,17.43,17.46,-0.03,-0.17,5488.04,9580.6529,0.6495,1.94,17.445,4000.82,17.38,3641.9867,17.355,3459.9025,17.338,3320.462,17.4088,3072.3875,17.491,3235.45,17.7747,4418.4453,18.0115,4458.3665
1608,20121122,002557.SZ,17.28,17.46,17.22,17.46,17.25,0.21,1.22,2513.6,4350.7566,0.2975,0.9,17.355,2718.96,17.33,2783.8567,17.315,2778.5675,17.332,2829.394,17.4375,2858.6937,17.556,3036.926,17.8867,4337.418,18.1045,5087.306
1609,20121121,002557.SZ,17.28,17.35,17.05,17.25,17.28,-0.03,-0.17,2924.32,5037.5261,0.3461,1.07,17.265,2918.985,17.2667,2866.89,17.3,2908.3425,17.352,2779.674,17.5025,3044.1075,17.615,3147.675,17.9853,4603.6827,18.16,5018.942
1610,20121120,002557.SZ,17.38,17.45,17.08,17.28,17.27,0.01,0.06,2913.65,5034.4533,0.3448,1.0,17.275,2838.175,17.3167,2903.0167,17.3775,2743.5125,17.426,2730.628,17.6063,3116.4175,17.713,3683.304,18.0673,4579.9527,18.2275,4983.502
1611,20121119,002557.SZ,17.44,17.53,17.17,17.27,17.4,-0.13,-0.75,2762.7,4788.1639,0.3269,0.88,17.335,2897.7,17.41,2686.8,17.4625,2684.8725,17.502,2903.596,17.7025,3204.8475,17.835,4929.081,18.1387,4673.8933,18.2955,4903.5355
1612,20121116,002557.SZ,17.55,17.55,17.12,17.4,17.56,-0.16,-0.91,3032.7,5249.1841,0.3589,0.93,17.48,2648.85,17.5267,2658.93,17.56,2938.82,17.644,3150.438,17.8225,3894.5862,17.993,4967.437,18.236,4837.668,18.3805,4858.7275
1613,20121115,002557.SZ,17.62,17.71,17.44,17.56,17.62,-0.06,-0.34,2265.0,3979.7008,0.268,0.64,17.59,2472.045,17.6133,2907.5267,17.705,3179.8725,17.78,3244.458,17.96,5436.9262,18.164,5091.43,18.362,5839.9433,18.4485,4810.491
1614,20121114,002557.SZ,17.66,17.83,17.57,17.62,17.66,-0.04,-0.23,2679.09,4722.9984,0.3171,0.58,17.64,3228.79,17.7533,3484.83,17.835,3489.3225,17.878,3515.676,18.1213,5547.0837,18.302,5515.687,18.4293,5765.3647,18.5235,4843.1985
1615,20121113,002557.SZ,17.98,18.0,17.65,17.66,17.98,-0.32,-1.78,3778.49,6718.2163,0.4472,0.54,17.82,3887.7,17.9067,3759.4,17.9425,3724.8225,18.0,4635.98,18.3075,5746.2762,18.388,5504.615,18.4947,5734.46,18.5925,4835.951
1616,20121112,002557.SZ,18.11,18.28,17.87,17.98,18.08,-0.1,-0.55,3996.91,7196.2321,0.473,0.59,18.03,3749.855,18.0367,3706.9333,18.085,4850.3525,18.168,6954.566,18.4675,6087.4112,18.457,5559.042,18.56,5570.182,18.6595,4961.7345
1617,20121109,002557.SZ,18.04,18.15,18.02,18.08,18.05,0.03,0.17,3502.8,6329.6764,0.4145,0.5,18.065,3561.945,18.12,5134.8333,18.215,7693.98,18.342,6784.436,18.53,5908.8437,18.532,5681.283,18.626,5428.1573,18.6875,4854.633
1618,20121108,002557.SZ,18.2,18.27,18.03,18.05,18.23,-0.18,-0.99,3621.09,6564.5666,0.4285,0.48,18.14,5950.85,18.26,9091.04,18.4075,7604.845,18.548,6938.402,18.5638,6011.3387,18.653,7137.686,18.6713,5332.502,18.722,4802.252
1619,20121107,002557.SZ,18.44,18.59,18.18,18.23,18.5,-0.27,-1.46,8280.61,15180.0273,0.98,1.3,18.365,11826.015,18.5267,8932.7633,18.6725,7767.73,18.726,7515.698,18.6488,6211.1175,18.705,6890.209,18.7387,5285.706,18.745,4743.1475
1620,20121106,002557.SZ,18.9,18.93,18.0,18.5,18.85,-0.35,-1.86,15371.42,28157.3816,1.8191,3.69,18.675,9258.84,18.82,7596.77,18.85,7324.47,18.776,6373.25,18.7813,7434.395,18.742,6283.7,18.79,4902.608,18.77,4484.01
1621,20121105,002557.SZ,19.1,19.19,18.73,18.85,19.11,-0.26,-1.36,3146.26,5930.2537,0.3723,0.69,18.98,3709.445,18.9667,4642.1533,18.845,4123.7075,18.746,4163.518,18.79,5656.2575,18.756,4877.99,18.8233,4297.4573,18.7815,3983.658
1622,20121102,002557.SZ,19.0,19.15,18.75,19.11,18.94,0.17,0.9,4272.63,8115.7603,0.5056,0.58,19.025,5390.1,18.8433,4449.5233,18.72,4417.8325,18.722,4578.13,18.7588,5539.915,18.768,4750.018,18.8027,4211.3653,18.749,3902.4805
1623,20121101,002557.SZ,18.5,18.94,18.35,18.94,18.48,0.46,2.49,6507.57,12220.3242,0.7701,1.04,18.71,4537.97,18.59,4466.2333,18.625,4654.505,18.758,7336.97,18.7,5170.1262,18.733,4529.552,18.78,4090.202,18.703,4034.9735
1624,20121031,002557.SZ,18.4,18.54,18.28,18.48,18.35,0.13,0.71,2568.37,4731.9402,0.3039,0.41,18.415,3445.565,18.52,4036.8167,18.7125,7544.32,18.684,6264.72,18.7038,4589.9975,18.745,4170.71,18.7513,3818.964,18.6635,3928.6585
1625,20121030,002557.SZ,18.6,18.88,18.2,18.35,18.73,-0.38,-2.03,4322.76,8000.3176,0.5116,0.77,18.54,4771.04,18.79,9202.97,18.735,7188.8075,18.708,6194.15,18.7388,4527.4475,18.797,4167.287,18.768,3854.2633,18.641,4121.8975
1626,20121029,002557.SZ,19.4,19.4,18.62,18.73,19.29,-0.56,-2.9,5219.32,9891.7458,0.6177,1.06,19.01,11643.075,18.8633,8144.1567,18.7975,6661.9975,18.766,5592.462,18.8275,4351.9962,18.862,4364.427,18.7933,3923.7047,18.6315,4135.7365
1627,20121026,002557.SZ,19.0,20.2,18.7,19.29,18.57,0.72,3.88,18066.83,34797.5988,2.1381,10.49,18.93,9606.575,18.82,7142.89,18.775,5685.7475,18.814,4921.906,18.8613,4016.3487,18.843,4027.983,18.758,3677.264,18.6145,4141.922
1628,20121025,002557.SZ,18.65,18.74,18.51,18.57,18.6,-0.03,-0.16,1146.32,2135.4418,0.1357,0.55,18.585,1680.92,18.6033,1558.72,18.695,1635.675,18.708,1722.134,18.825,2544.765,18.791,2466.818,18.6847,2934.308,18.565,3427.1975
1629,20121024,002557.SZ,18.55,18.8,18.27,18.6,18.64,-0.04,-0.21,2215.52,4108.2808,0.2622,1.04,18.62,1764.92,18.7367,1798.7933,18.7425,1866.0875,18.806,2076.7,18.8213,2633.335,18.785,2596.086,18.6567,3149.9713,18.5375,3496.252
1630,20121023,002557.SZ,18.86,19.07,18.62,18.64,18.97,-0.33,-1.74,1314.32,2473.5725,0.1555,0.42,18.805,1590.43,18.79,1749.61,18.8575,2041.995,18.886,2140.424,18.8425,2663.2925,18.798,2684.32,18.6187,3431.1467,18.5475,3495.244
1631,20121022,002557.SZ,18.76,19.04,18.73,18.97,18.76,0.21,1.12,1866.54,3538.3651,0.2209,0.6,18.865,1967.255,18.93,2284.5533,18.9475,2346.95,18.958,3136.392,18.8263,2803.8775,18.807,3089.326,18.5867,3650.1613,18.549,3605.5275
1632,20121019,002557.SZ,19.1,19.12,18.69,18.76,19.06,-0.3,-1.57,2067.97,3900.8826,0.2447,0.64,18.91,2493.56,18.94,2507.0867,18.955,3453.855,18.872,3134.06,18.7963,2957.7925,18.73,3054.943,18.548,3881.9273,18.5405,3711.978
1633,20121018,002557.SZ,18.95,19.15,18.88,19.06,19.0,0.06,0.32,2919.15,5555.518,0.3455,0.94,19.03,2726.645,19.02,3915.8167,18.9,3400.5825,18.874,3211.502,18.7925,3369.8437,18.673,3540.395,18.5173,3995.552,18.573,3714.1065
1634,20121017,002557.SZ,19.19,19.19,18.8,19.0,19.0,0.0,0.0,2534.14,4813.1224,0.2999,0.78,19.0,4414.15,18.8467,3561.06,18.8275,3284.59,18.764,3115.472,18.685,3195.2887,18.582,3686.607,18.448,3969.436,18.5935,3639.9755
1635,20121016,002557.SZ,18.55,19.19,18.55,19.0,18.54,0.46,2.48,6294.16,11988.882,0.7449,2.07,18.77,4074.52,18.77,3534.74,18.705,3260.805,18.71,3228.216,18.5838,3743.8325,18.485,4076.508,18.4347,3946.8507,18.6325,3670.6135
1636,20121015,002557.SZ,18.82,18.83,18.4,18.54,18.77,-0.23,-1.23,1854.88,3444.7694,0.2195,0.62,18.655,2155.03,18.6067,2249.6867,18.6375,2461.73,18.656,3042.26,18.4775,3504.7212,18.401,3907.046,18.4127,3761.906,18.6665,3496.2215
1637,20121012,002557.SZ,18.55,18.82,18.43,18.77,18.51,0.26,1.4,2455.18,4569.5134,0.2906,0.63,18.64,2447.09,18.67,2664.0133,18.685,3339.105,18.588,2975.826,18.4138,4077.005,18.386,4255.861,18.43,3904.6173,18.7205,3719.0545
1638,20121011,002557.SZ,18.73,18.73,18.48,18.51,18.73,-0.22,-1.17,2439.0,4519.1348,0.2886,0.57,18.62,2768.43,18.6567,3633.7467,18.5425,3105.9875,18.472,3869.288,18.3375,4345.05,18.339,4387.577,18.4727,3881.6413,18.764,4133.9915
1639,20121010,002557.SZ,18.68,18.83,18.52,18.73,18.73,0.0,0.0,3097.86,5801.2772,0.3666,0.63,18.73,4231.12,18.5533,3328.3167,18.4625,4226.86,18.4,4257.742,18.3225,4708.0537,18.29,4396.418,18.5367,3814.81,18.7925,4198.982
1640,20121009,002557.SZ,18.25,18.8,18.2,18.73,18.2,0.53,2.91,5364.38,9959.8745,0.6348,1.12,18.465,3443.545,18.3733,4603.1933,18.3175,4547.7125,18.26,4924.8,18.2688,4792.3637,18.297,4306.168,18.6067,3818.0793,18.818,4411.982
1641,20121008,002557.SZ,18.19,18.33,18.12,18.2,18.19,0.01,0.06,1522.71,2767.2977,0.1802,0.28,18.195,4222.6,18.18,4275.49,18.1425,4814.905,18.146,4771.832,18.18,4437.7425,18.291,4121.729,18.67,3647.542,18.8115,4444.034
1642,20120928,002557.SZ,18.15,18.24,17.9,18.19,18.15,0.04,0.22,6922.49,12526.0672,0.8192,1.41,18.17,5651.88,18.1233,5912.3033,18.1325,5584.1125,18.184,5535.896,18.255,4521.8237,18.351,4369.013,18.7647,3966.7973,18.8255,4614.1415
1643,20120927,002557.SZ,17.83,18.34,17.83,18.15,18.03,0.12,0.67,4381.27,7932.9493,0.5185,0.97,18.09,5407.21,18.1133,5137.9867,18.1825,5189.2475,18.206,4905.866,18.315,4096.5112,18.473,3887.818,18.8613,4222.226,18.832,4486.199
1644,20120926,002557.SZ,18.34,18.37,17.75,18.03,18.16,-0.13,-0.72,6433.15,11589.4946,0.7613,1.74,18.095,5516.345,18.1933,5458.5733,18.22,5037.015,18.18,4535.094,18.3963,4048.2962,18.605,3593.344,18.9233,4179.3953,18.8245,4616.388
1645,20120925,002557.SZ,18.38,18.38,18.07,18.16,18.39,-0.23,-1.25,4599.54,8386.3064,0.5443,1.32,18.275,4971.285,18.2833,4571.6367,18.2175,4060.58,18.334,3687.536,18.5688,3507.97,18.78,3264.719,19.004,4241.0427,18.8275,4480.595
1646,20120924,002557.SZ,18.04,18.48,18.0,18.39,18.3,0.09,0.49,5343.03,9770.2903,0.6323,1.67,18.345,4557.685,18.2367,3880.9267,18.3775,3459.535,18.436,3471.626,18.7325,3112.5937,18.932,3085.397,19.0333,4334.768,18.837,4451.496
1647,20120921,002557.SZ,18.0,18.62,18.0,18.3,18.02,0.28,1.55,3772.34,6961.753,0.4464,1.31,18.16,3149.875,18.3733,2831.7033,18.4475,3003.775,18.518,3202.13,18.9063,2838.0775,19.055,3182.248,19.0393,4306.89,18.8395,4334.879
1648,20120920,002557.SZ,18.7,18.79,18.0,18.02,18.8,-0.78,-4.15,2527.41,4631.2942,0.2991,0.95,18.41,2361.385,18.4967,2747.5867,18.5725,3059.5775,18.74,2869.77,19.0788,2717.325,19.189,3880.406,19.0407,4346.31,18.8605,4318.348
1649,20120919,002557.SZ,18.59,18.88,18.56,18.8,18.67,0.13,0.7,2195.36,4100.7445,0.2598,0.77,18.735,2857.675,18.7567,3236.9667,18.92,2955.36,19.03,2651.594,19.2788,3190.3412,19.295,4001.546,19.0393,4643.486,18.897,4417.49
1650,20120918,002557.SZ,18.76,18.88,18.47,18.67,18.8,-0.13,-0.69,3519.99,6592.23,0.4166,1.3,18.735,3757.77,18.96,3208.6933,19.0875,2765.6525,19.226,2841.902,19.3838,4260.1612,19.339,4517.796,18.992,4744.948,18.895,4506.213
1651,20120917,002557.SZ,19.42,19.56,18.8,18.8,19.41,-0.61,-3.14,3995.55,7712.2296,0.4728,1.26,19.105,3053.045,19.2267,2514.2067,19.365,2672.38,19.428,2699.168,19.435,4287.5137,19.332,4766.339,18.9707,4778.1193,18.9075,4704.2035
1652,20120914,002557.SZ,19.68,19.69,19.3,19.41,19.47,-0.06,-0.31,2110.54,4097.5264,0.2498,0.43,19.44,1773.535,19.5533,2231.3233,19.585,2375.0725,19.592,3162.366,19.49,4707.8025,19.3,4859.27,18.9467,4712.462,18.9085,4685.9375
1653,20120913,002557.SZ,19.84,19.9,19.47,19.47,19.78,-0.31,-1.57,1436.53,2826.6329,0.17,0.27,19.625,2291.715,19.6433,2463.25,19.6375,3425.3225,19.638,4891.042,19.3888,5194.6625,19.191,5084.58,18.9007,4801.2073,18.887,4745.872
1654,20120912,002557.SZ,19.72,20.1,19.52,19.78,19.68,0.1,0.51,3146.9,6251.4872,0.3724,0.51,19.73,2976.61,19.6933,4088.2533,19.68,5754.67,19.56,5351.498,19.265,5630.7037,19.044,5639.432,18.8527,5006.122,18.8635,4852.861
1655,20120911,002557.SZ,19.55,19.7,19.2,19.68,19.62,0.06,0.31,2806.32,5466.0745,0.3321,0.41,19.65,4558.93,19.6467,6623.9267,19.505,5902.6475,19.452,6193.69,19.0825,5782.7962,18.875,5696.471,18.7847,5060.9833,18.8225,4852.6565
1656,20120910,002557.SZ,19.57,19.69,19.45,19.62,19.64,-0.02,-0.1,6311.54,12377.0923,0.7469,0.96,19.63,8532.73,19.4467,6934.7567,19.395,7040.5325,19.236,6833.51,18.8725,6305.1375,18.742,5817.595,18.734,5372.5487,18.784,4903.699
1657,20120907,002557.SZ,19.26,19.8,19.18,19.64,19.08,0.56,2.94,10753.92,20986.1095,1.2727,2.04,19.36,7246.365,19.32,7283.53,19.14,6964.0025,19.008,6556.174,18.6813,5980.8562,18.624,5487.51,18.6807,5193.7947,18.7565,4716.345
1658,20120906,002557.SZ,19.1,19.28,18.89,19.08,19.24,-0.16,-0.83,3738.81,7126.9253,0.4425,0.63,19.16,5548.335,18.9733,5700.6967,18.85,5506.7375,18.744,5278.118,18.52,5138.8112,18.532,4756.29,18.6367,4697.482,18.7495,4459.069
1659,20120905,002557.SZ,18.48,19.38,18.48,19.24,18.6,0.64,3.44,7357.86,13975.3727,0.8708,1.42,18.92,6681.64,18.7733,6096.0467,18.66,5662.945,18.528,5927.366,18.44,5047.7962,18.499,4833.434,18.6313,4686.6487,18.7655,4694.1975
1660,20120904,002557.SZ,18.48,18.85,18.42,18.6,18.48,0.12,0.65,6005.42,11195.3233,0.7107,1.25,18.54,5465.14,18.4667,5097.9733,18.35,5569.7425,18.298,5199.252,18.375,4558.2787,18.451,4494.63,18.6127,4405.6453,18.7545,4550.294
1661,20120903,002557.SZ,17.99,18.64,17.99,18.48,18.32,0.16,0.87,4924.86,9080.3014,0.5828,1.11,18.4,4644.25,18.2667,5424.5167,18.2225,4997.71,18.248,4801.68,18.3938,4371.3825,18.483,4642.068,18.6333,4260.4287,18.7845,4467.56
1662,20120831,002557.SZ,18.01,18.67,17.79,18.32,18.0,0.32,1.78,4363.64,7965.7335,0.5164,1.03,18.16,5674.345,18.1367,5021.9933,18.19,4770.885,18.24,4418.846,18.4288,4252.0025,18.517,4512.605,18.6727,4103.0687,18.821,4645.852
1663,20120830,002557.SZ,18.09,18.17,17.4,18.0,18.09,-0.09,-0.5,6985.05,12425.4591,0.8266,1.87,18.045,5351.17,18.1467,4906.6333,18.22,4432.6475,18.32,4234.462,18.5038,4641.5225,18.583,4407.164,18.7513,4186.0527,18.845,5024.66
1664,20120829,002557.SZ,18.35,18.41,18.09,18.09,18.35,-0.26,-1.42,3717.29,6806.8677,0.4399,0.98,18.22,3867.425,18.2933,3581.8467,18.4,3546.815,18.47,3739.502,18.6063,4222.17,18.683,4066.29,18.8447,4283.1413,18.859,5167.9835
1665,20120828,002557.SZ,18.41,18.52,18.28,18.35,18.44,-0.09,-0.49,4017.56,7376.9815,0.4755,0.9,18.395,3514.125,18.5033,3489.99,18.565,3745.055,18.604,3790.008,18.7175,4171.1625,18.77,4008.842,18.9067,4333.9747,18.908,5296.4275
1666,20120827,002557.SZ,18.72,18.75,18.38,18.44,18.72,-0.28,-1.5,3010.69,5574.9918,0.3563,0.65,18.58,3226.205,18.6367,3654.22,18.6675,3733.12,18.718,4482.456,18.7988,4116.0062,18.826,3989.803,18.9633,4356.1867,18.9345,5412.7085
1667,20120824,002557.SZ,18.69,18.88,18.65,18.72,18.75,-0.03,-0.16,3441.72,6452.0268,0.4073,0.75,18.735,3975.985,18.7433,3973.93,18.7875,4850.3975,18.794,4606.364,18.8638,4132.5212,18.889,3945.18,19.0147,4721.5207,18.9775,5618.6075
1668,20120823,002557.SZ,18.57,18.8,18.57,18.75,18.76,-0.01,-0.05,4510.25,8438.7277,0.5338,1.03,18.755,4240.035,18.81,5319.9567,18.8125,4897.525,18.846,4579.866,18.8875,4180.7025,18.967,4161.848,19.02,5288.0593,19.0215,5915.5145
1669,20120822,002557.SZ,18.95,18.99,18.7,18.76,18.92,-0.16,-0.85,3969.82,7467.7458,0.4698,0.94,18.84,5724.81,18.8333,5026.6167,18.87,4597.27,18.896,4393.078,18.9275,3937.4787,19.032,4554.961,18.9887,5644.144,19.074,6424.4145
1670,20120821,002557.SZ,18.9,19.15,18.8,18.92,18.82,0.1,0.53,7479.8,14179.8175,0.8852,2.14,18.87,5555.015,18.9067,4806.42,18.93,4498.8925,18.936,4227.676,19.02,4142.3012,19.058,4605.958,19.0093,5798.5673,19.126,6490.983
1671,20120820,002557.SZ,18.91,18.97,18.6,18.82,18.98,-0.16,-0.84,3630.23,6817.3093,0.4296,1.11,18.9,3469.73,18.9333,3505.2567,18.94,3414.645,18.934,3497.15,19.08,4262.4987,19.086,4293.052,19.0067,5722.7927,19.185,6454.737
1672,20120817,002557.SZ,18.81,19.25,18.72,18.98,19.0,-0.02,-0.11,3309.23,6307.0072,0.3916,0.88,18.99,3442.77,18.98,3342.7833,18.9625,3463.88,18.984,3283.996,19.105,4368.6937,19.125,4779.099,19.0387,5956.022,19.2465,6546.952
1673,20120816,002557.SZ,18.88,19.0,18.5,19.0,18.96,0.04,0.21,3576.31,6675.9683,0.4232,0.76,18.98,3359.56,18.9567,3515.43,18.985,3277.6875,19.088,3743.83,19.1325,4498.8825,19.107,5642.156,19.08,6360.7307,19.312,7025.762
1674,20120815,002557.SZ,18.87,19.04,18.4,18.96,18.91,0.05,0.26,3142.81,5952.6426,0.3719,0.63,18.935,3484.99,18.98,3178.1467,19.11,3785.71,19.168,4716.844,19.1588,5113.1812,19.035,6269.677,19.1333,7101.5267,19.3905,7421.229
1675,20120814,002557.SZ,19.1,19.29,18.59,18.91,19.07,-0.16,-0.84,3827.17,7195.0837,0.4529,0.75,18.99,3195.815,19.16,4000.01,19.22,5110.3525,19.18,4984.24,19.1388,6212.805,19.046,6584.013,19.1893,7245.4187,19.4975,7601.73
1676,20120813,002557.SZ,19.5,19.5,19.07,19.07,19.5,-0.43,-2.21,2564.46,4958.784,0.3035,0.41,19.285,4086.43,19.3233,5538.08,19.2475,5273.5075,19.238,5088.954,19.06,6965.8487,19.043,6835.614,19.2687,7440.5993,19.5845,7943.2045
1677,20120810,002557.SZ,19.4,19.7,19.4,19.5,19.4,0.1,0.52,5608.4,10960.9165,0.6637,0.74,19.45,7024.89,19.3067,6176.5233,19.28,5720.0775,19.266,6274.202,19.06,7431.0625,19.066,7292.035,19.334,7634.604,19.6805,8370.4875
1678,20120809,002557.SZ,19.0,19.4,18.85,19.4,19.02,0.38,2.0,8441.38,16235.8005,0.999,1.08,19.21,6460.585,19.2067,5757.3033,19.2075,6440.6525,19.126,7540.482,18.9825,7522.91,19.076,7669.181,19.3867,8119.7393,19.7865,8527.4215
1679,20120808,002557.SZ,19.37,19.38,18.8,19.02,19.2,-0.18,-0.94,4479.79,8536.0198,0.5302,0.55,19.11,4415.265,19.1433,5773.7433,19.0575,7315.2575,18.902,7822.51,18.97,7358.8212,19.116,8293.868,19.4647,8322.6907,19.884,8686.134
1680,20120807,002557.SZ,19.21,19.47,19.13,19.2,19.21,-0.01,-0.05,4350.74,8393.9599,0.5149,0.51,19.205,6420.72,19.07,8260.4133,18.8725,8658.19,18.912,8183.786,19.0425,7971.33,19.194,8376.008,19.6033,8474.2267,19.983,8753.4865
1681,20120806,002557.SZ,18.58,19.26,18.52,19.21,18.8,0.41,2.18,8490.7,16127.9915,1.0048,1.02,19.005,10215.25,18.7633,10094.0067,18.84,9142.0475,18.848,8582.274,19.1175,9263.5187,19.284,8616.422,19.7,8894.6213,20.0455,8917.158
1682,20120803,002557.SZ,18.26,18.8,18.26,18.8,18.28,0.52,2.84,11939.8,21996.7069,1.413,1.53,18.54,10895.66,18.7167,9359.1633,18.7575,8605.1675,18.866,8309.868,19.1913,8864.83,19.368,8314.805,19.8187,9069.2493,20.133,8966.233
1683,20120802,002557.SZ,19.09,19.21,18.26,18.28,19.07,-0.79,-4.14,9851.52,18379.6133,1.1659,1.12,18.675,8068.845,18.7433,7493.6233,18.8825,7402.385,19.026,7797.88,19.3538,8216.715,19.517,8409.368,20.0067,8856.4013,20.2625,8909.8175
1684,20120801,002557.SZ,18.9,19.29,18.8,19.07,18.88,0.19,1.01,6286.17,12003.4548,0.7439,0.73,18.975,6314.675,19.0833,6586.0067,19.2125,7284.47,19.33,8765.226,19.575,7669.5912,19.746,8572.781,20.2113,8974.0087,20.403,8806.9505
1685,20120731,002557.SZ,19.27,19.35,18.75,18.88,19.3,-0.42,-2.18,6343.18,12179.6842,0.7507,0.73,19.09,6735.925,19.26,7617.2367,19.395,9384.99,19.476,8568.23,19.7275,8494.4987,19.949,8619.447,20.34,8943.3867,20.5015,9006.282
1686,20120730,002557.SZ,19.61,19.85,19.1,19.3,19.6,-0.3,-1.53,7128.67,13771.386,0.8436,0.86,19.45,8254.265,19.5667,10398.9267,19.625,9124.4925,19.72,8650.57,19.9388,9137.3075,20.126,9050.795,20.4447,9028.786,20.6105,9452.974
1687,20120727,002557.SZ,20.0,20.0,19.38,19.6,19.8,-0.2,-1.01,9379.86,18400.8188,1.11,1.04,19.7,12034.055,19.7333,9789.7667,19.825,9031.045,19.87,8319.742,20.1638,9090.3275,20.295,9448.94,20.5553,9185.0213,20.6845,10184.7875
1688,20120726,002557.SZ,19.97,20.25,19.7,19.8,19.8,0.0,0.0,14688.25,29407.0471,1.7383,1.75,19.8,9994.72,19.9,8914.7733,19.9375,8054.7125,20.008,9020.856,20.295,9249.9275,20.497,9385.662,20.6747,9280.4633,20.7095,10244.982
1689,20120725,002557.SZ,20.03,20.2,19.67,19.8,20.1,-0.3,-1.49,5301.19,10540.364,0.6274,0.61,19.95,6028.035,19.9833,5843.5333,20.06,7604.0075,20.162,8380.336,20.4438,8802.6612,20.652,9078.4,20.7607,8820.8587,20.7,9868.104
1690,20120724,002557.SZ,20.04,20.37,19.91,20.1,20.05,0.05,0.25,6754.88,13618.3253,0.7994,0.71,20.075,6114.705,20.1467,8371.6133,20.2525,9150.1225,20.422,8670.664,20.6713,9233.3975,20.772,9130.965,20.8433,9152.2993,20.6935,10016.5845
1691,20120723,002557.SZ,20.0,20.33,19.8,20.05,20.29,-0.24,-1.18,5474.53,10958.9935,0.6479,0.52,20.17,9179.98,20.3033,9948.5367,20.5025,9149.61,20.532,9451.02,20.8275,9840.9912,20.807,9217.894,20.9073,9720.442,20.6585,9905.5045
1692,20120720,002557.SZ,20.58,20.77,20.23,20.29,20.57,-0.28,-1.36,12885.43,26390.0209,1.5249,1.32,20.43,12185.54,20.6533,10374.6367,20.6525,10445.1425,20.72,10578.138,20.9463,9885.03,20.898,9617.661,20.956,10806.4693,20.6235,9877.276
1693,20120719,002557.SZ,21.1,21.75,20.53,20.57,21.1,-0.53,-2.51,11485.65,24080.9924,1.3592,1.17,20.835,9119.24,20.7733,9631.7133,20.8275,10001.315,20.986,9750.468,20.9663,9227.3725,21.008,9410.267,20.9433,10653.024,20.584,9444.081
1694,20120718,002557.SZ,20.63,21.1,20.35,21.1,20.65,0.45,2.18,6752.83,13961.8259,0.7992,0.7,20.875,8704.745,20.9133,9506.5367,21.09,9316.6725,21.142,9776.464,21.015,8975.6912,21.06,9041.12,20.8793,10364.0267,20.5315,9174.864
1695,20120717,002557.SZ,20.71,21.0,20.3,20.65,20.99,-0.34,-1.62,10656.66,21925.6609,1.2611,1.19,20.82,10883.39,21.0867,10171.2867,21.1525,10532.3725,21.122,9591.266,21.0513,9483.0237,21.054,9393.117,20.784,10465.2247,20.476,9358.4555
1696,20120716,002557.SZ,21.79,21.88,20.8,20.99,21.62,-0.63,-2.91,11110.12,23947.5666,1.3148,1.28,21.305,9928.6,21.32,10490.9433,21.24,9324.9175,21.082,8984.768,21.1063,9125.2137,21.095,9855.153,20.7007,10056.9993,20.4465,9775.5205
1697,20120713,002557.SZ,21.41,21.88,21.02,21.62,21.35,0.27,1.26,8747.08,18803.3743,1.0352,0.96,21.485,10181.355,21.3233,8729.85,21.105,8453.43,21.076,8657.184,21.1125,9020.5487,21.074,10920.635,20.5913,9643.6553,20.372,9593.484
1698,20120712,002557.SZ,20.94,21.6,20.83,21.35,21.0,0.35,1.67,11615.63,24902.4019,1.3746,1.4,21.175,8721.235,20.9333,8355.5467,20.94,8634.71,21.03,9070.066,21.0425,9836.7912,20.922,11104.302,20.45,9341.952,20.2655,9667.7115
1699,20120711,002557.SZ,20.3,21.12,20.16,21.0,20.45,0.55,2.69,5826.84,12059.0654,0.6896,0.63,20.725,6725.505,20.8033,7641.07,20.95,8433.675,20.978,8305.776,20.9713,11105.455,20.748,10657.808,20.328,8974.3307,20.161,9449.108
1700,20120710,002557.SZ,20.75,20.84,20.3,20.45,20.96,-0.51,-2.43,7624.17,15677.8845,0.9023,0.71,20.705,8548.185,20.9333,9302.62,20.9725,8925.51,20.986,9194.968,20.8588,11700.0687,20.615,10902.204,20.2607,9280.852,20.0505,9241.8715
1701,20120709,002557.SZ,21.38,21.59,20.87,20.96,21.39,-0.43,-2.01,9472.2,20098.9257,1.121,0.72,21.175,10141.845,21.1467,9359.29,21.12,9587.6675,21.108,10725.538,20.7538,11640.8837,20.51,10593.115,20.2347,10039.1047,19.976,9021.285
1702,20120706,002557.SZ,21.1,21.47,20.87,21.39,21.09,0.3,1.42,10811.49,22894.8553,1.2795,0.82,21.24,9302.835,21.1733,9626.1567,21.145,11038.8725,21.072,13184.086,20.5925,11490.7087,20.349,10136.891,20.1373,9905.584,19.8755,8752.293
1703,20120705,002557.SZ,20.98,21.21,20.73,21.09,21.04,0.05,0.24,7794.18,16369.0786,0.9224,0.6,21.065,9033.49,21.0633,11114.6667,20.9925,13777.235,20.814,13138.538,20.3438,10705.9325,20.16,9477.895,20.0107,9866.9267,19.767,8506.3655
1704,20120704,002557.SZ,21.19,21.22,20.7,21.04,21.06,-0.02,-0.1,10272.8,21521.8207,1.2157,0.81,21.05,12774.91,20.96,15771.5867,20.745,14474.6275,20.518,13009.84,20.1263,10345.405,20.003,9308.608,19.8887,9830.2187,19.6815,8352.354
1705,20120703,002557.SZ,20.61,21.47,20.5,21.06,20.78,0.28,1.35,15277.02,32281.4481,1.8079,1.46,20.92,18520.98,20.6467,15875.2367,20.3875,13694.1,20.244,12609.44,19.9338,9588.9962,19.898,9323.794,19.7387,9257.506,19.609,8039.821
1706,20120702,002557.SZ,20.15,21.25,20.06,20.78,20.1,0.68,3.38,21764.94,45121.8103,2.5757,3.07,20.44,16174.345,20.1633,13166.46,20.04,11942.545,19.912,10460.692,19.7413,8442.0325,19.798,9695.888,19.5987,8453.2007,19.5225,7526.208
1707,20120629,002557.SZ,19.6,20.2,19.2,20.1,19.61,0.49,2.5,10583.75,20838.5613,1.2525,1.82,19.855,8867.22,19.7933,8668.4133,19.695,7634.63,19.626,7089.696,19.6425,7024.4975,19.67,8266.333,19.4767,7275.0287,19.463,6981.127
1708,20120628,002557.SZ,19.67,19.85,19.4,19.61,19.67,-0.06,-0.31,7150.69,14016.0899,0.8462,1.28,19.64,7710.745,19.56,6651.59,19.5075,6216.1825,19.506,5817.252,19.6375,8076.2737,19.609,8231.121,19.418,6962.308,19.4005,6769.2115
1709,20120627,002557.SZ,19.19,19.93,19.19,19.67,19.4,0.27,1.39,8270.8,16196.3752,0.9788,1.37,19.535,6402.04,19.4733,5904.68,19.48,5483.8925,19.488,5607.376,19.6238,8116.1112,19.574,8240.408,19.4027,6799.8587,19.3615,6634.0385
1710,20120626,002557.SZ,19.3,19.58,18.82,19.4,19.35,0.05,0.26,4533.28,8721.2647,0.5365,0.51,19.375,4721.62,19.4167,4554.9233,19.4425,4941.52,19.552,6038.148,19.6013,8361.215,19.486,7581.539,19.3973,6516.6147,19.336,6438.659
1711,20120625,002557.SZ,19.51,19.68,19.35,19.35,19.5,-0.15,-0.77,4909.96,9584.2012,0.5811,0.52,19.425,4565.745,19.4567,5077.6,19.59,6414.365,19.684,8931.084,19.5838,8700.0,19.442,7449.455,19.3927,6548.0467,19.3115,6535.171
1712,20120621,002557.SZ,19.52,19.58,19.36,19.5,19.52,-0.02,-0.1,4221.53,8203.5162,0.4996,0.4,19.51,5161.42,19.67,6915.8333,19.7675,9936.365,19.714,9442.97,19.5138,8296.5187,19.402,7367.695,19.4087,6944.9373,19.293,6788.943
1713,20120620,002557.SZ,20.0,20.2,19.52,19.52,19.99,-0.47,-2.35,6101.31,12092.4512,0.722,0.56,19.755,8262.985,19.8567,11841.31,19.7675,10748.33,19.712,10644.99,19.4463,8170.3825,19.374,7534.836,19.3653,7086.5313,19.271,6912.3395
1714,20120619,002557.SZ,19.83,20.22,19.79,19.99,20.06,-0.07,-0.35,10424.66,20840.4289,1.2337,1.14,20.025,14711.31,19.85,12297.3367,19.76,11780.91,19.66,10873.44,19.375,7919.2637,19.36,7396.1,19.3193,6976.2593,19.284,6757.846
1715,20120618,002557.SZ,19.66,20.11,19.38,20.06,19.5,0.56,2.87,18997.96,37553.2363,2.2483,3.18,19.78,13233.675,19.6833,12232.9933,19.5775,10985.635,19.42,9124.93,19.2788,7352.7987,19.32,6755.848,19.264,6572.1627,19.2855,6411.434
1716,20120615,002557.SZ,19.63,19.63,19.3,19.5,19.49,0.01,0.05,7469.39,14532.3816,0.884,1.41,19.495,8850.51,19.4167,8314.86,19.26,6656.6725,19.2,5967.826,19.1938,5567.2975,19.247,5356.528,19.1873,5736.5333,19.2725,5543.82
1717,20120614,002557.SZ,19.11,19.62,19.09,19.49,19.26,0.23,1.19,10231.63,19952.8238,1.2108,2.31,19.375,8737.595,19.18,6385.7667,19.125,5592.435,19.09,5292.42,19.205,5136.3912,19.256,5695.921,19.1527,5904.2673,19.2925,5321.201
1718,20120613,002557.SZ,18.8,19.27,18.72,19.26,18.79,0.47,2.5,7243.56,13771.8508,0.8572,1.85,19.025,4462.835,19.0033,4046.0367,18.99,4057.6175,19.036,4424.682,19.185,4483.0325,19.192,5307.302,19.124,5668.1227,19.324,4979.392
1719,20120612,002557.SZ,18.8,19.0,18.75,18.79,18.96,-0.17,-0.9,1682.11,3173.0901,0.1991,0.38,18.875,2447.275,18.9,2995.6367,18.98,3719.9625,19.06,3918.76,19.2263,4935.5025,19.149,5027.669,19.1587,5385.9813,19.3605,4783.0335
1720,20120611,002557.SZ,18.9,19.14,18.72,18.96,18.95,0.01,0.05,3212.44,6055.6854,0.3802,0.68,18.955,3652.4,19.0433,4399.2467,19.1275,4477.9225,19.22,4386.766,19.2338,5518.4187,19.186,5295.779,19.2407,5506.9353,19.427,4939.6365
1721,20120608,002557.SZ,19.42,19.42,18.8,18.95,19.22,-0.27,-1.4,4092.36,7762.3564,0.4843,0.67,19.085,4992.65,19.1833,4899.75,19.285,4680.3475,19.294,4745.23,19.2175,5672.7675,19.181,5620.887,19.2967,5402.4847,19.4725,5116.458
1722,20120607,002557.SZ,19.42,19.53,18.79,19.22,19.38,-0.16,-0.83,5892.94,11262.2451,0.6974,0.95,19.3,5303.445,19.3967,4876.3433,19.38,4908.4475,19.422,6099.422,19.2438,5706.6237,19.184,6210.191,19.36,5330.7947,19.53,5641.144
1723,20120606,002557.SZ,19.49,19.81,19.25,19.38,19.59,-0.21,-1.07,4713.95,9242.6294,0.5579,0.77,19.485,4368.045,19.4333,4580.2833,19.4725,6151.0425,19.348,6189.922,19.205,5777.9462,19.168,6289.843,19.42,5164.2953,19.592,5675.4415
1724,20120605,002557.SZ,19.31,19.78,19.2,19.59,19.33,0.26,1.35,4022.14,7861.2846,0.476,0.65,19.46,4513.45,19.5033,6630.0733,19.34,6558.915,19.238,6136.578,19.155,6436.8775,19.208,6119.592,19.4607,5071.1247,19.6625,5869.069
1725,20120604,002557.SZ,19.44,19.83,19.3,19.33,19.59,-0.26,-1.33,5004.76,9779.6253,0.5923,0.77,19.46,7934.04,19.2567,7404.5067,19.15,6665.1875,19.152,6204.792,19.0888,6770.2925,19.251,6067.02,19.496,5123.9267,19.751,6535.696
1726,20120601,002557.SZ,18.86,19.61,18.81,19.59,18.85,0.74,3.93,10863.32,21000.7819,1.2856,1.72,19.22,8604.38,19.09,7218.6633,19.1075,6504.8,19.068,6496.544,19.145,6521.1275,19.298,5731.112,19.532,5240.2007,20.187,6771.516
1727,20120531,002557.SZ,18.63,18.95,18.45,18.85,18.83,0.02,0.11,6345.44,11824.377,0.7509,0.99,18.84,5396.335,18.9467,5051.96,18.9375,5404.85,18.946,6320.96,19.1988,5600.265,19.329,4946.481,19.566,5488.3847,20.56,6410.7225
1728,20120530,002557.SZ,19.2,19.2,18.7,18.83,19.16,-0.33,-1.72,4447.23,8393.3223,0.5263,0.73,18.995,4405.22,18.9667,5091.32,18.97,6314.84,18.988,6389.764,19.3175,5012.795,19.456,4651.482,19.6733,5503.948,20.9725,6442.838
1729,20120529,002557.SZ,18.75,19.24,18.75,19.16,18.91,0.25,1.32,4363.21,8287.746,0.5164,0.74,19.035,5413.365,19.0167,6937.3767,19.0275,6875.3975,19.178,6102.606,19.4513,4834.0175,19.572,4538.398,19.804,5779.8993,21.375,6609.7615
1730,20120528,002557.SZ,18.73,18.99,18.7,18.91,18.98,-0.07,-0.37,6463.52,12208.9648,0.7649,1.3,18.945,8224.46,18.9833,7712.7933,19.1825,6537.455,19.35,5929.248,19.5713,4713.0475,19.668,4583.494,19.9507,6645.9973,21.723,6642.3585
1731,20120525,002557.SZ,19.19,19.19,18.38,18.98,19.06,-0.08,-0.42,9985.4,18595.7605,1.1817,2.8,19.02,8337.43,19.2733,6562.1,19.46,5795.68,19.528,4965.68,19.7063,4319.6562,19.764,4612.029,20.56,6863.1733,22.094,6642.412
1732,20120524,002557.SZ,19.78,19.78,19.05,19.06,19.78,-0.72,-3.64,6689.46,12885.7492,0.7917,2.3,19.42,4850.45,19.62,4399.1067,19.665,3710.75,19.712,3572.002,19.8488,3673.2525,19.876,5072.097,21.098,6440.6433,22.478,6623.5945
1733,20120523,002557.SZ,20.0,20.02,19.6,19.78,20.02,-0.24,-1.2,3011.44,5950.5823,0.3564,1.01,19.9,3253.93,19.8667,2717.8467,19.875,2792.6375,19.924,2913.2,19.95,3680.6787,20.016,5061.04,21.634,6460.5293,22.838,6828.224
1734,20120522,002557.SZ,19.93,20.05,19.6,20.02,19.8,0.22,1.11,3496.42,6936.2139,0.4138,1.08,19.91,2571.05,19.9067,2719.7033,19.96,2888.64,19.966,2974.19,19.99,5127.5087,20.117,5618.546,22.1073,6778.8133,23.227,7202.3275
1735,20120521,002557.SZ,19.9,19.9,19.63,19.8,19.9,-0.1,-0.5,1645.68,3249.6521,0.1948,0.39,19.85,2331.345,19.94,2686.0467,19.9525,2843.6325,19.986,3237.74,20.045,5512.8175,20.251,7004.372,22.514,6880.062,23.606,7665.0195
1736,20120518,002557.SZ,19.9,20.13,19.67,19.9,20.12,-0.22,-1.09,3017.01,5967.1566,0.357,0.46,20.01,3206.23,20.0033,3242.95,20.0325,3635.755,20.0,4258.378,20.1688,6380.42,21.076,7811.92,22.9493,7201.3227,24.002,8134.1785
1737,20120517,002557.SZ,19.89,20.18,19.89,20.12,19.99,0.13,0.65,3395.45,6829.5764,0.4018,0.47,20.055,3355.92,20.0767,3842.0033,20.025,4568.72,20.04,6572.192,20.3513,8172.6287,21.791,7874.964,23.4,7640.792,24.42,8461.3975
1738,20120516,002557.SZ,20.13,20.27,19.81,19.99,20.12,-0.13,-0.65,3316.39,6655.7575,0.3925,0.4,20.055,4065.28,19.9933,4959.81,20.02,7366.3775,20.108,7208.88,21.3425,8963.3425,22.489,8234.194,23.8093,8133.232,24.862,8887.099
1739,20120515,002557.SZ,19.67,20.13,19.6,20.12,19.87,0.25,1.26,4814.17,9548.41,0.5697,0.45,19.995,5781.52,20.03,8716.3733,20.1375,8182.0025,20.268,8262.902,22.225,9004.725,23.178,8681.125,24.314,8611.7067,25.313,9739.466
1740,20120514,002557.SZ,20.1,20.2,19.61,19.87,20.1,-0.23,-1.14,6748.87,13352.2778,0.7987,0.59,19.985,10667.475,20.1433,9304.6133,20.305,9125.085,20.516,10771.004,23.0975,9276.4225,23.778,8701.223,24.8127,9140.7793,25.7045,9877.6745
1741,20120511,002557.SZ,20.0,20.46,19.75,20.1,20.46,-0.36,-1.76,14586.08,29440.8367,1.7262,1.59,20.28,10582.485,20.45,9917.1567,20.6775,11776.5375,22.152,11365.462,23.9738,9406.0262,24.424,8672.795,25.336,9426.112,26.103,9829.844
1742,20120509,002557.SZ,20.7,20.7,20.15,20.46,20.79,-0.33,-1.59,6578.89,13395.0545,0.7786,0.71,20.625,7582.695,20.87,10840.0233,22.665,10560.3075,23.542,9177.736,24.7263,8209.66,25.08,8175.092,25.88,9091.1327,26.4615,9340.6445
1743,20120508,002557.SZ,21.36,21.38,20.6,20.79,21.36,-0.57,-2.67,8586.5,17879.086,1.0162,0.94,21.075,12970.59,23.4,11887.4467,24.3125,9827.4475,24.87,9259.508,25.46,8195.3725,25.66,8595.408,26.4467,9446.5053,26.801,9425.827
1744,20120507,002557.SZ,20.6,21.4,20.2,21.36,21.04,0.32,1.52,17354.68,36093.7421,2.0538,2.62,24.705,13537.92,25.4867,10241.0967,25.89,9427.76,26.088,9099.348,26.1938,8323.1912,26.337,8786.109,26.9947,10231.654,27.1405,9370.554
1745,20120504,002557.SZ,27.05,28.05,26.91,28.05,27.05,1.0,3.7,9721.16,26769.6167,1.4956,1.63,27.55,6684.305,27.4,6785.4533,27.27,7035.515,27.04,6631.442,26.8063,7501.6125,26.961,8325.667,27.434,9579.898,27.4095,8839.116
1746,20120503,002557.SZ,27.09,27.25,26.91,27.05,27.1,-0.05,-0.18,3647.45,9874.6885,0.5611,0.51,27.075,5317.6,27.01,6140.3,26.7875,5859.0125,26.696,5980.128,26.745,7598.1562,26.928,8456.437,27.42,9317.9713,27.385,9022.3345
1747,20120502,002557.SZ,27.19,27.2,26.61,27.1,26.88,0.22,0.82,6987.75,18772.9022,1.075,0.88,26.99,7386.725,26.7,6596.2,26.6075,6563.2975,26.618,7172.448,26.8138,8736.0075,27.049,9047.831,27.4347,9394.9473,27.379,9580.2275
1748,20120427,002557.SZ,26.12,26.96,26.1,26.88,26.12,0.76,2.91,7785.7,20624.9603,1.1978,0.92,26.5,6400.425,26.4433,6421.8133,26.4975,7218.6225,26.45,7931.308,26.8913,9241.1462,27.235,9540.004,27.4447,9481.2667,27.351,9497.335
1749,20120426,002557.SZ,26.35,26.72,26.08,26.12,26.33,-0.21,-0.8,5015.15,13185.0755,0.7716,0.5,26.225,5739.87,26.37,7029.5967,26.3425,7967.71,26.586,8472.87,27.0638,9463.1075,27.448,10797.807,27.4913,9460.956,27.3415,9302.7385
1750,20120425,002557.SZ,26.51,26.51,25.99,26.33,26.66,-0.33,-1.24,6464.59,16951.8332,0.9946,0.59,26.495,8036.82,26.4167,8951.8967,26.7025,9337.3,26.882,10019.892,27.4188,10324.8987,27.631,11054.126,27.5327,9575.0073,27.3345,9193.546
1751,20120424,002557.SZ,26.22,26.72,25.78,26.66,26.26,0.4,1.52,9609.05,25170.5697,1.4783,0.88,26.46,10195.55,26.8267,10294.87,27.02,10908.7175,27.16,10932.746,27.7538,12062.2912,27.782,10986.893,27.6147,10036.4033,27.315,9042.126
1752,20120423,002557.SZ,27.1,27.59,26.22,26.26,27.56,-1.3,-4.72,10782.05,28931.0915,1.6588,0.97,26.91,10637.78,27.14,11341.94,27.285,11263.67,27.48,10923.214,27.915,11808.4525,27.843,10506.197,27.6327,10382.8207,27.301,8829.3575
1753,20120420,002557.SZ,27.52,27.72,26.9,27.56,27.6,-0.04,-0.14,10493.51,28626.1593,1.6144,0.8,27.58,11621.885,27.6267,11424.21,27.785,10958.505,28.02,11148.7,28.1125,11184.7287,27.942,10256.246,27.6513,10019.344,27.3135,8493.921
1754,20120419,002557.SZ,28.18,28.26,27.54,27.6,27.72,-0.12,-0.43,12750.26,35447.7116,1.9616,1.05,27.66,11889.56,27.86,11113.5033,28.135,11312.4975,28.31,13122.744,28.0763,10473.3012,27.944,9954.999,27.5933,9579.3613,27.2855,8323.507
1755,20120417,002557.SZ,27.96,28.1,27.35,27.72,28.26,-0.54,-1.91,11028.86,30466.6626,1.6967,1.0,27.99,10295.125,28.3133,10833.2433,28.4875,13215.865,28.38,12088.36,28.0325,9914.8362,27.858,9352.565,27.4853,8918.0973,27.2555,8414.098
1756,20120416,002557.SZ,28.63,28.9,27.71,28.26,28.96,-0.7,-2.42,9561.39,26969.5859,1.471,0.95,28.61,10735.435,28.7433,13944.8667,28.545,12353.235,28.404,11041.04,28.015,9471.3587,27.842,9588.232,27.3667,8411.9193,27.1695,8165.9195
1757,20120413,002557.SZ,29.0,29.11,28.62,28.96,29.01,-0.05,-0.17,11909.48,34347.1839,1.8322,1.27,28.985,16136.605,28.64,13283.85,28.44,11410.9525,28.206,10089.18,27.825,9116.925,27.709,10112.624,27.2413,8131.4053,27.0145,7978.9745
1758,20120412,002557.SZ,28.12,29.25,27.95,29.01,27.95,1.06,3.79,20363.73,58470.0959,3.1329,3.0,28.48,13971.035,28.2667,11244.7767,28.0175,9634.105,27.864,9363.792,27.65,9301.4312,27.467,9454.666,27.078,7608.9947,26.879,7536.602
1759,20120411,002557.SZ,27.5,28.17,27.48,27.95,27.84,0.11,0.4,7578.34,21173.489,1.1659,1.15,27.895,6685.3,27.6867,6057.5633,27.5775,6613.8075,27.578,6787.254,27.39,8606.6287,27.235,7807.67,26.944,6723.7613,26.7385,6815.334
1760,20120410,002557.SZ,27.17,27.85,26.65,27.84,27.27,0.57,2.09,5792.26,15843.2474,0.8911,0.71,27.555,5297.175,27.4533,6292.2967,27.485,6589.4825,27.336,6616.77,27.2138,8325.5737,27.038,7332.966,26.8807,7189.344,26.6165,6637.6205
1761,20120409,002557.SZ,27.23,27.55,26.61,27.27,27.25,0.02,0.07,4802.09,13087.0375,0.7388,0.47,27.26,6542.315,27.3667,6855.2233,27.21,6822.8975,27.28,8135.424,27.07,8088.2625,26.848,7097.359,26.758,7207.546,26.4875,6473.101
1762,20120406,002557.SZ,27.1,27.69,26.83,27.25,27.58,-0.33,-1.2,8282.54,22627.2672,1.2742,0.87,27.415,7881.79,27.19,7496.5,27.2825,8968.7575,27.212,10136.068,26.9088,7841.9137,26.759,7152.518,26.6173,7275.5727,26.3645,6323.2275
1763,20120405,002557.SZ,26.67,27.66,26.1,27.58,26.74,0.84,3.14,7481.04,19979.8024,1.1509,0.85,27.16,7103.48,27.2933,9197.4967,27.2025,10599.45,27.07,9545.54,26.745,7236.12,26.685,6731.596,26.5507,6927.5387,26.2475,6000.1155
1764,20120330,002557.SZ,27.54,27.7,26.58,26.74,27.56,-0.82,-2.98,6725.92,18166.2547,1.0348,0.84,27.15,10055.725,27.0767,11638.92,26.9425,10061.665,26.892,8828.086,26.595,6970.2,26.627,6692.015,26.4587,6824.694,26.1275,5766.109
1765,20120329,002557.SZ,26.7,27.68,26.0,27.56,26.93,0.63,2.34,13385.53,36535.7126,2.0593,2.21,27.245,14095.42,27.01,11173.58,26.93,9353.6275,26.74,8049.162,26.5663,6638.625,26.653,7475.631,26.3767,6644.5707,26.0405,5542.6445
1766,20120328,002557.SZ,26.6,27.09,25.17,26.93,26.54,0.39,1.47,14805.31,39097.7054,2.2777,3.55,26.735,10067.605,26.72,8009.66,26.535,6715.07,26.416,6059.294,26.4963,5851.0875,26.497,6743.607,26.2233,5918.9933,25.904,4986.447
1767,20120327,002557.SZ,26.81,27.3,26.54,26.54,26.69,-0.15,-0.56,5329.9,14386.5225,0.828,1.36,26.615,4611.835,26.4033,4018.3233,26.2875,3872.79,26.306,4168.968,26.505,5820.6837,26.32,5845.325,26.082,5052.2807,25.7985,4385.3195
1768,20120326,002557.SZ,26.0,26.71,25.61,26.69,25.98,0.71,2.73,3893.77,10318.9538,0.6049,0.85,26.335,3362.535,26.2033,3387.0867,26.2475,3878.735,26.3,3917.652,26.4375,5912.6075,26.291,5618.538,25.9733,4818.3073,25.7365,4280.5615
1769,20120323,002557.SZ,26.17,26.17,25.76,25.98,25.94,0.04,0.15,2831.3,7372.4847,0.4398,0.41,25.96,3133.745,26.1,3873.7233,26.2025,3923.6225,26.362,4555.944,26.2463,6153.6975,26.242,5822.998,25.8727,4745.45,25.662,4371.7185
1770,20120322,002557.SZ,26.1,26.37,25.8,25.94,26.38,-0.44,-1.67,3436.19,8921.4775,0.5338,0.46,26.16,4394.935,26.2767,4287.73,26.4575,4987.105,26.566,6902.1,26.28,6182.5387,26.195,5942.275,25.8073,4707.1387,25.6305,4502.4515
1771,20120321,002557.SZ,26.5,27.25,25.61,26.38,26.51,-0.13,-0.49,5353.68,14175.0031,0.8317,0.71,26.445,4713.5,26.63,5504.0767,26.7225,7768.5775,26.578,7427.92,26.3125,6495.3112,26.127,5848.843,25.7333,4628.8313,25.5985,4959.958
1772,20120320,002557.SZ,26.8,26.85,26.33,26.51,27.0,-0.49,-1.81,4073.32,10826.0935,0.6328,0.56,26.755,5579.275,26.8367,8573.5433,26.6275,7946.48,26.334,7521.682,26.2038,6329.11,25.97,5493.937,25.6293,4457.4367,25.5005,4969.734
1773,20120319,002557.SZ,27.0,27.35,26.71,27.0,27.0,0.0,0.0,7085.23,19184.3672,1.1007,1.0,27.0,10823.655,26.6667,9237.5333,26.29,8383.7725,26.282,7319.424,26.0475,6132.6787,25.81,5268.635,25.5487,4401.5313,25.3845,5171.917
1774,20120316,002557.SZ,26.0,27.36,25.96,27.0,26.0,1.0,3.85,14562.08,39212.4325,2.2622,2.92,26.5,10313.685,26.0533,8816.62,26.1025,7377.9725,26.122,7090.052,25.7738,5472.6025,25.628,4840.203,25.4287,4310.31,25.209,4946.934
1775,20120315,002557.SZ,25.16,26.08,25.16,26.0,25.16,0.84,3.34,6065.29,15617.1983,0.9422,1.42,25.58,5943.89,25.8033,4983.27,25.9025,5222.045,25.824,4982.45,25.5125,3879.88,25.428,3609.658,25.3187,3702.5687,25.0365,4400.3775
1776,20120314,002557.SZ,26.25,26.45,25.01,25.16,26.25,-1.09,-4.15,5822.49,15099.6332,0.9045,1.68,25.705,4442.26,25.87,4940.9633,25.78,4711.74,25.676,4269.766,25.41,3471.8325,25.311,3229.287,25.272,4137.304,24.9065,4285.4035
1777,20120313,002557.SZ,26.25,26.26,25.84,26.25,26.2,0.05,0.19,3062.03,7973.3143,0.4757,0.95,26.225,4500.2,25.9867,4341.49,25.805,3881.585,25.606,3466.192,25.39,3026.1,25.277,2925.314,25.2227,4119.0847,24.842,4187.923
1778,20120312,002557.SZ,25.41,26.59,25.4,26.2,25.51,0.69,2.7,5938.37,15479.3718,0.9225,2.29,25.855,4981.22,25.6567,4154.77,25.445,3567.2325,25.338,3217.846,25.2125,2926.0437,25.182,2942.585,25.0853,4456.0813,24.737,4118.726
1779,20120309,002557.SZ,25.18,25.53,25.18,25.51,25.26,0.25,0.99,4024.07,10213.755,0.6251,1.8,25.385,3262.97,25.1933,2776.8533,25.1225,2537.715,25.134,2590.354,25.04,2531.5925,25.082,2920.439,24.9047,4232.5613,24.6265,3904.755
1780,20120308,002557.SZ,24.82,25.3,24.81,25.26,24.81,0.45,1.81,2501.87,6304.4882,0.3887,1.14,25.035,2153.245,24.9933,2042.2633,25.04,2231.925,25.032,2236.866,25.0138,2432.9262,25.066,3062.628,24.774,4206.3533,24.537,3797.4125
1781,20120307,002557.SZ,24.71,25.07,24.71,24.81,24.91,-0.1,-0.4,1804.62,4499.4483,0.2803,0.76,24.86,1812.46,24.9667,2141.9433,24.975,2170.615,24.946,2188.808,25.0063,2834.8062,25.07,4071.073,24.65,4290.616,24.459,3793.8045
1782,20120306,002557.SZ,25.28,25.29,24.91,24.91,25.18,-0.27,-1.07,1820.3,4556.0196,0.2828,0.68,25.045,2310.605,25.03,2292.6133,24.98,2284.855,24.948,2384.436,25.0738,3289.9737,25.031,4445.531,24.5873,4428.5,24.411,3768.986
1783,20120305,002557.SZ,24.81,25.23,24.81,25.18,25.0,0.18,0.72,2800.91,7018.9341,0.4351,0.86,25.09,2528.77,25.0033,2439.7067,24.9575,2525.47,25.026,2667.324,25.1225,4635.7262,24.959,5075.199,24.5367,4419.0193,24.3405,3742.2205
1784,20120302,002557.SZ,24.77,25.05,24.77,25.0,24.83,0.17,0.68,2256.63,5625.3437,0.3506,0.58,24.915,2259.105,24.8833,2433.6567,24.9875,2633.9275,25.03,3250.524,25.0275,4979.2625,24.79,5053.665,24.4573,4342.8887,24.2805,3805.559
1785,20120301,002557.SZ,24.8,24.9,24.65,24.83,24.82,0.01,0.04,2261.58,5596.22,0.3513,0.38,24.825,2522.17,24.9833,2759.6933,25.0375,3498.9975,25.1,3888.39,24.9263,5711.8062,24.645,5191.097,24.372,4317.5947,24.232,3835.254
1786,20120229,002557.SZ,25.38,25.45,24.81,24.82,25.3,-0.48,-1.9,2782.76,6977.3846,0.4323,0.43,25.06,3008.75,25.1067,3911.47,25.1675,4295.0925,25.194,5953.338,24.7588,5752.305,24.502,5341.52,24.2967,4328.8033,24.163,3801.497
1787,20120228,002557.SZ,25.19,25.3,24.98,25.3,25.2,0.1,0.4,3234.74,8131.7544,0.5025,0.43,25.25,4475.825,25.2833,4799.2033,25.2875,6745.9825,25.114,6506.626,24.6,5858.3287,24.407,5450.532,24.232,4230.5027,24.0835,3871.426
1788,20120227,002557.SZ,25.4,25.5,25.19,25.2,25.35,-0.15,-0.59,5716.91,14504.8036,0.8881,0.83,25.275,5581.435,25.2833,7916.3967,25.0675,7324.5975,24.892,7483.074,24.3625,5924.7125,24.292,5294.867,24.112,4100.5193,23.968,3771.4205
1789,20120224,002557.SZ,25.29,25.5,25.1,25.35,25.3,0.05,0.2,5445.96,13771.3094,0.846,0.84,25.325,9016.14,25.0233,7860.4933,24.815,7924.615,24.55,6856.806,24.1963,5694.2087,24.171,4889.071,24.0307,3990.5707,23.8455,3534.932
1790,20120223,002557.SZ,24.26,25.4,24.26,25.3,24.42,0.88,3.6,12586.32,31341.0879,1.9553,2.66,24.86,9067.76,24.6367,8750.8333,24.35,7209.5175,24.19,6493.804,24.0463,5223.225,24.008,4532.197,23.9427,3817.542,23.718,3482.595
1791,20120222,002557.SZ,24.19,24.51,24.05,24.42,24.19,0.23,0.95,5549.2,13456.6574,0.8621,1.26,24.305,6833.09,24.0333,5417.25,23.9125,4970.675,23.81,4729.702,23.8825,3857.3037,23.848,3516.536,23.8193,3084.2167,23.547,3032.684
1792,20120221,002557.SZ,23.86,24.2,23.7,24.19,23.49,0.7,2.98,8116.98,19456.1149,1.261,2.61,23.84,5351.275,23.7433,4777.8333,23.6575,4524.8275,23.7,4394.438,23.795,3398.3062,23.791,3092.441,23.74,2993.026,23.4165,2972.965
1793,20120220,002557.SZ,23.66,23.79,23.45,23.49,23.55,-0.06,-0.25,2585.57,6110.8255,0.4017,0.89,23.52,3108.26,23.48,3327.4433,23.5775,3463.8025,23.692,3106.66,23.7338,2687.3975,23.722,2409.242,23.66,2534.2027,23.312,2905.4345
1794,20120217,002557.SZ,23.4,23.68,23.29,23.55,23.4,0.15,0.64,3630.95,8519.5928,0.5641,1.41,23.475,3698.38,23.6067,3756.5467,23.7425,3236.9325,23.792,2921.336,23.7788,2527.7325,23.771,2557.453,23.6107,2427.6407,23.193,3219.919
1795,20120216,002557.SZ,23.8,23.85,23.3,23.4,23.87,-0.47,-1.97,3765.81,8860.1501,0.585,1.63,23.635,3819.345,23.8067,3105.5933,23.8525,2743.9325,23.826,2570.59,23.7725,2234.4875,23.819,2479.411,23.5607,2478.8587,23.188,3266.606
1796,20120215,002557.SZ,24.1,24.1,23.23,23.87,24.15,-0.28,-1.16,3872.88,9203.3639,0.6016,2.16,24.01,2775.485,24.0033,2403.3067,23.9325,2271.785,23.886,2303.37,23.845,2272.2212,23.824,2261.474,23.4593,2467.0113,23.253,3369.354
1797,20120214,002557.SZ,23.98,24.15,23.83,24.15,23.99,0.16,0.67,1678.09,4027.8589,0.2607,0.98,24.07,1668.52,23.9533,1738.0867,23.89,1910.9925,23.882,1790.444,23.865,2144.4275,23.76,2292.32,23.322,2499.1407,23.319,3372.059
1798,20120213,002557.SZ,23.7,24.07,23.35,23.99,23.72,0.27,1.14,1658.95,3970.241,0.2577,0.76,23.855,1768.085,23.8033,1988.6267,23.815,1818.5325,23.752,1711.824,23.7775,2132.9712,23.644,2247.974,23.1853,2838.3593,23.3755,3699.0715
1799,20120210,002557.SZ,23.52,23.82,23.35,23.72,23.7,0.02,0.08,1877.22,4423.67,0.2916,0.79,23.71,2153.465,23.7567,1871.7267,23.6925,1725.0425,23.75,2193.57,23.6825,2448.27,23.52,2180.793,22.9933,3319.4467,23.4255,3801.0425
1800,20120209,002557.SZ,23.85,24.13,23.5,23.7,23.85,-0.15,-0.63,2429.71,5801.5161,0.3775,1.09,23.775,1868.98,23.6833,1674.3167,23.7575,2272.6575,23.812,2388.232,23.5913,2367.9462,23.428,2432.993,22.9753,3498.6113,23.4995,3947.1215
1801,20120208,002557.SZ,23.5,24.07,23.23,23.85,23.5,0.35,1.49,1308.25,3104.6193,0.2032,0.47,23.675,1296.62,23.7767,2220.3067,23.84,2377.8625,23.762,2219.578,23.4725,2187.625,23.246,2548.832,23.042,3724.682,23.5245,3932.306
1802,20120207,002557.SZ,23.63,23.94,23.32,23.5,23.98,-0.48,-2.0,1284.99,3028.4605,0.1996,0.46,23.74,2676.335,23.8367,2734.4,23.74,2447.41,23.638,2794.196,23.3413,2573.9962,23.042,2853.489,23.1313,3899.264,23.5665,4069.309
1803,20120206,002557.SZ,24.08,24.4,23.73,23.98,24.03,-0.05,-0.21,4067.68,9735.9157,0.6319,1.88,24.005,3459.105,23.82,2834.8833,23.6725,3171.4975,23.536,2784.124,23.1388,2861.885,22.902,3401.627,23.25,4361.4873,23.639,4187.7515
1804,20120203,002557.SZ,23.33,24.05,23.33,24.03,23.45,0.58,2.47,2850.53,6816.7044,0.4428,1.15,23.74,2218.485,23.57,2872.77,23.425,2463.235,23.29,2168.016,22.8675,2897.7775,22.615,3882.385,23.3173,4336.8667,23.665,4107.9815
1805,20120202,002557.SZ,23.05,23.77,23.05,23.45,23.23,0.22,0.95,1586.44,3711.5421,0.2465,0.55,23.34,2883.89,23.2233,2334.1367,23.105,1997.3875,23.044,2477.754,22.6263,3387.2575,22.557,4053.801,23.3953,4466.7513,23.6625,4648.634
1806,20120201,002557.SZ,22.74,24.42,22.74,23.23,22.99,0.24,1.04,4181.34,9855.7503,0.6496,1.44,23.11,2707.985,22.99,2134.37,22.9425,2700.5825,22.73,2878.086,22.3338,4298.36,22.682,4477.234,23.4453,4503.2153,23.66,4820.724
1807,20120131,002557.SZ,22.41,23.0,22.41,22.99,22.75,0.24,1.05,1234.63,2810.8157,0.1918,0.31,22.87,1110.885,22.8467,2206.9967,22.605,2552.2725,22.446,2912.782,22.3613,4346.2787,22.878,4451.798,23.5427,4494.3467,23.7385,4939.039
1808,20120130,002557.SZ,23.0,23.06,22.12,22.75,22.8,-0.05,-0.22,987.14,2253.6182,0.1534,0.18,22.775,2693.18,22.4767,2991.4867,22.31,3332.32,22.268,4019.13,22.575,4919.5462,23.107,5150.169,23.6733,4655.6273,23.8525,5070.335
1809,20120120,002557.SZ,22.38,22.88,21.74,22.8,21.88,0.92,4.2,4399.22,9961.7452,0.6834,0.78,22.34,3993.66,22.1633,4114.0467,22.1475,4777.1275,21.94,5596.754,22.88,5287.0262,23.331,5421.292,23.79,4754.6367,24.005,5390.9945
1810,20120119,002557.SZ,21.7,22.24,21.4,21.88,21.81,0.07,0.32,3588.1,7867.2661,0.5574,0.59,21.845,3971.46,21.93,4903.0967,21.725,5896.1375,22.07,5629.848,23.19,5764.4162,23.571,5461.25,23.8687,5372.2607,24.2075,5240.7815
1811,20120118,002557.SZ,21.81,22.4,21.0,21.81,22.1,-0.29,-1.31,4354.82,9562.2447,0.6765,0.73,21.955,5560.595,21.6733,6665.4833,22.1175,6140.285,22.634,6076.382,23.5788,5778.2,23.803,5315.78,23.97,5468.27,24.4585,5204.8955
1812,20120117,002557.SZ,21.21,22.18,20.65,22.1,21.11,0.99,4.69,6766.37,14504.9141,1.0512,1.08,21.605,7820.815,22.22,6735.44,22.84,6506.7725,23.31,5990.814,24.0025,5833.6975,24.091,5285.129,24.1693,5614.458,24.7315,5193.736
1813,20120116,002557.SZ,23.08,23.5,21.11,21.11,23.45,-2.34,-9.98,8875.26,19687.393,1.3788,1.69,22.28,6719.975,23.0867,6420.24,23.6125,5796.925,23.946,6281.208,24.265,5254.5762,24.376,4973.876,24.3807,5420.7367,24.9965,4994.3415
1814,20120113,002557.SZ,24.55,24.85,23.45,23.45,24.7,-1.25,-5.06,4564.69,10917.3547,0.7091,0.86,24.075,5192.73,24.4467,4770.8133,24.655,5632.695,24.722,5245.83,24.7125,4651.2075,24.715,4333.578,24.6933,5322.408,25.2805,4788.933
1815,20120112,002557.SZ,25.0,25.12,24.11,24.7,25.19,-0.49,-1.95,5820.77,14321.7969,0.9043,1.28,24.945,4873.875,25.0567,5988.6967,25.04,5416.115,25.072,5292.652,24.9,4537.3512,24.768,5243.467,24.92,5111.0927,25.458,4737.5015
1816,20120111,002557.SZ,25.02,25.25,24.7,25.19,25.28,-0.09,-0.36,3926.98,9816.0185,0.6101,0.86,25.235,6072.66,25.1533,5281.23,25.165,5160.6225,24.972,4555.178,24.875,4118.79,24.638,5164.214,25.0667,4914.4,25.5725,4677.273
1817,20120110,002557.SZ,25.15,25.28,24.62,25.28,24.99,0.29,1.16,8218.34,20548.9598,1.2767,2.24,25.135,5958.355,25.1567,5571.8367,24.9175,4712.2275,24.872,4579.444,24.7238,5335.865,24.599,5426.28,25.2053,4928.0433,25.6905,4640.601
1818,20120109,002557.SZ,24.79,25.19,24.3,24.99,25.2,-0.21,-0.83,3698.37,9147.5116,0.5745,1.08,25.095,4248.585,24.7967,3543.5233,24.77,3669.72,24.806,3666.544,24.4888,4937.1025,24.598,4990.501,25.3467,4565.386,25.8065,4498.432
1819,20120106,002557.SZ,23.8,25.2,22.91,25.2,24.2,1.0,4.13,4798.8,11462.7899,0.7455,0.92,24.7,3466.1,24.6967,3660.17,24.76,3658.5875,24.708,3421.326,24.465,5293.2612,24.679,5360.697,25.4667,4636.634,25.9295,4491.0885
1820,20120105,002557.SZ,24.42,24.93,23.8,24.2,24.69,-0.49,-1.98,2133.4,5194.5831,0.3314,0.37,24.445,3090.855,24.6133,3278.5167,24.585,3076.9575,24.464,5194.282,24.4738,5175.98,24.844,5020.313,25.5867,4552.4513,26.0195,4495.224
1821,20120104,002557.SZ,24.52,25.1,24.52,24.69,24.95,-0.26,-1.04,4048.31,10055.4458,0.6289,0.65,24.82,3851.075,24.7133,3391.4767,24.53,5959.5025,24.304,5773.25,24.6738,5834.3462,25.114,5094.011,25.7727,4717.9713,26.1545,4518.5325
1822,20111230,002557.SZ,24.0,24.95,23.95,24.95,24.5,0.45,1.84,3653.84,8968.6768,0.5676,0.58,24.725,3063.06,24.4767,6596.5667,24.2075,6204.485,24.326,6273.116,24.9438,5502.6775,25.372,5102.343,25.9633,4660.9867,26.269,4500.8245
1823,20111229,002557.SZ,23.83,24.55,23.35,24.5,23.98,0.52,2.17,2472.28,5984.993,0.3841,0.34,24.24,8067.93,23.96,7054.7,24.17,6927.935,24.39,6314.458,25.1875,5404.745,25.617,5014.807,26.14,4775.728,26.3705,4695.3135
1824,20111228,002557.SZ,23.01,25.0,22.2,23.98,23.4,0.58,2.48,13663.58,31111.556,2.1226,2.82,23.69,9345.91,24.06,8413.1533,24.3625,7275.0025,24.65,7300.068,25.5338,5612.1637,25.846,5244.288,26.3367,4847.676,26.5105,5119.7955
1825,20111227,002557.SZ,24.72,24.72,22.9,23.4,24.8,-1.4,-5.65,5028.24,12086.9503,0.7811,1.14,24.1,5787.94,24.49,5145.4767,24.8175,5709.19,25.224,4846.344,25.9613,4251.5262,26.148,4231.536,26.538,4262.2047,26.673,5192.3045
1826,20111226,002557.SZ,25.3,25.63,24.8,24.8,25.27,-0.47,-1.86,6547.64,16451.5644,1.0172,1.67,25.035,5204.095,25.29,5936.1733,25.68,4800.87,25.924,4414.772,26.385,4218.8825,26.507,4190.332,26.7713,4100.2933,26.8725,5286.417
1827,20111223,002557.SZ,24.85,25.7,24.8,25.27,25.8,-0.53,-2.05,3860.55,9810.4799,0.5997,1.04,25.535,5630.44,25.9733,4218.6133,26.205,3881.555,26.418,3931.57,26.66,3842.435,26.782,3854.922,26.9167,3910.0607,26.9765,5158.7305
1828,20111222,002557.SZ,26.42,26.58,24.52,25.8,26.85,-1.05,-3.91,7400.33,18629.1556,1.1496,2.32,26.325,4397.645,26.5167,3888.5567,26.705,3949.325,26.844,3715.156,26.875,3936.8912,27.015,4006.363,27.0307,4155.5987,27.063,5320.28
1829,20111221,002557.SZ,26.85,26.9,26.4,26.85,26.9,-0.05,-0.19,1394.96,3713.776,0.2167,0.39,26.875,2132.67,27.0067,2798.99,27.105,2793.8625,27.042,3188.508,27.0938,3411.0425,27.18,3621.48,27.1307,4393.038,27.1245,5547.521
1830,20111220,002557.SZ,26.79,26.94,26.21,26.9,27.27,-0.37,-1.36,2870.38,7673.8523,0.4459,0.72,27.085,3501.005,27.19,3260.1633,27.09,3636.895,27.072,3616.728,27.1875,3908.5425,27.195,3970.135,27.156,5307.6247,27.102,5619.642
1831,20111219,002557.SZ,27.43,27.43,26.2,27.27,27.4,-0.13,-0.47,4131.63,10986.1614,0.6418,1.09,27.335,3455.055,27.1533,3892.4,27.115,3803.315,27.09,3965.892,27.2563,3993.6825,27.195,3943.054,27.1887,5576.9653,27.0565,5566.7235
1832,20111216,002557.SZ,26.1,27.48,26.1,27.4,26.79,0.61,2.28,2778.48,7499.3349,0.4316,0.65,27.095,3772.785,27.0633,3693.8767,27.045,3924.4575,27.146,3778.274,27.2225,4087.4175,27.166,3899.306,27.1627,5567.784,26.9815,5469.4965
1833,20111215,002557.SZ,26.9,27.0,26.11,26.79,27.0,-0.21,-0.78,4767.09,12670.2815,0.7406,1.18,26.895,4151.575,26.9267,4306.45,27.0825,4028.2225,27.186,4297.57,27.16,4065.0537,27.124,4375.82,27.136,5855.3213,26.9125,5555.912
1834,20111214,002557.SZ,26.88,27.19,26.68,27.0,26.99,0.01,0.04,3536.06,9537.0321,0.5493,0.82,26.995,4076.13,27.18,3781.9333,27.285,4180.19,27.318,4054.452,27.1838,3930.9362,27.175,4995.303,27.152,6333.8587,26.893,5676.2045
1835,20111213,002557.SZ,27.12,27.3,26.48,26.99,27.55,-0.56,-2.03,4616.2,12418.5289,0.7171,1.18,27.27,3904.87,27.38,4394.9,27.3975,4184.05,27.318,4323.542,27.1813,4431.8812,27.198,6153.073,27.112,6287.28,26.8385,5879.0785
1836,20111212,002557.SZ,27.5,27.7,27.21,27.55,27.6,-0.05,-0.18,3193.54,8781.0512,0.4961,0.79,27.575,4284.25,27.5333,4040.0,27.4,4250.3775,27.3,3920.216,27.22,5225.0962,27.238,6382.502,27.0453,6100.334,26.8035,6003.0305
1837,20111209,002557.SZ,27.32,27.67,26.98,27.6,27.45,0.15,0.55,5374.96,14714.6494,0.835,1.21,27.525,4463.23,27.35,4602.6567,27.2375,4101.885,27.186,4020.338,27.18,6715.1237,27.171,6462.539,26.9267,6033.2373,26.754,6317.8505
1838,20111208,002557.SZ,26.67,27.45,26.67,27.45,27.0,0.45,1.67,3551.5,9675.164,0.5517,0.6,27.225,4216.505,27.1167,3677.5267,27.0825,3681.6825,27.062,4454.07,27.1538,6907.065,27.111,6634.197,26.8213,5975.3593,26.699,6522.0375
1839,20111207,002557.SZ,26.31,27.0,26.31,27.0,26.9,0.1,0.37,4881.51,13120.3023,0.7583,0.61,26.95,3740.54,26.96,3725.0767,26.965,4679.7125,27.032,5936.154,27.0825,6962.3662,27.069,7473.562,26.7513,6216.7887,26.6785,7605.2315
1840,20111206,002557.SZ,26.72,26.9,26.27,26.9,26.98,-0.08,-0.3,2599.57,6907.7939,0.4038,0.29,26.94,3146.86,26.9533,4612.4467,27.04,6199.815,27.078,7982.604,27.0825,7238.62,27.009,7269.149,26.6787,6397.5907,26.671,8250.195
1841,20111205,002557.SZ,26.24,27.1,26.2,26.98,26.98,0.0,0.0,3694.15,9894.5521,0.5739,0.41,26.98,5618.885,27.0867,7399.8967,27.1225,9328.3625,27.176,8844.788,27.0988,8406.8175,26.918,7190.393,26.638,6697.302,26.611,8460.7465
1842,20111202,002557.SZ,27.01,27.01,26.1,26.98,27.3,-0.32,-1.17,7543.62,20085.5947,1.1719,0.86,27.14,9252.77,27.17,11206.4333,27.225,10132.4475,27.156,8904.74,27.0263,8299.7212,26.797,7039.687,26.61,7083.688,26.5295,8408.0465
1843,20111201,002557.SZ,27.61,27.8,27.29,27.3,27.23,0.07,0.26,10961.92,30131.3822,1.7029,1.22,27.265,13037.84,27.3067,10995.39,27.2,9245.02,27.16,8814.324,26.9025,7583.27,26.701,6736.004,26.578,7211.36,26.4555,8454.0195
1844,20111130,002557.SZ,27.39,27.56,26.37,27.23,27.39,-0.16,-0.58,15113.76,40842.5602,2.3479,2.31,27.31,11012.125,27.1667,8672.72,27.125,8277.425,27.106,9010.97,26.7113,6486.4162,26.611,6357.106,26.5607,8161.5907,26.383,8371.216
1845,20111129,002557.SZ,26.91,27.39,26.91,27.39,26.88,0.51,1.9,6910.49,18841.5369,1.0735,1.25,27.135,5452.2,27.09,5998.6467,27.075,7485.2725,26.94,6555.694,26.56,5160.545,26.479,5605.084,26.5353,8339.392,26.3215,8756.624
1846,20111128,002557.SZ,26.81,27.17,26.79,26.88,27.0,-0.12,-0.44,3993.91,10748.2191,0.6205,0.77,26.94,5542.725,26.97,7676.8667,26.8275,6466.995,26.66,5535.998,26.4363,5193.3512,26.369,5623.559,26.4227,8332.7327,26.165,8766.4645
1847,20111125,002557.SZ,27.0,27.34,26.6,27.0,27.03,-0.03,-0.11,7091.54,19200.7011,1.1017,1.52,27.015,9518.345,26.81,7291.3567,26.605,5921.52,26.438,5174.634,26.315,5643.305,26.337,6173.162,26.3207,8242.482,26.0335,8865.862
1848,20111124,002557.SZ,26.18,27.39,26.06,27.03,26.4,0.63,2.39,11945.15,32211.7161,1.8557,3.23,26.715,7391.265,26.4733,5531.5133,26.2975,4695.4075,26.242,4657.684,26.2263,5643.7675,26.287,6409.878,26.2207,8333.918,25.87,8698.196
1849,20111123,002557.SZ,26.0,26.5,26.0,26.4,25.99,0.41,1.58,2837.38,7454.9682,0.4408,0.61,26.195,2324.695,26.0533,2278.8267,26.045,2835.8175,26.116,3703.242,26.1675,5336.8662,26.288,7736.901,26.142,8157.9647,25.6915,8246.79
1850,20111122,002557.SZ,25.66,26.12,25.55,25.99,25.77,0.22,0.85,1812.01,4691.3766,0.2815,0.32,25.88,1999.55,25.9267,2835.2967,26.045,3919.7075,26.018,4654.474,26.18,6164.5312,26.333,9231.241,26.1153,9490.2673,25.542,8636.4355
1851,20111121,002557.SZ,25.87,26.29,25.68,25.77,26.02,-0.25,-0.96,2187.09,5650.9503,0.3398,0.3,25.895,3346.94,26.0633,4622.2733,26.025,5365.09,26.078,5711.12,26.3113,9089.9525,26.304,9731.1,26.0,9843.2867,25.351,8675.894
1852,20111118,002557.SZ,26.3,26.4,25.9,26.02,26.4,-0.38,-1.44,4506.79,11787.2174,0.7001,0.55,26.21,5839.865,26.11,6424.4233,26.155,6592.1275,26.236,7171.69,26.4463,11039.1637,26.262,9776.406,25.8987,10096.2713,25.153,8686.76
1853,20111117,002557.SZ,25.77,26.5,25.77,26.4,25.91,0.49,1.89,7172.94,18845.0645,1.1143,0.61,26.155,7383.24,26.2,7287.24,26.29,7837.915,26.332,8162.072,26.4063,11327.14,26.21,10172.035,25.746,10045.0333,24.913,8533.9815
1854,20111116,002557.SZ,26.29,26.49,25.91,25.91,26.29,-0.38,-1.45,7593.54,19767.5607,1.1797,0.55,26.1,7344.39,26.2533,8059.5733,26.315,8409.355,26.46,11770.56,26.275,10760.5412,26.155,10385.326,25.55,9761.306,24.659,8321.4845
1855,20111115,002557.SZ,26.6,26.6,26.2,26.29,26.56,-0.27,-1.02,7095.24,18694.7282,1.1022,0.52,26.425,8292.59,26.45,8681.2933,26.5975,12814.815,26.648,13808.008,26.2238,10869.2337,26.164,11908.164,25.3833,9963.756,24.4585,8008.267
1856,20111114,002557.SZ,26.5,26.98,26.3,26.56,26.5,0.06,0.23,9489.94,25222.999,1.4743,0.77,26.53,9474.32,26.7,14721.34,26.7375,15486.2,26.53,13751.08,26.1688,11145.56,25.961,11909.37,25.1087,9664.152,24.244,7767.069
1857,20111111,002557.SZ,27.2,27.49,26.32,26.5,27.04,-0.54,-2.0,9458.7,25412.6493,1.4694,0.78,26.77,17337.04,26.7967,17484.9533,26.5225,14816.365,26.288,12381.122,26.0988,12812.0575,25.73,11558.562,24.792,9191.7833,24.046,7456.0375
1858,20111110,002557.SZ,26.5,28.0,26.2,27.04,26.85,0.19,0.71,25215.38,69075.0922,3.9172,2.8,26.945,21498.08,26.53,16602.2533,26.235,13111.7275,26.088,12181.998,25.8188,12518.1325,25.453,10986.514,24.44,8657.9513,23.8385,7146.1745
1859,20111109,002557.SZ,25.86,26.93,25.55,26.85,25.7,1.15,4.47,17780.78,46949.9007,2.7622,1.78,26.275,12295.69,25.9667,9077.1767,25.85,8923.6525,25.85,9000.092,25.47,10113.9425,25.095,8756.679,24.0587,7171.7927,23.6005,6205.6645
1860,20111108,002557.SZ,25.23,26.0,25.2,25.7,25.35,0.35,1.38,6810.6,17543.6203,1.058,0.68,25.525,4725.375,25.5167,5971.2767,25.6,6804.92,25.68,10008.32,25.08,8358.6225,24.751,8041.63,23.7287,6075.02,23.367,5724.7055
1861,20111107,002557.SZ,25.75,25.75,25.33,25.35,25.5,-0.15,-0.59,2640.15,6722.4291,0.4101,0.25,25.425,5551.615,25.5667,6803.0267,25.675,10807.75,25.392,10067.66,24.8,7871.9262,24.398,7620.688,23.482,5772.3987,23.1765,5601.3065
1862,20111104,002557.SZ,25.85,26.2,25.33,25.5,25.85,-0.35,-1.35,8463.08,21792.0652,1.3147,0.86,25.675,8884.465,25.7833,13530.2833,25.4025,11924.5375,25.172,10736.002,24.5575,8870.6937,24.044,7597.114,23.2987,5814.3427,23.014,5578.174
1863,20111103,002557.SZ,26.19,26.2,25.71,25.85,26.0,-0.15,-0.58,9305.85,24176.3,1.4457,1.09,25.925,16063.885,25.37,13078.3567,25.09,11304.2325,24.818,9791.03,24.1413,8137.9562,23.616,6895.928,23.0887,5467.5667,22.876,5228.5445
1864,20111102,002557.SZ,23.98,26.19,23.84,26.0,24.26,1.74,7.17,22821.92,57699.0469,3.5454,3.76,25.13,14964.61,24.8367,11970.36,24.56,9912.325,24.34,8513.266,23.6363,7275.2762,23.163,6257.643,22.8507,5274.1887,22.7385,5145.8355
1865,20111101,002557.SZ,24.15,24.43,23.6,24.26,24.25,0.01,0.04,7107.3,17161.359,1.1041,1.37,24.255,6544.58,24.08,5609.1267,23.925,4936.1025,23.822,6074.94,23.0388,4603.9387,22.753,4108.37,22.596,4296.834,22.5985,4070.5045
1866,20111031,002557.SZ,23.73,24.25,23.54,24.25,23.73,0.52,2.19,5981.86,14395.0839,0.9293,1.34,23.99,4860.04,23.8133,4212.37,23.7125,5816.85,23.404,5173.716,22.6713,4080.9012,22.527,3624.768,22.438,4112.522,22.563,3784.9635
1867,20111028,002557.SZ,23.7,23.83,23.32,23.73,23.46,0.27,1.15,3738.22,8842.3272,0.5807,0.93,23.595,3327.625,23.5333,5761.8467,23.1925,4971.68,22.916,4458.226,22.3775,3499.3175,22.362,3353.513,22.2947,3858.898,22.5345,3535.346
1868,20111027,002557.SZ,23.3,23.79,23.1,23.46,23.41,0.05,0.21,2917.03,6834.8844,0.4532,0.73,23.435,6773.66,23.0133,5382.8333,22.7125,4638.2275,22.414,4000.826,22.1613,3315.95,22.224,3305.835,22.2287,3707.716,22.5375,3430.291
1869,20111026,002557.SZ,22.45,24.0,22.43,23.41,22.17,1.24,5.59,10630.29,25076.7737,1.6514,4.96,22.79,6615.735,22.4633,5211.96,22.1525,4271.775,21.986,4002.02,22.0538,3359.985,22.106,3654.65,22.2047,4023.3587,22.568,3369.0375
1870,20111025,002557.SZ,21.77,22.22,21.57,22.17,21.81,0.36,1.65,2601.18,5719.8992,0.4041,1.25,21.99,2502.795,21.7333,2152.27,21.63,2344.9525,21.684,2141.8,21.9213,2438.8787,21.983,3407.781,22.1907,3402.3593,22.6235,2936.1885
1871,20111024,002557.SZ,21.28,21.9,20.91,21.81,21.22,0.59,2.78,2404.41,5143.764,0.3735,1.07,21.515,1927.815,21.45,2259.5433,21.5625,2026.955,21.65,2075.82,21.935,2914.3787,21.955,3581.925,22.2827,3322.046,22.725,2893.244
1872,20111021,002557.SZ,21.46,21.71,21.0,21.22,21.32,-0.1,-0.47,1451.22,3067.4775,0.2254,0.56,21.27,2187.11,21.48,1901.1367,21.61,1993.6725,21.808,2248.8,21.9813,3634.0275,21.984,3559.234,22.4073,3227.7193,22.848,2836.168
1873,20111020,002557.SZ,21.96,22.02,21.32,21.32,21.9,-0.58,-2.65,2923.0,6344.4991,0.4541,0.88,21.61,2126.095,21.74,2174.49,21.955,2448.195,22.034,2610.844,22.065,3995.4525,22.136,3561.161,22.5787,3240.1127,23.0285,2814.157
1874,20111019,002557.SZ,21.94,22.12,21.73,21.9,22.0,-0.1,-0.45,1329.19,2914.6168,0.2065,0.28,21.95,1800.235,22.1667,2289.9267,22.2125,2532.805,22.226,3307.28,22.1625,3902.265,22.314,4034.028,22.762,3158.0433,23.208,2726.942
1875,20111018,002557.SZ,22.58,22.58,22.0,22.0,22.6,-0.6,-2.65,2271.28,5043.0789,0.3528,0.45,22.3,2770.295,22.3167,2934.01,22.3075,3801.8025,22.282,4673.762,22.2675,3919.9275,22.444,4032.639,22.9367,3200.9847,23.352,2712.365
1876,20111017,002557.SZ,22.25,22.76,22.24,22.6,22.35,0.25,1.12,3269.31,7373.3214,0.5079,0.67,22.475,3265.375,22.41,4311.9767,22.3525,5274.3825,22.26,5088.03,22.405,4592.4762,22.599,3945.159,23.0833,3165.7187,23.4895,2680.6995
1877,20111014,002557.SZ,22.29,22.39,22.16,22.35,22.28,0.07,0.31,3261.44,7262.1123,0.5067,0.72,22.315,4833.31,22.27,5942.74,22.175,5542.71,22.16,4869.668,22.48,4348.225,22.707,3717.179,23.1947,3031.9573,23.603,2585.534
1878,20111013,002557.SZ,22.11,22.5,22.0,22.28,22.18,0.1,0.45,6405.18,14279.0001,0.995,1.35,22.23,7283.39,22.1167,6303.1333,22.1125,5271.725,22.238,4511.478,22.63,4115.105,22.851,3554.747,23.36,2881.928,23.7355,2491.503
1879,20111012,002557.SZ,21.78,22.28,21.63,22.18,21.89,0.29,1.32,8161.6,17897.0041,1.2679,2.41,22.035,6252.11,22.0567,4893.9067,22.2275,4038.0525,22.402,4760.776,22.805,3438.1462,23.03,3083.425,23.5353,2533.496,23.877,2247.5345
1880,20111011,002557.SZ,22.5,22.8,21.68,21.89,22.1,-0.21,-0.95,4342.62,9597.5524,0.6746,1.55,21.995,3260.06,22.2433,2663.5367,22.4575,3910.57,22.606,3391.516,23.0063,2622.5862,23.264,2464.596,23.7087,2058.566,24.018,2171.2385
1881,20111010,002557.SZ,22.75,22.75,22.1,22.1,22.74,-0.64,-2.81,2177.5,4859.6059,0.3383,0.85,22.42,1823.995,22.6467,3766.5533,22.785,3153.74,22.938,2802.288,23.2788,2291.2537,23.495,2204.563,23.8993,1878.256,24.157,2128.2205
1882,20110930,002557.SZ,23.08,23.2,22.68,22.74,23.1,-0.36,-1.56,1470.49,3367.785,0.2284,0.57,22.92,4561.08,23.0133,3479.1533,23.1475,2958.485,23.254,2564.69,23.5813,2265.73,23.712,2113.102,24.084,1824.156,24.317,2162.9235
1883,20110929,002557.SZ,23.2,23.5,22.52,23.1,23.2,-0.1,-0.43,7651.67,17724.7021,1.1887,5.44,23.15,4483.485,23.2833,3454.4833,23.3825,2838.24,23.464,2598.016,23.7638,2299.705,23.921,2067.153,24.2347,1818.178,24.4605,2202.0045
1884,20110928,002557.SZ,23.65,23.7,23.1,23.2,23.55,-0.35,-1.49,1315.3,3078.8052,0.2043,0.86,23.375,1355.89,23.4767,1233.7633,23.555,1334.6025,23.658,1406.074,23.91,1501.1075,24.102,1419.856,24.3687,1409.7873,24.58,2052.042
1885,20110927,002557.SZ,23.66,23.78,23.5,23.55,23.68,-0.13,-0.55,1396.48,3292.1168,0.2169,0.87,23.615,1192.995,23.6733,1341.0367,23.7725,1428.7675,23.922,1537.676,24.1138,1463.07,24.26,1392.091,24.4887,1764.4793,24.716,2221.2185
1886,20110926,002557.SZ,23.81,23.99,23.59,23.68,23.79,-0.11,-0.46,989.51,2346.6598,0.1537,0.6,23.735,1313.315,23.8467,1439.53,24.015,1572.975,24.052,1606.838,24.2838,1435.8475,24.38,1416.24,24.5633,1903.5313,24.8525,2453.278
1887,20110923,002557.SZ,24.12,24.12,23.63,23.79,24.07,-0.28,-1.16,1637.12,3891.2597,0.2543,1.07,23.93,1664.54,24.1267,1767.4633,24.145,1761.17,24.17,1661.514,24.4213,1441.865,24.499,1453.889,24.6713,2029.0013,24.991,2811.692
1888,20110922,002557.SZ,24.5,24.58,24.05,24.07,24.52,-0.45,-1.84,1691.96,4110.4661,0.2628,1.18,24.295,1832.635,24.2633,1802.52,24.265,1667.6125,24.378,1536.29,24.5413,1441.9712,24.62,1428.259,24.7927,2070.0007,25.099,3152.754
1889,20110921,002557.SZ,24.2,24.6,24.05,24.52,24.2,0.32,1.32,1973.31,4823.1276,0.3066,1.58,24.36,1857.8,24.33,1659.4967,24.455,1497.3725,24.546,1433.638,24.6413,1401.2262,24.724,1411.644,24.8873,2267.3647,25.203,3833.454
1890,20110920,002557.SZ,24.24,24.56,24.03,24.2,24.27,-0.07,-0.29,1742.29,4213.5115,0.2707,1.42,24.235,1502.59,24.4333,1338.7267,24.5525,1298.72,24.598,1246.506,24.7013,1327.165,24.772,1877.881,24.9807,2449.066,25.732,4054.67
1891,20110919,002557.SZ,24.75,24.75,24.27,24.27,24.83,-0.56,-2.26,1262.89,3078.8284,0.1962,1.01,24.55,1136.945,24.67,1150.8633,24.6975,1122.56,24.708,1225.642,24.815,1300.105,24.819,2051.878,25.1193,2735.4247,26.2615,4184.4295
1892,20110916,002557.SZ,24.99,25.0,24.8,24.83,24.91,-0.08,-0.32,1011.0,2517.5865,0.1571,0.77,24.87,1094.85,24.84,1075.7833,24.8175,1216.33,24.828,1246.264,24.9063,1971.7037,24.922,2212.745,25.2647,3195.0847,26.789,4412.0135
1893,20110915,002557.SZ,24.8,25.0,24.75,24.91,24.78,0.13,0.52,1178.7,2933.661,0.1831,0.85,24.845,1108.175,24.8133,1284.7733,24.8275,1305.08,24.862,1320.228,24.8863,2280.6112,25.0,2336.856,25.3393,3691.5753,27.2825,4597.7045
1894,20110914,002557.SZ,24.75,24.84,24.5,24.78,24.75,0.03,0.12,1037.65,2564.6786,0.1612,0.41,24.765,1337.81,24.8,1347.2067,24.85,1355.61,24.902,1389.65,24.935,2492.2187,25.058,2684.228,25.422,4633.3927,27.7945,5095.4835
1895,20110913,002557.SZ,24.48,24.87,24.44,24.75,24.87,-0.12,-0.48,1637.97,4037.443,0.2545,0.57,24.81,1501.985,24.8733,1461.5967,24.9325,1477.65,24.946,2509.256,25.0388,2644.0262,25.172,3050.346,26.11,4990.7247,28.278,5362.0015
1896,20110909,002557.SZ,25.39,25.42,24.6,24.87,25.0,-0.13,-0.52,1366.0,3425.4712,0.2122,0.43,24.935,1373.41,24.9933,1424.21,24.995,2727.0775,24.93,2878.114,25.1313,3020.8325,25.325,3490.316,26.7793,5170.692,28.7905,5952.7815
1897,20110908,002557.SZ,25.26,25.4,24.91,25.0,25.11,-0.11,-0.44,1380.82,3469.3601,0.2145,0.41,25.055,1453.315,25.0367,3180.77,24.945,3256.1425,25.016,3179.226,25.2625,3437.4362,25.483,4169.495,27.4427,5467.2633,29.2585,6627.411
1898,20110907,002557.SZ,25.18,25.33,24.81,25.11,25.0,0.11,0.44,1525.81,3833.1556,0.237,0.38,25.055,4080.745,24.9267,3881.25,25.02,3628.8275,25.138,3353.484,25.4225,4019.5425,25.578,4877.249,28.0893,5690.1967,29.661,6917.613
1899,20110906,002557.SZ,24.52,25.86,24.21,25.0,24.67,0.33,1.34,6635.68,16586.2317,1.0308,1.85,24.835,5058.97,24.99,4329.8333,25.145,3810.4025,25.214,3978.806,25.59,4848.54,25.682,6255.264,28.7587,6330.7613,30.0215,7220.673
1900,20110905,002557.SZ,25.01,25.32,24.51,24.67,25.3,-0.63,-2.49,3482.26,8672.6808,0.541,0.85,24.985,3176.91,25.1933,2868.6433,25.2675,3314.5875,25.398,3591.436,25.7088,5076.375,26.692,6231.459,29.3887,6312.9167,30.3905,7345.405
1901,20110902,002557.SZ,25.35,25.73,25.11,25.3,25.61,-0.31,-1.21,2871.56,7276.765,0.4461,0.56,25.455,2561.835,25.4667,3258.6967,25.58,3618.73,25.72,4102.518,25.8938,6554.3375,27.704,6316.981,30.0773,6977.6707,30.816,7679.0075
1902,20110901,002557.SZ,25.59,25.74,25.39,25.61,25.49,0.12,0.47,2252.11,5753.7502,0.3499,0.35,25.55,3452.265,25.6733,3867.7867,25.825,4410.2575,25.95,5159.764,27.1188,6995.0962,28.656,6611.282,30.6727,7776.806,31.242,7890.8605
1903,20110831,002557.SZ,25.92,25.97,25.29,25.49,25.92,-0.43,-1.66,4652.42,11861.079,0.7228,0.55,25.705,4675.625,25.8967,5129.64,26.035,5886.6775,26.018,6401.014,28.2663,7255.7675,29.565,6858.553,31.1687,8105.656,31.645,8166.062
1904,20110830,002557.SZ,26.3,26.48,25.89,25.92,26.28,-0.36,-1.37,4698.83,12299.4476,0.73,0.53,26.1,5368.25,26.2167,6298.0967,26.15,6838.1625,26.15,8531.722,29.4325,7401.0362,30.531,7506.739,31.624,8301.2953,32.0355,8210.72
1905,20110829,002557.SZ,26.45,26.49,26.01,26.28,26.45,-0.17,-0.64,6037.67,15893.4312,0.9379,0.71,26.365,7097.73,26.2267,7551.2733,26.2075,9489.945,27.986,8871.482,30.53,7404.285,31.384,7673.657,32.0547,8596.728,32.4195,8685.613
1906,20110826,002557.SZ,25.55,26.7,25.55,26.45,25.95,0.5,1.93,8157.79,21424.5049,1.2673,1.01,26.2,8308.075,26.1833,10640.7033,28.4125,9579.935,29.688,8531.444,31.6388,8041.3612,32.256,8415.247,32.5147,8871.1707,32.8005,8958.3505
1907,20110825,002557.SZ,26.04,26.29,25.68,25.95,26.15,-0.2,-0.76,8458.36,21869.526,1.314,1.16,26.05,11882.16,29.0667,10053.9833,30.4975,8624.8575,31.362,8062.8,32.6388,7817.6387,33.034,9085.327,33.006,8801.226,33.1795,9945.742
1908,20110824,002557.SZ,26.22,27.17,25.67,26.15,26.46,-0.31,-1.17,15305.96,40447.1759,2.3778,2.36,30.625,10851.795,32.0133,8680.3567,32.715,7963.91,33.112,7316.092,33.77,8442.04,33.744,8957.977,33.5207,8754.4113,33.572,10568.698
1909,20110823,002557.SZ,34.79,35.11,34.5,35.1,34.79,0.31,0.89,6397.63,22322.7312,1.292,0.99,34.945,5367.555,34.9033,5516.56,34.8525,5318.625,34.912,6481.756,34.78,8386.1187,34.361,8186.082,33.9973,8103.7193,33.9735,10481.646
1910,20110822,002557.SZ,34.99,35.14,34.39,34.79,34.82,-0.03,-0.09,4337.48,15059.3926,0.876,0.52,34.805,5076.025,34.77,4958.9567,34.865,6502.7875,34.782,6475.832,34.5238,8484.5225,34.089,8459.351,33.8973,8623.6567,33.961,10719.303
1911,20110819,002557.SZ,34.15,34.88,33.9,34.82,34.7,0.12,0.35,5814.57,20000.9042,1.1743,0.58,34.76,5269.695,34.89,7224.5567,34.78,7010.42,34.824,8299.05,34.215,8890.7137,33.928,9041.034,33.838,9100.6527,34.004,11644.7345
1912,20110818,002557.SZ,35.12,35.49,34.29,34.7,35.15,-0.45,-1.28,4724.82,16448.57,0.9542,0.45,34.925,7929.55,34.7667,7409.0367,34.825,8920.17,34.706,10107.854,33.91,9305.1825,33.828,9170.439,33.7853,10573.3893,33.9955,12076.7095
1913,20110817,002557.SZ,35.0,35.39,34.51,35.15,34.45,0.7,2.03,11134.28,39101.0053,2.2486,1.13,34.8,8751.145,34.8667,10318.62,34.7075,11453.6125,34.376,10599.862,33.72,9983.8687,33.725,9473.571,33.7253,11652.9,34.0015,12669.2325
1914,20110816,002557.SZ,35.0,35.0,34.36,34.45,35.0,-0.55,-1.57,6368.01,22016.6196,1.286,0.61,34.725,9910.79,34.56,11560.0567,34.1825,10466.2575,33.81,9890.408,33.5538,9480.6612,33.54,8914.701,33.6607,11814.9427,33.8965,12593.885
1915,20110815,002557.SZ,34.8,35.25,34.3,35.0,34.23,0.77,2.25,13453.57,46727.772,2.717,1.38,34.615,14156.08,34.0933,11832.34,33.65,10771.0075,33.396,10442.87,33.4563,9654.1775,33.455,9697.569,33.6873,12133.7933,33.889,12730.181
1916,20110811,002557.SZ,32.2,34.25,32.16,34.23,33.05,1.18,3.57,14858.59,50172.2805,3.0008,1.8,33.64,11021.725,33.2,9876.82,32.995,9690.195,33.032,9783.018,33.2438,8665.6787,33.345,9501.454,33.7307,12759.9627,33.8375,12630.338
1917,20110810,002557.SZ,32.7,33.48,32.7,33.05,32.32,0.73,2.26,7184.86,23725.1527,1.451,0.86,32.685,7385.935,32.5833,7967.3967,32.7325,8514.125,32.95,8233.024,33.165,8582.9412,33.325,10806.157,33.7587,12732.9947,33.8275,12507.7815
1918,20110809,002557.SZ,31.96,32.5,31.31,32.32,32.38,-0.06,-0.19,7587.01,24258.2016,1.5322,0.96,32.35,8358.665,32.6267,8957.2133,32.925,8495.065,33.074,8347.28,33.2713,9121.3862,33.4,12179.419,33.8767,13359.0227,33.8675,12832.102
1919,20110808,002557.SZ,32.9,33.1,31.15,32.38,33.18,-0.8,-2.41,9130.32,29396.5074,1.8439,1.02,32.78,9642.315,33.1267,8797.75,33.2625,8537.3475,33.27,7938.994,33.485,11661.2125,33.586,12777.21,33.9253,13495.044,33.883,12893.5355
1920,20110805,002557.SZ,32.98,33.4,30.45,33.18,33.82,-0.64,-1.89,10154.31,33460.3638,2.0507,1.1,33.5,8631.465,33.5567,8339.69,33.4925,7641.1625,33.514,8952.268,33.6625,13134.6075,33.833,12979.255,34.0533,13492.618,33.9425,13294.431
1921,20110804,002557.SZ,33.79,34.37,33.49,33.82,33.67,0.15,0.45,7108.62,24105.7699,1.4356,0.53,33.745,7432.38,33.5967,6803.4467,33.5975,8651.7575,33.658,9219.89,33.7875,13560.9337,34.08,14248.435,34.106,13579.4447,33.9035,13142.8545
1922,20110803,002557.SZ,33.18,33.7,33.0,33.67,33.3,0.37,1.11,7756.14,25982.4989,1.5664,0.48,33.485,6650.86,33.5233,9166.1367,33.6175,9747.7075,33.7,13379.29,33.9163,14066.2025,34.163,14982.98,34.12,13932.7007,33.8195,13736.1045
1923,20110802,002557.SZ,33.6,33.6,32.89,33.3,33.6,-0.3,-0.89,5545.58,18445.1782,1.12,0.31,33.45,9871.135,33.6,10411.5633,33.7075,14785.0775,33.726,16011.558,34.1638,15952.4487,34.278,15864.894,34.132,14327.0427,33.662,13510.2305
1924,20110801,002557.SZ,34.28,34.28,32.8,33.6,33.9,-0.3,-0.89,14196.69,47042.3429,2.8671,0.83,33.75,12844.555,33.8433,17864.91,33.8325,18628.0525,33.902,17615.426,34.3325,17066.01,34.253,16273.069,34.0873,14545.0493,33.522,13534.9875
1925,20110729,002557.SZ,33.9,34.48,33.43,33.9,34.03,-0.13,-0.38,11492.42,39006.8711,2.3209,0.6,33.965,19699.02,33.91,20105.1733,33.9775,18470.11,34.152,17006.242,34.485,17363.3337,34.323,15762.793,34.0853,14741.8187,33.3375,13024.4345
1926,20110728,002557.SZ,33.7,34.98,33.5,34.03,33.8,0.23,0.68,27905.62,95543.8994,5.6357,1.68,33.915,24411.55,34.0033,20796.0067,34.215,18384.6975,34.502,19276.98,34.3788,17130.1975,34.33,15759.222,33.9853,14450.5093,33.1305,12670.1
1927,20110727,002557.SZ,34.15,34.16,32.9,33.8,34.18,-0.38,-1.11,20917.48,69812.8318,4.1835,1.33,33.99,17241.2,34.2767,15211.0567,34.62,17119.82,34.626,16586.67,34.4125,14778.7362,34.33,14209.406,33.8593,13855.0427,32.899,11459.719
1928,20110726,002557.SZ,34.96,35.34,34.06,34.18,34.85,-0.67,-1.92,13564.92,46944.0769,2.713,0.91,34.515,12357.845,34.8933,15853.9333,34.8325,15503.9675,34.83,15718.23,34.4338,13596.14,34.335,13484.785,33.6407,12676.4547,32.6715,10543.917
1929,20110725,002557.SZ,35.53,35.98,34.6,34.85,35.65,-0.8,-2.24,11150.77,39431.7688,2.2302,0.77,35.25,16998.44,35.05,16150.3167,34.9925,16256.5575,34.604,14930.712,34.415,13451.4575,34.18,13009.861,33.3953,12174.8413,32.4345,10021.9905
1930,20110722,002557.SZ,34.52,35.81,34.52,35.65,34.65,1.0,2.89,22846.11,80936.5491,4.5692,1.87,35.15,18650.09,35.04,17958.4867,34.5425,15875.6975,34.494,14519.344,34.29,13766.52,34.052,13609.607,33.066,11697.1653,32.16,9783.7175
1931,20110721,002557.SZ,34.7,35.2,34.3,34.65,34.82,-0.17,-0.49,14454.07,50298.4182,2.8908,1.22,34.735,15514.675,34.1733,13552.2267,34.205,12437.6525,34.158,12241.464,33.9125,12012.7162,33.727,12037.274,32.6733,10467.8067,31.8255,8838.376
1932,20110720,002557.SZ,33.31,34.82,32.79,34.82,33.05,1.77,5.36,16575.28,55921.4433,3.3151,1.47,33.935,13101.305,34.0567,11765.5133,34.035,11688.3125,34.034,11832.142,33.7775,12349.4862,33.476,12489.229,32.3233,9750.7353,31.5205,8186.5855
1933,20110719,002557.SZ,34.01,34.17,33.0,33.05,34.3,-1.25,-3.64,9627.33,32046.6506,1.9255,0.87,33.675,9360.63,33.7733,10059.3233,33.8375,10646.3575,33.84,11251.34,33.475,11167.9237,33.046,11155.567,31.952,8819.146,31.2095,7621.597
1934,20110718,002557.SZ,33.9,34.42,33.8,34.3,33.97,0.33,0.97,9093.93,31032.0948,1.8188,0.72,34.135,10275.32,34.1,10986.0333,34.0375,11657.3425,33.756,11089.01,33.3613,12336.21,32.791,10796.906,31.7113,8385.75,30.962,7425.3
1935,20110715,002557.SZ,33.65,34.38,33.64,33.97,34.03,-0.06,-0.18,11456.71,39115.8472,2.2913,0.97,34.0,11932.085,33.95,12511.8133,33.62,11587.78,33.61,12699.87,32.8888,11604.3012,32.352,10286.076,31.382,8205.1753,30.6265,7388.8395
1936,20110714,002557.SZ,33.98,34.56,33.46,34.03,33.85,0.18,0.53,12407.46,42212.5228,2.4815,0.94,33.94,13039.365,33.5033,11631.47,33.52,13010.66,33.296,11833.084,32.455,10927.3025,31.931,9580.978,31.048,7704.0133,30.359,7038.4755
1937,20110713,002557.SZ,32.58,33.9,32.58,33.85,32.63,1.22,3.74,13671.27,45946.7259,2.7343,1.24,33.24,11243.475,33.35,13211.7267,33.1125,11689.49,32.918,13146.316,31.94,9874.5737,31.468,8710.032,30.6827,6971.4,30.1335,6635.2775
1938,20110712,002557.SZ,33.35,33.35,32.6,32.63,33.57,-0.94,-2.8,8815.68,28976.4841,1.7631,0.84,33.1,12981.955,32.8667,11028.8967,32.685,13015.0775,32.252,11059.794,31.4288,8716.3812,31.008,7603.049,30.3327,6411.6827,29.9555,6299.3135
1939,20110711,002557.SZ,32.51,33.77,32.51,33.57,32.4,1.17,3.61,17148.23,57132.1211,3.4296,2.18,32.985,12135.505,32.7033,14414.8767,32.1575,11620.8225,31.826,10504.802,31.025,8076.6712,30.689,7034.12,30.0307,6204.0633,29.8315,6241.693
1940,20110708,002557.SZ,31.91,32.8,31.68,32.4,32.14,0.26,0.81,7122.78,23043.8661,1.4246,0.97,32.27,13048.2,31.6867,9778.3533,31.39,8843.945,31.094,7872.282,30.485,6258.3225,30.268,5957.828,29.632,5618.496,29.6525,5878.1785
1941,20110707,002557.SZ,31.0,33.4,31.0,32.14,30.52,1.62,5.31,18973.62,61715.7839,3.7947,4.44,31.33,11106.14,31.0533,9417.6667,30.7675,8059.6575,30.566,7328.872,30.115,5758.7737,29.924,5639.478,29.38,5440.2727,29.488,6142.922
1942,20110705,002557.SZ,30.5,30.64,30.29,30.52,30.5,0.02,0.07,3238.66,9878.5928,0.6477,0.78,30.51,4639.69,30.31,4421.67,30.1725,4417.685,30.018,4273.748,29.7675,4185.235,29.565,3883.942,29.2053,4464.9313,29.306,5607.5295
1943,20110704,002557.SZ,29.92,30.5,29.8,30.5,29.91,0.59,1.97,6040.72,18284.0697,1.2081,1.7,30.205,5013.175,30.0567,4810.6933,29.8925,4532.52,29.764,4146.304,29.5725,4272.8125,29.373,4087.627,29.19,4712.4867,29.225,5729.6835
1944,20110701,002557.SZ,29.75,30.13,29.65,29.91,29.76,0.15,0.5,3985.63,11923.7511,0.7971,0.99,29.835,4195.68,29.69,4029.7867,29.58,3672.7,29.552,3563.438,29.3288,3695.005,29.133,4053.694,29.1667,4820.6567,29.1515,5673.327
1945,20110630,002557.SZ,29.45,29.76,29.0,29.76,29.4,0.36,1.22,4405.73,12995.2811,0.8811,1.12,29.58,4051.865,29.47,3568.39,29.4625,3457.89,29.442,4043.374,29.165,3856.24,28.901,4491.603,29.172,5213.4773,29.1065,5822.7165
1946,20110629,002557.SZ,29.25,29.65,29.01,29.4,29.25,0.15,0.51,3698.0,10869.3892,0.7396,1.06,29.325,3149.72,29.3633,3141.9433,29.3625,3952.785,29.282,3950.084,28.9575,4018.1975,28.787,4495.973,29.1287,5747.6053,29.113,5717.755
1947,20110628,002557.SZ,29.45,29.54,29.0,29.25,29.44,-0.19,-0.65,2601.44,7600.9668,0.5203,0.65,29.345,2863.915,29.35,4037.7133,29.2525,4013.105,29.112,3494.136,28.7313,4601.5375,28.799,4560.523,29.0687,6052.1233,29.1265,5624.2845
1948,20110627,002557.SZ,29.36,29.7,29.34,29.44,29.36,0.08,0.27,3126.39,9218.3173,0.6253,0.69,29.4,4755.85,29.2533,4483.66,29.0775,3717.31,28.982,4028.95,28.6525,4832.5362,28.903,4995.578,29.0453,6257.4767,29.136,5587.5375
1949,20110624,002557.SZ,28.8,29.87,28.66,29.36,28.96,0.4,1.38,6385.31,18767.1034,1.2771,1.29,29.16,5162.295,28.9567,3914.2833,28.8675,4254.59,28.714,4543.95,28.6625,4984.675,28.974,5449.266,29.018,6376.6233,29.147,5606.584
1950,20110623,002557.SZ,28.55,28.99,28.18,28.96,28.55,0.41,1.44,3939.28,11291.9111,0.7879,0.78,28.755,2678.77,28.7033,3544.35,28.5525,4083.61,28.36,4939.832,28.7788,5055.51,29.037,5798.529,28.9947,6415.8307,29.219,5379.373
1951,20110622,002557.SZ,28.6,28.7,28.48,28.55,28.6,-0.05,-0.17,1418.26,4052.2295,0.2837,0.25,28.575,3346.885,28.4167,4131.72,28.21,5189.97,28.292,5041.862,28.9275,5521.0087,29.052,6646.366,29.0567,6306.9787,29.3245,5269.1935
1952,20110621,002557.SZ,27.95,28.68,27.9,28.6,28.1,0.5,1.78,5275.51,14984.8958,1.0551,0.88,28.35,5488.45,28.0967,6447.2067,28.2275,5947.7625,28.486,5626.91,29.1075,6578.4687,29.047,7331.117,29.1313,6334.334,29.486,5297.403
1953,20110620,002557.SZ,27.72,28.15,27.54,28.1,27.59,0.51,1.85,5701.39,15913.8583,1.1403,0.9,27.845,7033.055,28.1033,6171.8467,28.4575,5714.76,28.824,5962.206,29.1713,7471.2362,29.077,7371.74,29.1873,6107.0667,29.6495,5204.0525
1954,20110617,002557.SZ,28.79,28.99,27.51,27.59,28.62,-1.03,-3.6,8364.72,23561.1491,1.6729,1.26,28.105,6407.075,28.5767,5719.2167,29.005,6027.41,29.234,6354.582,29.2213,7791.7837,29.17,7292.96,29.2913,5960.7953,29.911,4985.358
1955,20110616,002557.SZ,29.7,29.7,28.51,28.62,29.52,-0.9,-3.05,4449.43,12937.1946,0.8899,0.54,29.07,4396.465,29.4767,5248.3067,29.645,5852.0475,29.714,6657.226,29.385,7456.4112,29.312,7153.83,29.5053,5525.8867,30.21,4631.6925
1956,20110615,002557.SZ,29.95,30.28,29.52,29.52,30.29,-0.77,-2.54,4343.5,12951.8861,0.8687,0.48,29.905,5647.745,29.9867,6319.5867,29.9875,7209.175,29.812,8250.87,29.4363,7514.4312,29.439,6939.537,29.6687,5344.9707,30.4615,4516.2595
1957,20110614,002557.SZ,30.11,30.39,29.69,30.29,30.15,0.14,0.46,6951.99,20873.07,1.3904,0.79,30.22,7307.63,30.1433,8164.4,29.885,9227.7125,29.608,9035.324,29.3725,7843.1712,29.454,6688.046,29.8193,5187.5673,30.649,4381.7855
1958,20110613,002557.SZ,29.71,30.4,29.34,30.15,29.99,0.16,0.53,7663.27,22962.4086,1.5327,0.93,30.07,8770.605,29.75,9986.2867,29.4375,9556.1575,29.33,8781.274,29.3225,7262.485,29.369,6179.497,29.9247,4951.3347,30.8065,4134.2595
1959,20110610,002557.SZ,29.11,30.0,28.7,29.99,29.11,0.88,3.02,9877.94,29120.5619,1.9756,1.29,29.55,11147.795,29.2,10187.12,29.125,9060.775,29.106,8231.338,29.2625,6533.15,29.32,5763.902,30.1367,4528.95,30.976,3902.078
1960,20110609,002557.SZ,28.5,29.5,28.23,29.11,28.5,0.61,2.14,12417.65,36201.6597,2.4835,2.21,28.805,10341.71,28.8367,8788.3867,28.885,7819.6875,28.91,7650.434,29.1938,5531.72,29.401,4960.217,30.3753,3956.5147,31.1605,3543.7995
1961,20110608,002557.SZ,28.69,28.93,28.18,28.5,28.9,-0.4,-1.38,8265.77,23540.6763,1.6532,1.9,28.7,6973.755,28.81,6287.0333,28.86,6458.63,29.066,5628.204,29.2625,4417.9287,29.597,3892.021,30.678,3271.3893,31.41,2984.597
1962,20110607,002557.SZ,29.14,29.27,28.74,28.9,29.03,-0.13,-0.45,5681.74,16494.1483,1.1363,1.59,28.965,5297.665,28.98,5856.25,29.2075,4968.8125,29.3,4340.768,29.55,3614.8437,29.925,3263.689,30.996,2830.606,31.6915,2685.658
1963,20110603,002557.SZ,29.01,29.25,28.73,29.03,29.01,0.02,0.07,4913.59,14284.2367,0.9827,1.49,29.02,5943.505,29.31,4731.17,29.4,4005.525,29.408,3577.72,29.8213,3121.5875,30.222,3036.365,31.2987,2585.2547,31.969,2511.446
1964,20110602,002557.SZ,29.73,29.73,28.59,29.01,29.89,-0.88,-2.94,6973.42,20264.5115,1.3947,3.07,29.45,4639.96,29.5233,3702.8367,29.5025,3243.7525,29.534,3296.466,30.165,2755.195,30.652,2677.756,31.5993,2458.9913,32.235,2378.133
1965,20110601,002557.SZ,29.6,29.89,29.51,29.89,29.67,0.22,0.74,2306.5,6862.8677,0.5766,1.07,29.78,2067.545,29.6667,2000.53,29.665,2377.2275,29.892,2270.0,30.5225,2309.58,31.108,2109.555,31.9107,2174.9213,32.51,2274.1425
1966,20110531,002557.SZ,29.49,29.68,29.2,29.67,29.44,0.23,0.78,1828.59,5381.014,0.4571,0.84,29.555,1847.545,29.59,2400.8033,29.8925,2260.875,30.128,2155.838,30.9525,2187.205,31.484,2092.982,32.1913,2103.3947,32.7205,2306.2485
1967,20110530,002557.SZ,29.76,29.76,29.2,29.44,29.66,-0.22,-0.74,1866.5,5498.451,0.4666,0.75,29.55,2686.91,29.9667,2404.97,30.2425,2237.65,30.55,2186.61,31.44,2120.0575,31.844,2075.525,32.4887,2133.9547,32.9415,2317.914
1968,20110527,002557.SZ,30.0,30.5,29.5,29.66,30.8,-1.14,-3.7,3507.32,10456.3793,0.8768,1.7,30.23,2674.205,30.51,2361.3667,30.8275,2266.6375,31.036,2495.01,31.9663,2154.3412,32.244,2089.022,32.8227,2156.0213,33.1715,2392.3325
1969,20110526,002557.SZ,31.2,31.6,30.8,30.8,31.07,-0.27,-0.87,1841.09,5733.9,0.4603,0.94,30.935,1788.39,31.2167,1853.0767,31.38,2241.9325,31.77,2059.046,32.4175,1922.6787,32.632,2040.254,33.1353,2072.022,33.3885,2465.641
1970,20110525,002557.SZ,31.63,31.8,31.03,31.07,31.78,-0.71,-2.23,1735.69,5459.5486,0.4339,0.85,31.425,1859.07,31.5733,2375.5467,32.0125,2113.535,32.324,1949.11,32.7475,1942.7262,32.92,2127.382,33.3827,2275.5233,33.567,2567.0205
1971,20110524,002557.SZ,31.58,31.79,31.49,31.78,31.87,-0.09,-0.28,1982.45,6264.3668,0.4956,1.01,31.825,2695.475,32.3267,2239.4833,32.6375,2002.465,32.84,2030.126,33.0563,2103.22,33.223,2077.173,33.5847,2356.3853,33.7395,2874.301
1972,20110523,002557.SZ,33.21,33.21,31.87,31.87,33.33,-1.46,-4.38,3408.5,11076.173,0.8521,2.03,32.6,2368.0,32.9233,2009.1367,33.105,2042.045,33.138,1964.44,33.2938,2194.46,33.458,2107.627,33.7387,2361.682,33.9015,3003.533
1973,20110520,002557.SZ,33.4,33.6,33.3,33.33,33.57,-0.24,-0.71,1327.5,4432.4045,0.3319,0.66,33.45,1309.455,33.5167,1586.56,33.455,1603.425,33.452,1683.034,33.5725,1922.5975,33.716,1986.527,33.8833,2358.1067,34.083,3091.8625
1974,20110519,002557.SZ,33.65,33.68,33.45,33.57,33.65,-0.08,-0.24,1291.41,4333.7571,0.3229,0.56,33.61,1716.09,33.4967,1695.4,33.4825,1771.9175,33.494,2021.462,33.6725,2042.5337,33.818,2078.51,33.928,2601.1727,34.194,3219.106
1975,20110518,002557.SZ,33.27,33.7,33.27,33.65,33.27,0.38,1.14,2140.77,7190.6328,0.5352,1.01,33.46,1897.395,33.4533,1932.0867,33.475,2203.975,33.516,2305.654,33.7825,2155.795,33.912,2438.73,33.9813,2772.9907,34.2985,3320.594
1976,20110517,002557.SZ,33.5,33.5,33.12,33.27,33.44,-0.17,-0.51,1654.02,5502.9286,0.4135,0.73,33.355,1827.745,33.4167,2225.0433,33.4825,2346.875,33.606,2124.22,33.87,2169.115,33.957,2519.515,34.0393,3155.6927,34.395,3501.902
1977,20110516,002557.SZ,33.74,33.74,33.36,33.44,33.54,-0.1,-0.3,2001.47,6718.0156,0.5004,0.87,33.49,2510.555,33.5533,2577.8267,33.69,2241.77,33.778,2250.814,34.025,2574.0637,34.039,2560.303,34.156,3349.8973,34.525,3712.79
1978,20110513,002557.SZ,33.69,33.74,33.12,33.54,33.68,-0.14,-0.42,3019.64,10100.4268,0.7549,1.41,33.61,2866.005,33.7733,2321.87,33.8625,2313.15,33.98,2290.02,34.1075,2692.4575,34.099,2695.643,34.2933,3561.472,34.6545,4101.1045
1979,20110512,002557.SZ,34.05,34.05,33.68,33.68,34.1,-0.42,-1.23,2712.37,9175.8979,0.6781,1.05,33.89,1972.985,33.97,2077.6533,34.09,2107.615,34.142,2135.558,34.1763,2572.74,34.145,2891.028,34.4273,3618.3207,34.8135,4163.55
1980,20110511,002557.SZ,34.0,34.22,34.0,34.1,34.13,-0.03,-0.09,1233.6,4208.7256,0.3084,0.42,34.115,1760.295,34.2267,1906.03,34.2575,1991.355,34.308,2571.806,34.2213,2653.0525,34.214,3006.659,34.5593,3658.9073,34.967,4226.281
1981,20110510,002557.SZ,34.48,34.58,34.09,34.13,34.45,-0.32,-0.93,2286.99,7825.5749,0.5717,0.8,34.29,2242.245,34.31,2243.94,34.36,2906.3575,34.308,2914.81,34.2088,3120.5387,34.256,3671.429,34.658,3961.1293,35.0915,4381.336
1982,20110509,002557.SZ,34.4,34.78,34.4,34.45,34.35,0.1,0.29,2197.5,7604.8005,0.5494,0.71,34.4,2222.415,34.4367,3112.8133,34.3525,3071.765,34.3,2869.792,34.2388,3318.25,34.345,3899.439,34.774,4200.1153,35.21,4468.351
1983,20110506,002557.SZ,34.44,34.53,34.22,34.35,34.51,-0.16,-0.46,2247.33,7724.9278,0.5618,0.62,34.43,3570.47,34.32,3363.1867,34.2625,3037.865,34.218,3101.266,34.2475,4028.725,34.45,4197.198,34.8793,4704.7993,35.3155,4553.1745
1984,20110505,002557.SZ,33.98,34.68,33.95,34.51,34.1,0.41,1.2,4893.61,16859.2829,1.2234,1.42,34.305,3921.115,34.2333,3301.3767,34.185,3314.75,34.148,3646.498,34.3313,4318.695,34.57,4359.702,35.0373,4839.5473,35.427,4683.621
1985,20110504,002557.SZ,34.0,34.2,33.85,34.1,34.09,0.01,0.03,2948.62,10029.1675,0.7372,0.67,34.095,2505.26,34.0767,2788.4633,34.0575,3334.72,34.12,3441.512,34.455,4353.88,34.685,4202.458,35.1867,4777.7727,35.5225,4600.3495
1986,20110503,002557.SZ,34.1,34.14,33.75,34.09,34.04,0.05,0.15,2061.9,6998.6122,0.5155,0.42,34.065,2708.385,34.0433,3463.42,34.125,3564.735,34.204,4428.048,34.6363,4469.3487,34.833,4484.289,35.3527,4870.178,35.63,4744.208
1987,20110429,002557.SZ,33.98,34.09,33.62,34.04,34.0,0.04,0.12,3354.87,11373.9309,0.8387,0.63,34.02,4164.18,34.1367,4065.68,34.2325,5019.585,34.39,4929.086,34.8325,4626.7575,35.011,4865.277,35.5133,5001.204,35.7555,4956.6505
1988,20110428,002557.SZ,34.5,34.5,33.64,34.0,34.37,-0.37,-1.08,4973.49,16903.7054,1.2434,0.98,34.185,4421.085,34.2967,5574.49,34.4775,5322.64,34.682,5293.13,35.025,4928.265,35.21,5506.566,35.6813,5037.144,35.8885,5284.835
1989,20110427,002557.SZ,34.23,34.51,34.21,34.37,34.52,-0.15,-0.43,3868.68,13272.6929,0.9672,0.78,34.445,5874.99,34.6367,5439.0233,34.8525,5373.04,34.992,5072.906,35.2588,5040.5512,35.482,5436.072,35.8533,5029.3287,36.0385,5507.2605
1990,20110426,002557.SZ,35.02,35.09,34.0,34.52,35.02,-0.5,-1.43,7881.3,27164.7654,1.9703,1.74,34.77,6224.195,35.0133,5874.4933,35.1475,5373.9625,35.25,4963.404,35.4663,5777.9362,35.72,5445.903,35.99,4986.6287,36.177,5598.2655
1991,20110425,002557.SZ,35.45,35.51,35.01,35.02,35.5,-0.48,-1.35,4567.09,16044.2151,1.1418,0.95,35.26,4871.09,35.3567,4538.1833,35.4325,4233.93,35.462,4540.53,35.7413,5326.3425,35.927,5091.243,36.1053,4849.5947,36.3,5606.8865
1992,20110422,002557.SZ,35.53,35.53,35.31,35.5,35.55,-0.05,-0.14,5175.09,18332.1967,1.2938,0.9,35.525,4523.73,35.57,4122.8767,35.5725,4533.89,35.632,4801.468,35.9575,5251.33,36.075,5037.263,36.2107,4965.8387,36.41,5820.4685
1993,20110421,002557.SZ,35.66,35.69,35.49,35.55,35.66,-0.11,-0.31,3872.37,13768.4835,0.9681,0.67,35.605,3596.77,35.5967,4320.1567,35.665,4708.0625,35.738,5720.002,36.0938,5146.2812,36.181,4909.151,36.2907,5282.07,36.511,6558.58
1994,20110420,002557.SZ,35.5,35.7,35.49,35.66,35.58,0.08,0.22,3321.17,11822.6861,0.8303,0.56,35.62,4544.05,35.7033,4986.6267,35.785,6181.91,35.972,5799.238,36.2125,5165.6462,36.284,5007.54,36.3873,5652.0453,36.577,6719.084
1995,20110419,002557.SZ,35.73,35.73,35.46,35.58,35.87,-0.29,-0.81,5766.93,20494.9879,1.4417,1.02,35.725,5819.355,35.8267,7135.49,36.05,6418.755,36.19,5928.402,36.325,5237.2462,36.36,4998.241,36.486,5809.886,36.6445,6806.429
1996,20110418,002557.SZ,36.09,36.13,35.8,35.87,36.03,-0.16,-0.44,5871.78,21078.9086,1.4679,1.11,35.95,7819.77,36.2067,6636.03,36.3425,5968.77,36.392,5641.956,36.45,5123.4125,36.427,5004.127,36.5793,5962.3387,36.7115,7152.1105
1997,20110415,002557.SZ,36.5,36.56,35.99,36.03,36.72,-0.69,-1.88,9767.76,35338.2628,2.4419,2.38,36.375,7018.155,36.5,6001.1,36.5225,5584.5,36.518,5273.058,36.5188,4792.9625,36.5,5048.024,36.6693,6160.1353,36.7795,7297.695
1998,20110414,002557.SZ,36.76,36.85,36.62,36.72,36.75,-0.03,-0.08,4268.55,15668.1643,1.0671,1.01,36.735,4117.77,36.6867,4190.08,36.64,4149.3825,36.624,4098.3,36.5463,4300.2162,36.567,5063.104,36.7687,6838.106,36.839,7766.415
1999,20110413,002557.SZ,36.5,36.75,36.48,36.75,36.59,0.16,0.44,3966.99,14523.7163,0.9917,0.98,36.67,4150.845,36.6133,4109.66,36.6,4055.7375,36.596,4215.842,36.5313,4555.4912,36.595,5578.449,36.7787,7025.6993,36.8845,8006.1145
2000,20110412,002557.SZ,36.48,36.68,36.42,36.59,36.5,0.09,0.25,4334.7,15827.7743,1.0837,0.99,36.545,4180.995,36.55,4085.32,36.5575,4278.055,36.53,4068.08,36.525,5299.4375,36.634,5750.628,36.796,7099.1047,36.923,8476.1075
2001,20110411,002557.SZ,36.6,36.69,36.46,36.5,36.56,-0.06,-0.16,4027.29,14710.0108,1.0068,0.84,36.53,3960.63,36.5467,4259.1733,36.515,4001.425,36.462,4366.298,36.5763,5935.35,36.673,6122.53,36.818,7655.4953,36.9735,8930.5905
2002,20110408,002557.SZ,36.58,36.74,36.41,36.56,36.58,-0.02,-0.05,3893.97,14232.1066,0.9735,0.65,36.57,4375.115,36.52,3992.8033,36.4525,4451.05,36.482,4822.99,36.6563,6143.0362,36.745,6603.674,36.8667,7972.574,37.0345,9459.844
2003,20110407,002557.SZ,36.42,36.75,36.31,36.58,36.42,0.16,0.44,4856.26,17738.3534,1.2141,0.7,36.5,4042.22,36.4167,4636.7433,36.4625,5055.245,36.51,6027.908,36.7088,6663.005,36.841,8208.009,36.9107,8989.12,37.092,10026.6835
2004,20110401,002557.SZ,36.37,36.46,36.22,36.42,36.25,0.17,0.47,3228.18,11724.4358,0.807,0.43,36.335,4526.985,36.4233,5121.5733,36.4925,6320.82,36.594,6941.056,36.7888,7160.8137,36.87,8430.628,36.9807,9269.5387,37.162,10933.957
2005,20110331,002557.SZ,36.55,36.74,36.21,36.25,36.6,-0.35,-0.96,5825.79,21201.5757,1.4564,0.74,36.425,6068.27,36.5167,7351.7,36.6375,7869.275,36.738,7433.176,36.9263,9249.4562,36.929,8614.617,37.054,9945.45,37.2305,11751.329
2006,20110330,002557.SZ,36.7,36.72,36.5,36.6,36.7,-0.1,-0.27,6310.75,23092.5653,1.5777,0.75,36.65,8114.655,36.7667,8550.4367,36.86,7835.0225,36.884,7878.762,37.0038,9406.5387,36.996,9300.094,37.144,10452.0213,37.3005,13791.027
2007,20110329,002557.SZ,36.91,36.99,36.58,36.7,37.0,-0.3,-0.81,9918.56,36388.7217,2.4796,0.95,36.85,9670.28,36.9467,8343.1133,36.955,8270.765,37.008,8384.358,37.055,9251.2037,37.059,9547.366,37.2187,11005.462,37.3815,19522.0635
2008,20110328,002557.SZ,37.14,37.25,36.85,37.0,37.14,-0.14,-0.38,9422.0,34829.6187,2.3555,0.95,37.07,7555.39,37.04,7721.5,37.085,8000.8075,37.172,10388.11,37.0825,9596.4537,37.111,10469.726,37.286,11359.6087,,
2009,20110325,002557.SZ,36.97,37.17,36.97,37.14,36.98,0.16,0.43,5688.78,21078.6143,1.4222,0.58,37.06,6871.25,37.1133,7527.0767,37.215,10629.6375,37.146,9920.2,37.1113,9516.6375,37.174,10433.78,37.3513,12264.924,,
2010,20110324,002557.SZ,37.19,37.35,36.89,36.98,37.22,-0.24,-0.64,8053.72,29841.8008,2.0134,0.75,37.1,8446.225,37.24,12276.59,37.1475,10978.055,37.12,9796.058,37.1213,11198.31,37.212,11201.587,37.3947,13190.7133,,
2011,20110323,002557.SZ,37.45,37.54,36.88,37.22,37.52,-0.3,-0.8,8838.73,32845.4652,2.2097,0.83,37.37,14388.025,37.2033,11952.8333,37.155,10231.6425,37.108,10721.426,37.2025,11324.4125,37.274,11738.651,37.4393,15761.782,,
2012,20110322,002557.SZ,36.87,37.85,36.86,37.52,36.87,0.65,1.76,19937.32,74613.9275,4.9843,1.89,37.195,13509.885,37.1333,10695.9467,37.08,11192.1,37.11,10710.374,37.24,11890.4275,37.324,12316.014,37.506,23234.632,,
2013,20110321,002557.SZ,37.0,37.01,36.83,36.87,37.01,-0.14,-0.38,7082.45,26124.0731,1.7706,0.65,36.94,6075.26,36.9333,8277.0267,37.0075,8403.6375,37.05,10551.342,37.25,11076.3075,37.343,11845.358,,,,
2014,20110318,002557.SZ,36.92,37.11,36.92,37.01,36.92,0.09,0.24,5068.07,18750.0334,1.267,0.4,36.965,8874.315,37.0533,8844.0333,37.095,11418.565,37.202,10947.36,37.3563,12017.5462,37.454,13437.286,,,,
2015,20110317,002557.SZ,37.18,37.18,36.81,36.92,37.23,-0.31,-0.83,12680.56,46815.5078,3.1701,0.99,37.075,10732.015,37.1233,13535.3967,37.25,12417.1825,37.304,12607.116,37.4438,13287.8825,37.532,14888.041,,,,
2016,20110316,002557.SZ,37.18,37.35,37.06,37.23,37.22,0.01,0.03,8783.47,32656.9795,2.1959,0.63,37.225,13962.815,37.36,12329.39,37.4,12588.755,37.44,12755.876,37.5763,14578.0287,37.605,18281.96,,,,
2017,20110315,002557.SZ,37.56,37.6,37.01,37.22,37.63,-0.41,-1.09,19142.16,71149.5254,4.7855,1.46,37.425,14102.35,37.4567,13857.1833,37.4925,13748.9775,37.538,13921.654,37.6463,15927.0475,37.704,29496.761,,,,
2018,20110314,002557.SZ,37.5,37.75,37.5,37.63,37.52,0.11,0.29,9062.54,34054.9257,2.2656,0.57,37.575,11214.695,37.5833,11951.25,37.6175,12616.5275,37.636,13139.374,37.7,19361.7462,,,,,,
2019,20110311,002557.SZ,37.68,37.73,37.51,37.52,37.6,-0.08,-0.21,13366.85,50229.5756,3.3417,0.78,37.56,13395.605,37.6133,13801.19,37.6375,14158.5825,37.706,15927.212,37.7738,33345.3637,,,,,,
2020,20110310,002557.SZ,37.7,37.86,37.5,37.6,37.72,-0.12,-0.32,13424.36,50552.1394,3.3561,0.56,37.66,14018.36,37.6767,14422.4933,37.7525,16567.3025,37.76,17168.966,,,,,,,,
2021,20110309,002557.SZ,37.69,37.86,37.62,37.72,37.71,0.01,0.03,14612.36,55114.0814,3.6531,0.32,37.715,14921.56,37.8033,17614.95,37.8,18105.1175,37.77,23808.044,,,,,,,,
2022,20110308,002557.SZ,37.9,37.9,37.63,37.71,37.98,-0.27,-0.71,15230.76,57426.0061,3.8077,,37.845,19116.245,37.8267,19269.37,37.7825,26106.965,37.87,45071.868,,,,,,,,
2023,20110307,002557.SZ,37.79,37.98,37.6,37.98,37.79,0.19,0.5,23001.73,86764.9702,5.7504,,37.885,21288.675,37.8067,29732.3667,37.91,52532.145,,,,,,,,,,
2024,20110304,002557.SZ,37.75,37.94,37.5,37.79,37.65,0.14,0.37,19575.62,73902.8763,4.8939,,37.72,33097.685,37.8867,62375.6167,,,,,,,,,,,,
2025,20110303,002557.SZ,38.28,38.47,37.5,37.65,38.22,-0.57,-1.49,46619.75,176382.2837,11.6549,,37.935,83775.615,,,,,,,,,,,,,,
2026,20110302,002557.SZ,40.0,40.0,38.0,38.22,40.0,-1.78,-4.45,120931.48,465385.7066,30.2329,,,,,,,,,,,,,,,,,
