,trade_date,ts_code,open,high,low,close,pre_close,change,pct_chg,vol,amount,turnover_rate,volume_ratio,ma2,ma_v_2,ma3,ma_v_3,ma4,ma_v_4,ma5,ma_v_5,ma8,ma_v_8,ma10,ma_v_10,ma15,ma_v_15,ma20,ma_v_20
0,20190830,300665.SZ,10.33,10.39,10.02,10.08,10.25,-0.17,-1.6585,16180.8,16520.515,2.2188,1.61,10.165,13648.0,10.1833,11902.2,10.195,12397.835,10.152,11674.948,10.15,10566.22,10.146,11106.602,10.044,11204.8953,10.0215,11809.433
1,20190829,300665.SZ,10.27,10.39,10.19,10.25,10.22,0.03,0.2935,11115.2,11431.987,1.5242,1.19,10.235,9762.9,10.2333,11136.8467,10.17,10548.485,10.16,10024.896,10.1538,9957.7637,10.123,10728.465,10.0227,10846.0973,10.03,11760.5495
2,20190828,300665.SZ,10.25,10.25,10.14,10.22,10.23,-0.01,-0.0978,8410.6,8574.627,1.1533,0.86,10.225,11147.67,10.1433,10359.58,10.1375,9752.32,10.14,9309.856,10.1413,10471.2525,10.081,10789.565,9.9993,10699.5773,10.0445,11711.2985
3,20190827,300665.SZ,10.1,10.28,9.99,10.23,9.98,0.25,2.505,13884.74,14125.013,1.9039,1.5,10.105,11334.07,10.11,10199.56,10.12,9534.67,10.13,9764.632,10.095,10969.8562,10.045,11351.54,9.9767,10977.6573,10.062,11814.4035
4,20190826,300665.SZ,9.94,10.02,9.88,9.98,10.12,-0.14,-1.3834,8783.4,8738.248,1.2044,0.83,10.05,8356.97,10.0833,8084.6467,10.105,8734.605,10.106,9250.314,10.045,10700.0387,10.0,10753.586,9.96,11518.1413,10.082,11830.063
5,20190823,300665.SZ,10.2,10.2,10.1,10.12,10.15,-0.03,-0.2956,7930.54,8045.009,1.0875,0.69,10.135,7735.27,10.1467,8718.34,10.1375,9367.0425,10.14,10538.256,10.03,11355.9075,9.99,10969.869,9.978,11854.2613,10.1115,11839.493
6,20190822,300665.SZ,10.2,10.22,10.04,10.15,10.17,-0.02,-0.1967,7540.0,7629.647,1.0339,0.61,10.16,9112.24,10.1433,9845.8767,10.145,11190.185,10.086,11432.034,9.9875,11352.74,9.954,11256.698,9.9867,12339.1007,10.1335,12249.2155
7,20190821,300665.SZ,10.12,10.24,10.07,10.17,10.11,0.06,0.5935,10684.48,10868.779,1.4651,0.83,10.14,10998.815,10.1433,12406.9133,10.07,12405.0425,10.022,12269.274,9.9537,11778.5187,9.929,11394.438,10.0127,12511.7793,10.153,12761.013
8,20190820,300665.SZ,10.15,10.19,10.1,10.11,10.15,-0.04,-0.3941,11313.15,11477.763,1.5513,0.92,10.13,13268.13,10.0367,12978.5633,9.985,12665.4725,9.96,12938.448,9.9025,11792.8125,9.9,11584.17,10.0393,12497.6607,10.1715,12851.2085
9,20190819,300665.SZ,9.94,10.17,9.88,10.15,9.85,0.3,3.0457,15223.11,15303.717,2.0875,1.34,10.0,13811.27,9.9433,13116.2467,9.9225,13344.7725,9.894,12256.858,9.8762,11493.3437,9.887,12652.055,10.074,12689.9793,10.188,13012.886
10,20190816,300665.SZ,9.75,9.95,9.73,9.85,9.83,0.02,0.2035,12399.43,12255.214,1.7003,1.12,9.84,12062.815,9.8467,12718.66,9.83,11515.295,9.84,11401.482,9.8425,11163.18,9.897,12512.264,10.102,12273.2387,10.191,12948.3755
11,20190815,300665.SZ,9.66,9.83,9.61,9.83,9.86,-0.03,-0.3043,11726.2,11380.717,1.6079,1.11,9.845,12878.275,9.8233,11220.5833,9.8375,11151.995,9.822,11081.362,9.8587,12362.2512,9.937,12792.634,10.1493,12521.6093,10.225,13011.804
12,20190814,300665.SZ,9.9,9.97,9.81,9.86,9.78,0.08,0.818,14030.35,13889.689,1.9239,1.37,9.82,10967.775,9.84,10960.5933,9.82,10920.1525,9.836,10519.602,9.9112,12624.6262,10.008,12633.032,10.1967,12924.926,10.2535,13172.393
13,20190813,300665.SZ,9.78,9.84,9.74,9.78,9.88,-0.1,-1.0121,7905.2,7731.729,1.084,0.61,9.83,9425.715,9.8067,9883.42,9.83,9641.915,9.84,10229.892,9.96,12771.2237,10.079,12277.267,10.242,12822.1287,10.296,13066.6345
14,20190812,300665.SZ,9.76,9.92,9.72,9.88,9.76,0.12,1.2295,10946.23,10737.377,1.501,0.8,9.82,10872.53,9.8467,10220.82,9.855,10811.065,9.88,13047.252,10.055,13049.3462,10.164,12906.54,10.286,13264.8953,10.3415,13316.6945
15,20190809,300665.SZ,9.92,10.01,9.69,9.76,9.9,-0.14,-1.4141,10798.83,10628.678,1.4808,0.74,9.83,9858.115,9.8467,10766.01,9.88,13572.5075,9.954,13623.046,10.1412,12990.155,10.233,12709.117,10.308,13464.0067,10.385,13712.313
16,20190808,300665.SZ,9.98,9.99,9.84,9.9,9.88,0.02,0.2024,8917.4,8838.144,1.2228,0.6,9.89,10749.6,9.92,14497.0667,10.0025,14329.1,10.052,14503.906,10.25,13415.0425,10.313,13241.733,10.3593,13655.2847,10.435,13627.827
17,20190807,300665.SZ,9.95,10.13,9.84,9.88,9.98,-0.1,-1.002,12581.8,12589.102,1.7253,0.88,9.93,17286.9,10.0367,16133.0,10.09,15900.5325,10.18,14746.462,10.3337,13421.8675,10.377,14127.588,10.3927,14056.6567,10.474,13886.797
18,20190806,300665.SZ,10.11,10.21,9.75,9.98,10.25,-0.27,-2.6341,21992.0,21855.408,3.0156,1.72,10.115,17908.6,10.16,17006.7767,10.255,15287.6275,10.318,14324.642,10.4187,13864.7662,10.443,14118.247,10.448,14012.2153,10.511,13969.1265
19,20190805,300665.SZ,10.27,10.46,10.22,10.25,10.25,0.0,0.0,13825.2,14293.029,1.8958,1.17,10.25,14514.165,10.3467,13052.8367,10.4025,12407.8025,10.448,12765.828,10.4887,13337.76,10.489,13373.717,10.4953,13406.5087,10.5465,13383.418
20,20190802,300665.SZ,10.4,10.43,10.25,10.25,10.54,-0.29,-2.7514,15203.13,15702.436,2.0847,1.27,10.395,12666.655,10.4533,11935.3367,10.4975,12500.985,10.512,11795.188,10.525,13170.6587,10.485,13384.487,10.5287,13742.0687,10.563,13887.9285
21,20190801,300665.SZ,10.51,10.62,10.45,10.54,10.57,-0.03,-0.2838,10130.18,10667.887,1.3891,0.75,10.555,10301.44,10.58,11600.27,10.5775,10943.2025,10.574,11979.56,10.5487,13088.605,10.513,13230.974,10.5627,13335.8007,10.611,13660.9375
22,20190731,300665.SZ,10.65,10.66,10.55,10.57,10.63,-0.06,-0.5644,10472.7,11097.062,1.4361,0.75,10.6,12335.315,10.59,11214.21,10.5825,12441.905,10.574,13508.714,10.5075,13563.945,10.499,13711.754,10.572,13600.242,10.6425,13919.3855
23,20190730,300665.SZ,10.58,10.74,10.52,10.63,10.57,0.06,0.5676,14197.93,15138.52,1.9469,1.02,10.6,11584.965,10.5867,13098.3067,10.575,14267.7175,10.568,13911.852,10.5025,13963.3575,10.513,13856.002,10.5753,13850.6213,10.6765,14222.13
24,20190729,300665.SZ,10.61,10.64,10.44,10.57,10.56,0.01,0.0947,8972.0,9480.289,1.2303,0.6,10.565,12548.495,10.5567,14290.98,10.5525,13840.3325,10.53,13981.606,10.4738,14055.8637,10.519,13726.849,10.5793,13589.2813,10.7155,14775.3245
25,20190726,300665.SZ,10.49,10.69,10.48,10.56,10.54,0.02,0.1898,16124.99,17068.418,2.2111,1.11,10.55,16950.47,10.5467,15463.11,10.52,15234.0075,10.458,14973.786,10.4913,14423.7612,10.537,14715.509,10.58,14585.5087,10.7635,16331.042
26,20190725,300665.SZ,10.48,10.72,10.48,10.54,10.54,0.0,0.0,17775.95,18901.566,2.4375,1.28,10.54,15132.17,10.5067,14937.0133,10.4325,14685.985,10.452,14482.388,10.5075,14021.4375,10.557,14013.921,10.6233,14221.3967,10.7995,17024.8675
27,20190724,300665.SZ,10.5,10.66,10.35,10.54,10.44,0.1,0.9579,12488.39,13209.212,1.7125,0.9,10.49,13517.545,10.3967,13655.9967,10.43,13658.9975,10.424,13914.794,10.5338,14156.7687,10.571,13646.006,10.6653,14056.276,10.8475,18307.5495
28,20190723,300665.SZ,10.18,10.45,10.18,10.44,10.21,0.23,2.2527,14546.7,15057.743,1.9947,1.08,10.325,14239.8,10.3933,14049.2,10.395,14271.395,10.458,13800.152,10.5613,13734.3587,10.579,13820.006,10.7127,14325.556,10.895,19965.293
29,20190722,300665.SZ,10.51,10.6,10.12,10.21,10.53,-0.32,-3.0389,13932.9,14337.171,1.9105,0.96,10.37,13800.45,10.38,14179.6267,10.4625,13613.515,10.508,13472.092,10.5913,13678.1212,10.604,13393.119,10.7773,15039.8973,10.9565,22252.12
30,20190719,300665.SZ,10.5,10.67,10.43,10.53,10.4,0.13,1.25,13668.0,14441.798,1.8742,1.01,10.465,14302.99,10.5467,13507.0533,10.5825,13356.89,10.616,14457.232,10.6425,13715.0575,10.641,14391.37,10.8653,16783.4607,11.0275,25943.2055
31,20190718,300665.SZ,10.7,10.7,10.4,10.4,10.71,-0.31,-2.8945,14937.98,15665.03,2.0484,1.12,10.555,13426.58,10.6,13253.1867,10.6375,14654.54,10.662,13545.454,10.6625,13291.2862,10.709,14090.901,10.9153,17872.3607,11.104,26320.517
32,20190717,300665.SZ,10.69,10.78,10.56,10.71,10.69,0.02,0.1871,11915.18,12772.405,1.6339,0.86,10.7,12410.79,10.7167,14560.06,10.7275,13197.3225,10.718,13377.218,10.685,14413.465,10.786,14127.017,10.9887,19771.8013,11.132,26210.535
33,20190716,300665.SZ,10.71,10.77,10.62,10.69,10.75,-0.06,-0.5581,12906.4,13794.838,1.7698,0.97,10.72,15882.5,10.7333,13624.7033,10.72,13742.7275,10.7,13839.86,10.7475,14256.9812,10.84,14588.258,11.0407,22020.34,11.1375,26322.6215
34,20190715,300665.SZ,10.7,10.82,10.41,10.75,10.71,0.04,0.3735,18858.6,20049.528,2.586,1.32,10.755,13983.855,10.73,14021.5033,10.7025,14073.225,10.7,13314.146,10.8075,14556.0737,10.912,15823.8,11.106,25178.796,11.143,26269.26
35,20190712,300665.SZ,10.68,10.78,10.64,10.76,10.68,0.08,0.7491,9109.11,9772.792,1.2491,0.62,10.72,11602.955,10.6867,12478.1,10.6875,11928.0325,10.666,14325.508,10.87,14264.6975,10.99,17946.575,11.1647,29771.8633,11.152,26165.557
36,20190711,300665.SZ,10.68,10.85,10.61,10.68,10.62,0.06,0.565,14096.8,15094.374,1.933,0.95,10.65,14162.595,10.6633,12867.6733,10.6425,15629.6075,10.756,14636.348,10.9513,16283.7862,11.042,20035.814,11.2513,30578.8713,11.148,26645.848
37,20190710,300665.SZ,10.73,10.8,10.58,10.62,10.69,-0.07,-0.6548,14228.39,15219.417,1.9511,0.93,10.655,12253.11,10.63,16140.5433,10.775,14771.235,10.854,14876.816,11.0575,19532.48,11.124,22969.093,11.27,30488.3073,11.1575,26655.578
38,20190709,300665.SZ,10.61,10.71,10.56,10.69,10.58,0.11,1.0397,10277.83,10932.807,1.4093,0.56,10.635,17096.62,10.8267,14952.1833,10.9125,15038.9225,10.98,15336.656,11.14,21504.1188,11.211,26110.58,11.2833,30483.542,11.1665,26577.6585
39,20190708,300665.SZ,11.11,11.18,10.55,10.58,11.21,-0.63,-5.62,23915.41,25668.937,3.2794,1.11,10.895,17289.36,10.9867,16625.9533,11.0525,16601.3625,11.124,18333.454,11.2413,25648.0888,11.309,31111.121,11.2907,30587.6313,11.174,27079.534
40,20190705,300665.SZ,11.17,11.24,11.11,11.21,11.17,0.04,0.3581,10663.31,11932.419,1.4622,0.42,11.19,12981.225,11.21,14163.3467,11.26,16937.965,11.314,21567.642,11.355,28364.07,11.414,37495.041,11.314,30112.24,11.1705,26549.7835
41,20190704,300665.SZ,11.25,11.27,11.13,11.17,11.25,-0.08,-0.7111,15299.14,17106.629,2.0979,0.49,11.21,15913.365,11.2767,19029.5167,11.34,24293.725,11.328,25435.28,11.4125,34566.5613,11.499,38550.133,11.2787,30649.0147,11.1325,26912.638
42,20190703,300665.SZ,11.33,11.33,11.13,11.25,11.41,-0.16,-1.4023,16527.59,18559.482,2.2346,0.45,11.33,20894.705,11.3967,27291.92,11.3675,27969.315,11.394,31061.37,11.47,43623.495,11.478,38294.053,11.2587,30581.832,11.108,26832.7825
43,20190702,300665.SZ,11.5,11.5,11.13,11.41,11.53,-0.12,-1.0408,25261.82,28702.232,3.4155,0.58,11.47,32674.085,11.4067,31783.2233,11.43,34694.815,11.442,36884.504,11.5713,44209.325,11.435,38056.985,11.2287,30324.6593,11.081,26849.523
44,20190701,300665.SZ,11.41,11.59,11.3,11.53,11.28,0.25,2.2163,40086.35,45898.635,5.4199,0.75,11.405,35043.925,11.4367,37839.1467,11.45,39790.175,11.494,43888.788,11.515,42643.89,11.374,36714.72,11.1907,29994.894,11.049,26674.049
45,20190628,300665.SZ,11.47,11.5,11.01,11.28,11.5,-0.22,-1.913,30001.5,33874.894,4.0563,0.58,11.39,36715.545,11.4233,39691.45,11.485,44839.3975,11.514,53422.44,11.4262,39402.71,11.314,34384.539,11.1227,28210.4973,11.017,25823.694
46,20190627,300665.SZ,11.51,11.72,11.37,11.5,11.49,0.01,0.087,43429.59,50199.687,5.8719,0.95,11.495,44536.425,11.5533,49785.3633,11.5725,59277.675,11.67,51664.986,11.3662,37132.4187,11.254,33255.882,11.0673,27405.0907,10.989,25201.0145
47,20190626,300665.SZ,11.4,11.75,11.31,11.49,11.67,-0.18,-1.5424,45643.26,52595.39,6.1712,1.16,11.58,52963.25,11.5967,64560.37,11.7125,53723.835,11.562,45526.736,11.295,33801.7875,11.191,30342.063,11.0127,25423.2533,10.9485,24305.12
48,20190625,300665.SZ,11.75,11.97,11.32,11.67,11.63,0.04,0.3439,60283.24,70220.653,8.1506,2.04,11.65,74018.925,11.7867,56417.36,11.58,45497.605,11.428,39229.466,11.1937,30435.7462,11.122,27044.737,10.9607,23504.5293,10.904,23282.7255
49,20190624,300665.SZ,12.06,12.22,11.6,11.63,12.06,-0.43,-3.5655,87754.61,104713.569,11.8648,5.72,11.845,54484.42,11.55,40569.06,11.3675,33966.0225,11.254,29540.652,11.0938,24686.7662,11.039,23047.947,10.9007,20935.8027,10.8545,21622.1635
50,20190621,300665.SZ,12.06,12.06,12.06,12.06,10.96,1.1,10.0365,21214.23,25584.361,2.8683,1.43,11.51,16976.285,11.28,16036.4933,11.16,14987.1625,11.114,15346.638,10.99,15301.19,10.927,15604.526,10.8513,16624.112,10.794,18092.0915
51,20190620,300665.SZ,10.81,11.0,10.79,10.96,10.82,0.14,1.2939,12738.34,13870.589,1.7223,0.84,10.89,13447.625,10.86,12911.4733,10.8775,13879.74,10.838,14846.778,10.8375,15188.8287,10.766,15275.143,10.762,16379.6907,10.7195,18318.0735
52,20190619,300665.SZ,10.97,11.06,10.8,10.82,10.8,0.02,0.1852,14156.91,15511.347,1.9141,0.95,10.81,12998.04,10.85,14260.2067,10.8075,15373.8875,10.82,15157.39,10.7812,15261.5862,10.738,15371.512,10.744,17231.248,10.719,19122.649
53,20190618,300665.SZ,10.86,11.0,10.76,10.8,10.93,-0.13,-1.1894,11839.17,12829.255,1.6007,0.72,10.865,14311.855,10.8033,15779.5467,10.82,15407.51,10.816,14860.008,10.735,15732.0225,10.727,15642.061,10.7293,17967.1453,10.7135,19228.4835
54,20190617,300665.SZ,10.68,11.0,10.6,10.93,10.68,0.25,2.3408,16784.54,18200.535,2.2694,1.06,10.805,17749.735,10.8267,16596.9567,10.82,15615.2175,10.824,16555.242,10.72,15964.88,10.724,16633.378,10.7213,18982.6673,10.702,19389.562
55,20190614,300665.SZ,10.88,10.93,10.62,10.68,10.87,-0.19,-1.7479,18714.93,20188.381,2.5303,1.19,10.775,16503.165,10.7833,15225.4433,10.7975,16497.9175,10.74,15862.414,10.6925,15974.6125,10.72,17262.849,10.6873,19007.2427,10.6945,20023.3515
56,20190613,300665.SZ,10.84,10.95,10.7,10.87,10.8,0.07,0.6481,14291.4,15516.824,1.9323,0.92,10.835,13480.7,10.8367,15758.9133,10.755,15149.285,10.694,15703.508,10.7037,16354.2887,10.724,17146.147,10.68,19475.172,10.718,20367.7465
57,20190612,300665.SZ,10.82,10.93,10.74,10.8,10.84,-0.04,-0.369,12670.0,13727.382,1.713,0.77,10.82,16492.67,10.7167,15435.2467,10.65,16056.535,10.656,15585.634,10.7062,17452.77,10.706,18268.177,10.6853,20444.402,10.7155,21299.8415
58,20190611,300665.SZ,10.62,10.95,10.62,10.84,10.51,0.33,3.1399,20315.34,21940.18,2.7467,1.22,10.675,16817.87,10.6,17185.38,10.62,16314.5425,10.638,16424.114,10.6962,18062.5087,10.686,19520.714,10.6793,20684.642,10.7005,21410.4335
59,20190610,300665.SZ,10.37,10.63,10.37,10.51,10.45,0.06,0.5742,13320.4,14043.59,1.801,0.71,10.48,15620.4,10.5467,14980.9433,10.5875,15451.3075,10.624,16711.514,10.6775,18712.0537,10.67,20196.38,10.6613,20334.3353,10.686,21187.1785
60,20190606,300665.SZ,10.68,10.8,10.37,10.45,10.68,-0.23,-2.1536,17920.4,18910.455,2.4229,0.96,10.565,15811.215,10.6133,16161.61,10.6525,17559.2925,10.7,18663.284,10.6887,20196.425,10.661,20579.657,10.6793,21410.3307,10.683,21658.1225
61,20190605,300665.SZ,10.8,10.86,10.66,10.68,10.71,-0.03,-0.2801,13702.03,14741.259,1.8526,0.65,10.695,15282.215,10.72,17438.9233,10.7625,18849.005,10.754,18588.786,10.7175,21340.375,10.673,21361.004,10.726,21922.4927,10.6685,21440.5625
62,20190604,300665.SZ,10.76,10.84,10.67,10.71,10.77,-0.06,-0.5571,16862.4,18112.987,2.2799,0.75,10.74,19307.37,10.79,20564.6633,10.7725,19810.475,10.756,20950.72,10.685,21771.7675,10.7,22873.786,10.7353,23204.5773,10.6445,21803.965
63,20190603,300665.SZ,10.83,10.98,10.75,10.77,10.89,-0.12,-1.1019,21752.34,23648.999,2.941,0.92,10.83,22415.795,10.7933,20793.1667,10.7675,21972.8,10.734,22617.314,10.6675,22880.7012,10.7,22814.906,10.7213,23072.54,10.618,21894.505
64,20190531,300665.SZ,10.74,10.97,10.68,10.89,10.72,0.17,1.5858,23079.25,25095.996,3.1204,1.03,10.805,20313.58,10.7667,22046.2867,10.725,22833.5575,10.716,23681.246,10.69,23765.39,10.68,22145.746,10.7067,22679.0667,10.5745,22342.5175
65,20190530,300665.SZ,10.7,10.79,10.56,10.72,10.69,0.03,0.2806,17547.91,18727.213,2.3726,0.73,10.705,21529.805,10.67,22751.66,10.6725,23831.745,10.622,22496.03,10.6675,22914.6838,10.669,22783.854,10.6773,22656.402,10.5575,22234.7475
66,20190529,300665.SZ,10.6,10.86,10.5,10.69,10.6,0.09,0.8491,25511.7,27337.293,3.4493,1.03,10.645,25353.535,10.6567,25926.3567,10.5975,23733.06,10.592,24133.222,10.6487,22603.7875,10.712,23589.346,10.64,22391.1547,10.536,22926.492
67,20190528,300665.SZ,10.88,10.88,10.58,10.6,10.68,-0.08,-0.7491,25195.37,26995.172,3.4065,1.09,10.64,26133.685,10.5667,23140.18,10.5675,23788.6025,10.644,24796.852,10.66,23097.3662,10.725,24331.506,10.6073,22088.38,10.5425,23166.546
68,20190527,300665.SZ,10.42,10.7,10.42,10.68,10.42,0.26,2.4952,27072.0,28757.724,3.6603,1.31,10.55,22112.585,10.5567,23319.68,10.655,24697.2225,10.666,23012.498,10.7287,23148.2988,10.715,23300.153,10.5793,21653.5687,10.56,23654.1315
69,20190524,300665.SZ,10.51,10.66,10.42,10.42,10.57,-0.15,-1.4191,17153.17,18032.732,2.3192,0.74,10.495,21443.52,10.6467,23905.63,10.6625,21997.6225,10.644,20610.246,10.7462,23880.9613,10.702,22177.977,10.5273,21896.2747,10.6065,23391.3385
70,20190523,300665.SZ,10.9,10.94,10.42,10.57,10.95,-0.38,-3.4703,25733.87,27312.085,3.4793,1.12,10.76,27281.86,10.7433,23612.44,10.7,21474.515,10.716,23071.678,10.7562,23597.045,10.705,22736.588,10.536,22147.6533,10.6605,24105.0605
71,20190522,300665.SZ,10.98,11.42,10.62,10.95,10.71,0.24,2.2409,28829.85,31533.877,3.8979,1.21,10.83,22551.725,10.7433,20054.73,10.7525,22406.13,10.832,23045.47,10.7537,22361.5912,10.664,21520.121,10.5173,22524.2487,10.731,24541.247
72,20190521,300665.SZ,10.62,10.8,10.5,10.71,10.57,0.14,1.3245,16273.6,17429.859,2.2003,0.69,10.64,15667.17,10.6867,20264.89,10.8025,21599.375,10.806,23866.16,10.6912,21600.27,10.589,20734.144,10.5087,22623.1107,10.801,24682.4615
73,20190520,300665.SZ,10.78,10.78,10.41,10.57,10.78,-0.21,-1.9481,15060.74,15932.666,2.0363,0.63,10.675,22260.535,10.8333,23374.6333,10.83,25764.3,10.764,23587.808,10.6225,21262.22,10.536,20974.104,10.5247,23868.0093,10.8715,25391.2615
74,20190517,300665.SZ,11.14,11.15,10.47,10.78,11.15,-0.37,-3.3184,29460.33,31776.59,3.9832,1.32,10.965,27531.58,10.9167,29332.1533,10.8125,25719.575,10.76,23745.708,10.5762,22000.8875,10.469,22539.289,10.594,24318.3693,10.955,26723.5645
75,20190516,300665.SZ,10.8,11.2,10.75,11.15,10.82,0.33,3.0499,25602.83,28048.079,3.4616,1.28,10.985,29268.065,10.8233,24472.6567,10.755,22317.0525,10.694,22401.498,10.5012,20652.4962,10.446,21685.641,10.642,24449.5213,11.021,27611.468
76,20190515,300665.SZ,10.58,11.05,10.54,10.82,10.5,0.32,3.0476,32933.3,35627.458,4.4527,1.87,10.66,23907.57,10.6233,21221.7933,10.58,21601.165,10.496,19994.772,10.345,21291.2162,10.36,22263.638,10.6973,25039.8393,11.0685,29332.4555
77,20190514,300665.SZ,10.4,10.72,10.36,10.5,10.55,-0.05,-0.4739,14881.84,15657.973,2.0121,0.81,10.525,15366.04,10.5,17823.7867,10.415,16760.14,10.372,17602.128,10.3112,19790.035,10.36,22001.586,10.7993,24954.562,11.153,30009.18
78,20190513,300665.SZ,10.4,10.61,10.31,10.55,10.45,0.1,0.9569,15850.24,16618.537,2.143,0.74,10.5,19294.76,10.3867,17386.24,10.34,18282.2,10.308,18360.4,10.285,21852.655,10.405,24008.11,10.9073,25992.4127,11.2385,31603.4365
79,20190510,300665.SZ,10.3,10.48,10.11,10.45,10.16,0.29,2.8543,22739.28,23570.224,3.0745,1.08,10.305,18154.24,10.27,19092.8533,10.2475,18987.94,10.178,21332.87,10.3187,23660.4725,10.511,24604.7,11.02,27716.1833,11.3225,32976.7845
80,20190509,300665.SZ,10.2,10.3,10.12,10.16,10.2,-0.04,-0.3922,13569.2,13866.826,1.8346,0.55,10.18,17269.64,10.18,17737.4933,10.11,20981.2675,10.198,20969.784,10.3812,25186.4475,10.616,25473.533,11.13,29348.1247,11.4255,34618.8105
81,20190508,300665.SZ,10.05,10.3,9.9,10.2,10.18,0.02,0.1965,20970.08,21367.222,2.8353,0.79,10.19,19821.64,10.0933,23451.9567,10.2075,22819.93,10.224,24532.504,10.5625,26217.315,10.798,27562.373,11.2593,32445.0167,11.542,37712.3805
82,20190507,300665.SZ,9.96,10.2,9.96,10.18,9.9,0.28,2.8283,18673.2,18874.206,2.5247,0.63,10.04,24692.895,10.21,23436.5467,10.23,25423.11,10.348,26401.044,10.725,27524.5062,11.013,28630.779,11.4133,34144.864,11.6485,40410.9605
83,20190506,300665.SZ,10.2,10.5,9.66,9.9,10.55,-0.65,-6.1611,30712.59,31006.588,4.1525,1.1,10.225,25818.22,10.2467,27673.08,10.39,28333.005,10.502,29655.82,10.95,29497.5562,11.207,29808.419,11.5487,36017.782,11.771,44613.2465
84,20190430,300665.SZ,10.36,11.32,10.32,10.55,10.29,0.26,2.5267,20923.85,22136.89,2.829,0.7,10.42,26153.325,10.5533,27539.81,10.6525,29391.6275,10.844,27876.53,11.2562,29615.25,11.441,30907.84,11.704,36858.0893,11.8925,47479.757
85,20190429,300665.SZ,10.84,10.9,10.19,10.29,10.82,-0.53,-4.8983,31382.8,33242.145,4.2431,1.03,10.555,30847.79,10.6867,32214.22,10.9175,29614.7,11.034,29977.282,11.4525,30805.9687,11.596,33537.295,11.8347,39168.486,11.967,49559.4555
86,20190426,300665.SZ,10.97,11.05,10.78,10.82,10.95,-0.13,-1.1872,30312.78,33050.045,4.0984,0.98,10.885,32629.93,11.1267,29025.3333,11.22,29625.9025,11.372,30592.242,11.6962,32096.4687,11.777,36401.273,11.9813,42105.6727,12.026,49627.1065
87,20190425,300665.SZ,11.51,11.62,10.92,10.95,11.61,-0.66,-5.6848,34947.08,39532.373,4.725,1.17,11.28,28381.61,11.3533,29396.9433,11.51,30662.1075,11.678,30860.514,11.8562,34209.6712,11.946,38016.774,12.082,45080.9327,12.05,49568.0095
88,20190424,300665.SZ,11.53,11.7,11.41,11.61,11.5,0.11,0.9565,21816.14,25239.137,2.9496,0.64,11.555,26621.875,11.6967,29233.7833,11.86,29838.8725,11.912,29961.018,12.0,37344.1087,12.072,39198.763,12.194,49599.0553,12.067,49127.9955
89,20190423,300665.SZ,11.91,11.97,11.45,11.5,11.98,-0.48,-4.0067,31427.61,36689.513,4.2492,0.85,11.74,32942.605,11.9433,32513.1167,11.9875,31997.2375,12.038,33939.15,12.1125,40425.565,12.134,41348.869,12.242,54014.166,12.0445,49608.6885
90,20190422,300665.SZ,12.3,12.49,11.93,11.98,12.35,-0.37,-2.996,34457.6,41889.407,4.7636,0.82,12.165,33055.87,12.15,32187.1133,12.1725,34567.035,12.158,37097.308,12.2012,42342.985,12.235,43764.088,12.278,56086.8467,12.049,49904.8475
91,20190419,300665.SZ,12.2,12.35,11.94,12.35,12.12,0.23,1.8977,31654.14,38536.619,4.376,0.7,12.235,31051.87,12.2367,34603.5133,12.2025,37757.235,12.182,42210.304,12.2325,43450.435,12.286,47862.388,12.244,55972.0613,12.0375,50208.5775
92,20190418,300665.SZ,12.2,12.36,12.1,12.12,12.24,-0.12,-0.9804,30449.6,37201.642,4.2095,0.63,12.18,36078.2,12.1533,39791.6,12.14,44849.345,12.214,45173.034,12.2525,46441.1425,12.284,52191.142,12.174,55803.8413,12.011,51136.687
93,20190417,300665.SZ,12.1,12.31,12.06,12.24,12.1,0.14,1.157,41706.8,50676.25,5.7657,0.86,12.17,44462.6,12.1467,49649.26,12.2375,48853.8925,12.232,48436.508,12.2987,52065.0175,12.335,59418.074,12.1187,55516.988,11.9965,52561.277
94,20190416,300665.SZ,12.03,12.17,11.64,12.1,12.1,0.0,0.0,47218.4,56068.803,6.5277,0.94,12.1,53620.49,12.2367,51236.2567,12.23,50118.935,12.23,48758.588,12.31,56219.3775,12.344,64051.674,12.0467,54831.868,11.988,55332.7965
95,20190415,300665.SZ,12.58,12.68,12.1,12.1,12.51,-0.41,-3.2774,60022.58,74822.964,8.2978,1.12,12.305,53245.185,12.2733,51085.78,12.2625,49143.635,12.312,50430.868,12.3762,63156.9425,12.338,65581.616,12.0127,54174.0273,11.967,55077.6755
96,20190412,300665.SZ,12.15,12.55,12.1,12.51,12.21,0.3,2.457,46467.79,57156.865,6.4239,0.78,12.36,46617.38,12.3167,45517.32,12.365,48032.94,12.39,53514.472,12.405,66659.47,12.275,62852.94,11.9893,52874.6687,11.9305,53862.773
97,20190411,300665.SZ,12.28,12.55,12.1,12.21,12.23,-0.02,-0.1635,46766.97,57787.102,6.4653,0.66,12.22,45042.085,12.3167,48554.6567,12.36,55276.1425,12.354,59209.25,12.3462,68665.7238,12.154,61119.245,11.9433,53124.5713,11.863,53774.5985
98,20190410,300665.SZ,12.36,12.45,12.16,12.23,12.51,-0.28,-2.2382,43317.2,53263.192,5.9884,0.55,12.37,49448.5,12.41,58112.5333,12.39,62319.82,12.438,70399.64,12.2537,66911.83,12.062,59057.228,11.918,53936.2,11.833,54434.6085
99,20190409,300665.SZ,12.45,12.89,12.17,12.51,12.49,0.02,0.1601,55579.8,69336.568,7.6836,0.69,12.5,65510.2,12.4433,68654.0267,12.49,77170.25,12.458,79344.76,12.1375,65138.535,11.955,57868.508,11.9073,57524.1993,11.812,55737.514
100,20190408,300665.SZ,12.45,12.96,12.31,12.49,12.33,0.16,1.2976,75440.6,95120.994,10.4293,1.05,12.41,75191.14,12.4833,84367.0667,12.445,85286.0,12.364,80732.364,11.985,61459.41,11.863,56045.607,11.852,56626.6113,11.771,55884.8875
101,20190404,300665.SZ,12.55,12.62,12.12,12.33,12.63,-0.3,-2.3753,74941.68,92738.232,10.3603,1.19,12.48,88830.3,12.43,88567.8,12.3325,82055.305,12.16,72191.408,11.8187,55958.085,11.789,52554.767,11.7773,53978.8733,11.704,54988.309
102,20190403,300665.SZ,12.3,12.79,12.03,12.63,12.33,0.3,2.4331,102718.92,128415.636,14.2003,2.15,12.48,95380.86,12.3333,84426.5133,12.1175,71503.84,11.954,63029.24,11.7262,51259.2237,11.738,50082.232,11.6993,51963.048,11.68,54752.5075
103,20190402,300665.SZ,12.01,12.6,11.85,12.33,12.04,0.29,2.4086,88042.8,106994.213,12.1714,2.42,12.185,75280.31,11.9467,61098.8133,11.785,53106.82,11.686,47714.816,11.6162,43485.8837,11.658,45704.48,11.6313,49112.9313,11.6285,53036.251
104,20190401,300665.SZ,11.47,12.09,11.47,12.04,11.47,0.57,4.9695,62517.82,73766.802,8.6427,1.99,11.755,47626.82,11.6033,41461.4933,11.525,37632.82,11.452,36392.256,11.5525,38757.575,11.632,46613.919,11.5967,47868.432,11.5805,51531.984
105,20190329,300665.SZ,11.38,11.52,11.03,11.47,11.3,0.17,1.5044,32735.82,37145.338,4.5255,0.99,11.385,30933.33,11.3533,29337.82,11.305,29860.865,11.362,31358.85,11.5262,38310.5225,11.596,44573.735,11.5733,47602.3953,11.538,52044.106
106,20190328,300665.SZ,11.3,11.55,11.22,11.3,11.29,0.01,0.0886,29130.84,33197.697,4.0272,0.78,11.295,27638.82,11.25,28902.5467,11.335,31014.6075,11.418,32918.126,11.6012,46360.6937,11.586,44872.606,11.552,49253.9427,11.519,52390.416
107,20190327,300665.SZ,11.24,11.32,11.08,11.29,11.16,0.13,1.1649,26146.8,29405.187,3.6147,0.6,11.225,28788.4,11.3467,31642.53,11.4475,33864.9475,11.522,37135.224,11.6487,47983.8362,11.572,46429.952,11.5887,51993.5967,11.508,53556.3585
108,20190326,300665.SZ,11.57,11.68,11.1,11.16,11.59,-0.43,-3.7101,31430.0,35827.61,4.345,0.55,11.375,34390.395,11.5,36437.6633,11.58,39882.33,11.63,43694.144,11.6587,49181.0525,11.604,49811.989,11.6093,54810.0627,11.499,56899.5415
109,20190325,300665.SZ,11.5,11.78,11.4,11.59,11.75,-0.16,-1.3617,37350.79,43198.799,5.1635,0.65,11.67,38941.495,11.72,42699.7733,11.7475,46760.18,11.812,56835.582,11.6587,50840.34,11.669,53606.52,11.6233,56578.56,11.489,59029.248
110,20190322,300665.SZ,11.81,11.84,11.5,11.75,11.82,-0.07,-0.5922,40532.2,47175.626,5.6034,0.71,11.785,45374.265,11.8,49896.6433,11.8675,61706.78,11.83,57788.62,11.6612,53667.3875,11.679,55724.168,11.5967,58939.1913,11.4665,60780.965
111,20190321,300665.SZ,11.8,12.09,11.69,11.82,11.83,-0.01,-0.0845,50216.33,59537.685,6.9421,0.9,11.825,54578.865,11.9067,68764.9733,11.85,62102.725,11.754,56827.086,11.6687,57272.7762,11.619,57421.851,11.5527,58881.1793,11.416,61095.018
112,20190320,300665.SZ,11.93,11.93,11.6,11.83,12.07,-0.24,-1.9884,58941.4,69353.687,8.1483,1.05,11.95,78039.295,11.86,66064.8567,11.7375,58479.775,11.622,55724.68,11.6525,58311.6437,11.622,59422.783,11.5033,59030.07,11.353,60967.3115
113,20190319,300665.SZ,11.55,12.1,11.44,12.07,11.68,0.39,3.339,97137.19,115167.3,13.4287,1.93,11.875,69626.585,11.7067,58325.9,11.57,54920.5,11.578,55929.834,11.5675,58132.5975,11.599,60368.022,11.4553,61301.3407,11.292,59894.535
114,20190318,300665.SZ,11.37,11.71,11.27,11.68,11.37,0.31,2.7265,42115.98,48698.943,5.8223,0.78,11.525,38920.255,11.4033,40848.27,11.455,45627.995,11.526,50377.458,11.54,54768.655,11.529,56450.049,11.3813,59760.47,11.22,58358.037
115,20190315,300665.SZ,11.25,11.5,11.16,11.37,11.16,0.21,1.8817,35724.53,40454.313,4.9387,0.62,11.265,40214.415,11.38,46798.6667,11.4875,52442.8275,11.528,53659.716,11.53,58053.3812,11.48,59514.477,11.3453,61778.4133,11.1695,59452.931
116,20190314,300665.SZ,11.7,11.73,10.91,11.16,11.61,-0.45,-3.876,44704.3,50493.937,6.1801,0.71,11.385,52335.735,11.5267,58015.5933,11.5675,58143.5125,11.484,58016.616,11.53,60832.4975,11.452,59908.226,11.3033,62517.662,11.111,59638.1605
117,20190313,300665.SZ,11.78,11.98,11.49,11.61,11.81,-0.2,-1.6935,59967.17,70686.213,8.2901,0.93,11.71,64671.24,11.7033,62623.25,11.565,61344.695,11.622,63120.886,11.5337,64339.4925,11.444,60682.765,11.2633,62714.8553,11.061,59032.5055
118,20190312,300665.SZ,11.69,11.95,11.56,11.81,11.69,0.12,1.0265,69375.31,81709.388,9.5908,1.11,11.75,63951.29,11.55,61803.87,11.625,63909.315,11.62,64806.21,11.4687,61801.3487,11.394,63987.094,11.1967,61216.102,10.9875,57647.912
119,20190311,300665.SZ,11.22,11.69,11.22,11.69,11.15,0.54,4.843,58527.27,66972.493,8.0911,0.9,11.42,58018.15,11.5633,62087.3167,11.5725,63663.935,11.532,62522.64,11.3775,59685.6462,11.309,64451.976,11.118,61018.23,10.895,55462.966
120,20190308,300665.SZ,11.62,11.77,11.02,11.15,11.85,-0.7,-5.9072,57509.03,66294.751,7.9503,0.93,11.5,63867.34,11.5333,65376.1567,11.4925,63521.4825,11.432,65369.238,11.305,63996.045,11.254,65837.762,11.05,61384.0027,10.805,53919.3525
121,20190307,300665.SZ,11.63,11.98,11.52,11.85,11.6,0.25,2.1552,70225.65,82421.503,9.7083,1.21,11.725,69309.72,11.6067,65525.6333,11.5025,67334.29,11.42,61799.836,11.2812,66060.4325,11.213,64768.185,10.9867,60178.6753,10.727,52176.641
122,20190306,300665.SZ,11.45,11.68,11.26,11.6,11.37,0.23,2.0229,68393.79,78460.527,9.4551,1.08,11.485,63175.625,11.3867,66370.5033,11.3125,59693.3825,11.266,58244.644,11.1925,66330.3675,11.084,62511.84,10.874,57669.712,10.5965,50112.1885
123,20190305,300665.SZ,11.17,11.38,11.1,11.37,11.19,0.18,1.6086,57957.46,65217.293,8.0123,0.87,11.28,65358.86,11.2167,56793.2467,11.1825,55707.3575,11.168,63167.978,11.085,63632.8012,10.985,59421.048,10.7767,55261.8127,10.4895,47844.217
124,20190304,300665.SZ,11.03,11.51,11.03,11.19,11.09,0.1,0.9017,72760.26,81692.967,10.0587,1.1,11.14,56211.14,11.12,54957.3233,11.1175,64470.6075,11.086,66381.312,10.9837,62345.8937,10.911,60266.025,10.6827,53109.7413,10.4055,46356.064
125,20190301,300665.SZ,11.08,11.11,10.93,11.09,11.08,0.01,0.0903,39662.02,43659.07,5.4831,0.59,11.085,46055.855,11.0933,61707.39,11.06,64786.575,11.076,66306.286,10.9112,57936.595,10.859,59391.385,10.596,50102.724,10.3425,43931.559
126,20190228,300665.SZ,11.02,11.11,10.86,11.08,11.11,-0.03,-0.27,52449.69,57641.387,7.2509,0.79,11.095,72730.075,11.05,73161.4267,11.0725,72967.3525,11.006,67736.534,10.8537,61279.7462,10.77,59368.095,10.496,48968.9093,10.2905,43510.598
127,20190227,300665.SZ,11.48,11.78,10.96,11.11,10.96,0.15,1.3686,93010.46,105710.363,12.8582,1.67,11.035,83517.295,11.07,79806.5733,10.9875,71558.245,10.902,66779.036,10.8025,62725.2675,10.678,57382.246,10.3733,47401.37,10.253,41936.6235
128,20190226,300665.SZ,11.15,11.46,10.91,10.96,11.14,-0.18,-1.6158,74024.13,82603.872,10.2334,1.37,11.05,73204.63,10.9467,64407.5067,10.85,60221.18,10.802,55674.118,10.6887,56027.6,10.581,51308.73,10.2633,42736.2967,10.2115,38644.8705
129,20190225,300665.SZ,10.78,11.2,10.78,11.14,10.74,0.4,3.7244,72385.13,79808.715,10.0068,1.38,10.94,59599.195,10.8133,55620.1967,10.7625,51086.615,10.736,54150.738,10.5887,50848.4837,10.481,46473.956,10.1787,39680.9813,10.1865,36249.884
130,20190222,300665.SZ,10.55,10.75,10.5,10.74,10.56,0.18,1.7045,46813.26,49959.461,6.4717,0.92,10.65,47237.73,10.6367,43987.11,10.635,49592.14,10.642,52476.484,10.4637,45834.755,10.356,42000.943,10.098,36473.3167,10.151,33892.6675
131,20190221,300665.SZ,10.55,10.75,10.52,10.56,10.61,-0.05,-0.4713,47662.2,50714.864,6.589,0.99,10.585,42574.035,10.6,50518.4333,10.6175,53892.29,10.534,50999.656,10.3662,43192.6462,10.241,39585.097,10.052,35435.286,10.1325,33722.6045
132,20190220,300665.SZ,10.57,10.75,10.46,10.61,10.63,-0.02,-0.1881,37485.87,39711.197,5.1822,0.8,10.62,51946.55,10.6367,55968.9867,10.5275,51834.02,10.454,47985.456,10.2825,40691.7462,10.109,37712.537,10.0367,33655.8193,10.1205,33690.372
133,20190219,300665.SZ,10.61,10.76,10.43,10.63,10.67,-0.04,-0.3749,66407.23,70053.292,9.1804,1.71,10.65,65210.545,10.5,56616.7367,10.415,50610.3525,10.36,46943.342,10.155,38837.8625,9.994,36267.386,10.0147,32968.4547,10.121,34517.3275
134,20190218,300665.SZ,10.3,10.94,10.3,10.67,10.2,0.47,4.6078,64013.86,68163.207,8.8496,2.03,10.435,51721.49,10.3433,45344.7267,10.2925,42077.37,10.226,38797.174,9.9812,34154.0337,9.9,32446.103,10.0033,30282.9327,10.1395,34147.703
135,20190215,300665.SZ,10.14,10.4,10.07,10.2,10.16,0.04,0.3937,39429.12,40304.233,5.4509,1.4,10.18,36010.16,10.1667,34765.2067,10.115,32493.0025,10.07,31525.402,9.83,29031.5962,9.826,28471.733,9.9873,27698.062,10.149,34703.185
136,20190214,300665.SZ,10.14,10.19,10.0,10.16,10.14,0.02,0.1972,32591.2,32958.674,4.5056,1.19,10.15,32433.25,10.0867,30180.9633,10.0375,29549.4725,9.948,28170.538,9.7662,27627.2562,9.811,27653.101,9.9987,27963.5873,10.189,36827.47
137,20190213,300665.SZ,9.94,10.15,9.92,10.14,9.96,0.18,1.8072,32275.3,32458.599,4.4619,1.26,10.05,28975.845,9.9967,28535.5633,9.895,27065.3725,9.764,27439.618,9.7375,26587.1262,9.828,26491.001,10.0093,28925.344,10.235,43273.014
138,20190212,300665.SZ,9.89,10.03,9.85,9.96,9.89,0.07,0.7078,25676.39,25477.371,3.5496,0.98,9.925,26665.695,9.8133,25328.73,9.67,26230.6975,9.628,25591.43,9.7262,26458.0637,9.842,25981.011,10.0413,30375.3227,10.325,54397.38
139,20190211,300665.SZ,9.6,9.91,9.59,9.89,9.59,0.3,3.1283,27655.0,27009.331,3.8232,1.09,9.74,25154.9,9.5733,26415.4667,9.545,25570.19,9.574,26095.032,9.7725,25869.79,9.892,26025.812,10.1107,32597.8793,10.432,54461.0575
140,20190201,300665.SZ,9.29,9.61,9.29,9.59,9.24,0.35,3.7879,22654.8,21403.268,3.1319,0.83,9.415,25795.7,9.43,24875.2533,9.495,25705.04,9.582,25418.064,9.8212,25809.84,9.946,25784.392,10.1753,35762.446,10.4875,54404.099
141,20190131,300665.SZ,9.47,9.6,9.19,9.24,9.46,-0.22,-2.3256,28936.6,27208.763,4.0003,1.13,9.35,25985.48,9.4633,26721.7867,9.58,26108.88,9.674,27135.664,9.93,26243.54,10.024,27860.112,10.2693,39713.114,10.508,55064.312
142,20190130,300665.SZ,9.64,9.76,9.43,9.46,9.69,-0.23,-2.3736,23034.36,22116.722,3.1844,0.87,9.575,25614.38,9.6933,25166.3067,9.7825,26685.43,9.892,25542.384,10.0787,25781.565,10.132,29668.207,10.392,48550.8127,10.53,54544.382
143,20190129,300665.SZ,9.94,9.94,9.4,9.69,9.93,-0.24,-2.4169,28194.4,27266.752,3.8977,1.09,9.81,26232.28,9.89,27902.4533,10.0,26169.39,10.056,26370.592,10.1925,28328.77,10.248,32767.269,10.5573,63999.3633,10.539,54049.594
144,20190128,300665.SZ,10.15,10.15,9.86,9.93,10.05,-0.12,-1.194,24270.16,24267.127,3.3552,0.93,9.99,27756.48,10.1033,25494.3867,10.1475,25914.64,10.21,25956.592,10.2712,30681.6637,10.379,35849.303,10.718,63916.3993,10.534,53478.714
145,20190125,300665.SZ,10.29,10.36,10.03,10.05,10.33,-0.28,-2.7106,31242.8,31783.339,4.3191,1.09,10.19,26106.5,10.22,26462.8,10.28,26378.2,10.31,26150.72,10.3575,34401.0162,10.472,40934.637,10.7893,64066.1107,10.5155,53402.374
146,20190124,300665.SZ,10.3,10.44,10.21,10.33,10.28,0.05,0.4864,20970.2,21676.899,2.899,0.62,10.305,24072.8,10.3567,24756.6667,10.375,24877.7,10.374,28584.56,10.4762,37872.5087,10.567,46001.839,10.786,64373.8613,10.5035,52769.532
147,20190123,300665.SZ,10.43,10.46,10.19,10.28,10.46,-0.18,-1.7208,27175.4,27945.088,3.7569,0.69,10.37,26649.9,10.39,26180.2,10.385,30488.15,10.372,33794.03,10.5425,44641.6712,10.642,60055.027,10.7427,64211.7147,10.477,53240.152
148,20190122,300665.SZ,10.33,10.53,10.31,10.46,10.43,0.03,0.2876,26124.4,27233.469,3.6116,0.57,10.445,25682.6,10.42,31592.4,10.395,35448.6875,10.44,39163.946,10.6325,51484.0987,10.808,82813.749,10.7,63275.928,10.4635,52816.022
149,20190121,300665.SZ,10.42,10.54,10.33,10.43,10.37,0.06,0.5786,25240.8,26329.56,3.4894,0.45,10.4,34326.4,10.3733,38556.7833,10.435,42423.8325,10.548,45742.014,10.71,68406.3087,10.972,82896.303,10.642,62652.7547,10.4315,52064.1275
150,20190118,300665.SZ,10.34,10.41,10.16,10.37,10.32,0.05,0.4845,43412.0,44758.589,6.0015,0.68,10.345,45214.775,10.4367,48151.51,10.5775,50867.3175,10.634,55718.554,10.8987,97096.5362,11.029,83023.806,10.584,62486.2587,10.402,51721.663
151,20190117,300665.SZ,10.61,10.64,10.31,10.32,10.62,-0.3,-2.8249,47017.55,49356.265,6.4999,0.54,10.47,50521.265,10.6467,53352.4233,10.7,58795.1925,10.76,63419.118,11.115,95038.7787,10.992,82268.512,10.5467,60831.1893,10.3745,50381.473
152,20190116,300665.SZ,10.88,10.9,10.59,10.62,11.0,-0.38,-3.4545,54024.98,57880.984,7.4687,0.43,10.81,56519.86,10.8267,62721.0733,10.87,67519.51,10.912,86316.024,11.2,92476.0637,10.928,79420.557,10.512,59722.1927,10.3655,49439.2565
153,20190115,300665.SZ,10.9,11.05,10.59,11.0,10.86,0.14,1.2891,59014.74,63838.049,8.1585,0.49,10.93,67069.12,10.9533,72017.6867,10.985,94388.785,11.176,126463.552,11.1225,90205.3237,10.83,75331.919,10.4713,57366.714,10.336,47601.9845
154,20190114,300665.SZ,11.08,11.21,10.74,10.86,11.0,-0.14,-1.2727,75123.5,82268.932,10.3854,0.68,10.93,78519.16,10.98,106180.1333,11.22,143325.755,11.396,120050.592,10.9575,85145.7312,10.689,71108.125,10.3927,54171.4987,10.2855,46727.6645
155,20190111,300665.SZ,11.15,11.2,10.8,11.0,11.08,-0.08,-0.722,81914.82,89878.788,11.3243,0.81,11.04,121708.45,11.34,166059.84,11.53,131282.365,11.424,110329.058,10.805,77397.6187,10.559,65870.111,10.3247,50389.366,10.2645,45981.1505
156,20190110,300665.SZ,11.33,11.45,10.9,11.08,11.94,-0.86,-7.2027,161502.08,180909.502,22.3268,2.23,11.51,208132.35,11.7067,147738.2133,11.53,117432.6175,11.224,101117.906,10.6287,69255.3662,10.44,59537.225,10.246,46035.5913,10.219,42516.165
157,20190109,300665.SZ,12.5,13.2,11.8,11.94,12.1,-0.16,-1.3223,254762.62,313922.517,35.2195,10.53,12.02,140856.28,11.68,102742.7967,11.26,86021.8625,10.944,72525.09,10.4387,51910.5262,10.312,46425.277,10.1833,37147.0007,10.1675,35327.1065
158,20190108,300665.SZ,12.1,12.1,12.1,12.1,11.0,1.1,10.0,26949.94,32609.427,3.7257,1.22,11.55,26732.885,11.0333,29774.9433,10.695,26965.7075,10.484,24200.286,10.1725,22388.4437,10.119,22818.295,10.056,21314.7953,10.071,23819.8715
159,20190107,300665.SZ,10.55,11.0,10.55,11.0,10.0,1.0,10.0,26515.83,29106.973,3.6657,1.24,10.5,31187.445,10.2267,26970.9633,10.08,23512.8725,9.982,22165.658,9.885,22817.5262,9.891,21231.952,9.9153,22286.6887,9.986,24700.0995
160,20190104,300665.SZ,9.55,10.03,9.53,10.0,9.68,0.32,3.3058,35859.06,35337.334,4.9573,2.0,9.84,27198.53,9.7733,22511.8867,9.7275,21078.115,9.694,21411.164,9.7612,21839.6475,9.775,20419.52,9.878,24531.848,9.9385,24026.813
161,20190103,300665.SZ,9.67,9.75,9.61,9.68,9.64,0.04,0.4149,18538.0,17949.993,2.5628,0.91,9.66,15838.3,9.6367,16151.1333,9.6175,17799.19,9.656,17956.544,9.7387,18743.0787,9.757,18494.434,9.884,22982.2513,9.9515,23015.568
162,20190102,300665.SZ,9.59,9.78,9.54,9.64,9.59,0.05,0.5214,13138.6,12665.321,1.8163,0.61,9.615,14957.7,9.5967,17552.92,9.65,17811.18,9.68,20325.464,9.7587,18724.7675,9.803,19457.956,9.9087,22927.7787,9.982,23022.681
163,20181228,300665.SZ,9.71,9.78,9.51,9.59,9.56,0.03,0.3138,16776.8,16162.379,2.3193,0.83,9.575,19760.08,9.6533,19368.7067,9.69,22122.18,9.754,21436.304,9.7812,19158.4675,9.842,19872.05,9.9333,23693.0667,10.011,23582.2495
164,20181227,300665.SZ,9.94,10.02,9.56,9.56,9.81,-0.25,-2.5484,22743.36,22287.321,3.1441,1.17,9.685,20664.66,9.7233,23903.9733,9.795,22601.18,9.8,20298.246,9.85,20583.02,9.882,22347.204,9.9873,25544.9133,10.025,23660.632
165,20181226,300665.SZ,9.81,9.88,9.75,9.81,9.8,0.01,0.102,18585.96,18226.777,2.5694,0.98,9.805,24484.28,9.8733,22553.7867,9.86,19686.9675,9.856,19427.876,9.9087,19900.0425,9.97,26092.19,10.02,24898.696,10.0345,23448.6565
166,20181225,300665.SZ,9.97,9.97,9.44,9.8,10.01,-0.21,-2.0979,30382.6,29394.475,4.2002,1.63,9.905,24537.7,9.8767,20053.97,9.8675,19638.355,9.858,19032.324,9.9312,22767.84,9.998,25495.105,10.05,24701.9093,10.05,23465.331
167,20181224,300665.SZ,9.82,10.07,9.78,10.01,9.82,0.19,1.9348,18692.8,18647.041,2.5842,1.02,9.915,14889.655,9.89,16056.94,9.8725,16194.755,9.926,18590.448,10.0112,26494.1675,10.023,24228.936,10.0827,23921.7533,10.0585,22862.537
168,20181221,300665.SZ,9.78,9.87,9.72,9.82,9.84,-0.02,-0.2033,11086.51,10853.136,1.5326,0.45,9.83,14739.01,9.8267,15362.0733,9.905,18564.86,9.93,18307.796,10.0212,25734.4562,10.023,24821.448,10.0967,24297.5647,10.0485,22899.3555
169,20181220,300665.SZ,9.73,9.88,9.72,9.84,9.82,0.02,0.2037,18391.51,17993.678,2.5425,0.56,9.83,17499.855,9.9333,21057.6433,9.9575,20113.1175,9.964,24396.162,10.05,26563.7562,10.081,28168.247,10.1,24781.4273,10.0475,24160.791
170,20181219,300665.SZ,10.07,10.1,9.8,9.82,10.14,-0.32,-3.1558,16608.2,16467.367,2.296,0.52,9.98,22390.71,9.9967,20686.9867,9.995,25897.325,10.084,32756.504,10.0712,27342.0575,10.102,27634.106,10.094,24788.9167,10.086,24661.125
171,20181218,300665.SZ,9.99,10.14,9.72,10.14,10.03,0.11,1.0967,28173.22,27956.26,3.8948,0.94,10.085,22726.38,10.0533,28993.7,10.15,36793.58,10.138,31957.886,10.1437,30835.345,10.146,27536.702,10.114,24943.0,10.1315,25245.2145
172,20181217,300665.SZ,9.96,10.08,9.92,10.03,9.99,0.04,0.4004,17279.54,17264.991,2.3888,0.55,10.01,29403.94,10.1533,39667.0333,10.1375,32904.0525,10.12,29867.424,10.1325,28944.955,10.161,26587.406,10.1027,24286.5667,10.15,25088.0285
173,20181214,300665.SZ,10.33,10.39,9.9,9.99,10.44,-0.45,-4.3103,41528.34,42288.276,5.7411,1.3,10.215,50860.78,10.1733,38112.2233,10.1425,33014.395,10.116,31335.1,10.1612,28739.2825,10.18,27292.449,10.088,24429.8753,10.193,25453.505
174,20181213,300665.SZ,10.09,10.8,10.02,10.44,10.09,0.35,3.4688,60193.22,62690.24,8.3214,2.67,10.265,36404.165,10.1933,30176.4133,10.1475,28786.79,10.198,31940.332,10.1987,25883.2725,10.168,24974.06,10.0753,24082.334,10.241,25072.1865
175,20181212,300665.SZ,10.05,10.12,10.05,10.09,10.05,0.04,0.398,12615.11,12717.746,1.744,0.55,10.07,15168.01,10.05,18317.98,10.1375,24877.11,10.12,22511.708,10.1712,21400.3662,10.099,20805.123,10.0867,21962.6653,10.2685,23979.484
176,20181211,300665.SZ,10.03,10.11,9.95,10.05,10.01,0.04,0.3996,17720.91,17760.583,2.4498,0.76,10.03,21169.415,10.1533,28964.4433,10.1275,24985.8575,10.154,23115.518,10.1437,22116.5337,10.102,21435.557,10.1293,23007.6573,10.298,24985.182
177,20181210,300665.SZ,10.25,10.28,9.92,10.01,10.4,-0.39,-3.75,24617.92,24838.51,3.4033,1.06,10.205,34586.21,10.1533,27407.5067,10.18,24464.17,10.202,23307.388,10.1062,22214.4012,10.094,21496.138,10.16,23494.8967,10.332,26049.283
178,20181207,300665.SZ,10.04,10.59,10.04,10.4,10.05,0.35,3.4826,44554.5,46034.741,6.1594,2.47,10.225,28802.3,10.2367,24412.92,10.25,22979.755,10.244,23249.798,10.12,21502.0925,10.074,20977.263,10.2187,23492.9733,10.358,26474.462
179,20181206,300665.SZ,10.27,10.27,10.02,10.05,10.26,-0.21,-2.0468,13050.1,13214.024,1.8041,0.68,10.155,14342.13,10.2,15788.1733,10.205,17923.6225,10.138,18007.788,10.0662,18223.62,10.014,20153.335,10.2553,22782.8047,10.348,25227.5115
180,20181205,300665.SZ,10.08,10.26,10.05,10.26,10.29,-0.03,-0.2915,15634.16,15893.568,2.1613,0.79,10.275,17157.21,10.2567,19548.13,10.16,19247.21,10.078,19098.538,10.0362,19021.0037,10.07,21688.144,10.318,24468.7427,10.3555,25872.356
181,20181204,300665.SZ,10.19,10.29,10.17,10.29,10.22,0.07,0.6849,18680.26,19111.604,2.5824,0.95,10.255,21505.115,10.1267,20451.56,10.0325,19964.6325,10.05,19755.596,9.9787,21606.1362,10.117,22953.727,10.346,25608.4033,10.35,26317.396
182,20181203,300665.SZ,10.03,10.28,10.03,10.22,9.87,0.35,3.5461,24329.97,24781.395,3.3635,1.3,10.045,21337.21,9.9467,20392.7567,9.99,20024.43,9.986,19684.888,10.0187,22820.8775,10.139,23588.651,10.3753,26963.248,10.3395,26698.8495
183,20181130,300665.SZ,9.72,9.92,9.62,9.87,9.75,0.12,1.2308,18344.45,17967.662,2.536,0.82,9.81,18424.15,9.9133,18589.25,9.9275,18523.6175,9.904,18704.728,10.0825,23315.88,10.206,23614.561,10.396,27549.35,10.343,27620.691
184,20181129,300665.SZ,10.2,10.34,9.74,9.75,10.12,-0.37,-3.6561,18503.85,18568.024,2.5581,0.76,9.935,18711.65,9.9467,18583.34,9.9125,18794.7975,9.89,22298.882,10.1625,24151.5112,10.314,25170.313,10.418,27634.086,10.365,28922.9235
185,20181128,300665.SZ,9.97,10.13,9.77,10.12,9.97,0.15,1.5045,18919.45,18904.328,2.6155,0.72,10.045,18623.085,9.9667,18891.78,9.925,23247.64,10.062,24277.75,10.305,24912.1637,10.438,27153.845,10.448,28130.2953,10.388,31005.9925
186,20181127,300665.SZ,9.82,10.02,9.82,9.97,9.81,0.16,1.631,18326.72,18214.468,2.5336,0.67,9.89,18877.945,9.86,24690.37,10.0475,25617.325,10.184,26151.858,10.4087,26784.9787,10.494,28534.807,10.45,28504.6627,10.389,33775.305
187,20181126,300665.SZ,9.8,9.99,9.73,9.81,9.8,0.01,0.102,19429.17,19113.115,2.686,0.68,9.805,27872.195,10.0733,28047.5267,10.2375,28108.1425,10.292,27492.414,10.5362,29286.535,10.57,30602.428,10.4573,29036.8367,10.376,33794.7715
188,20181123,300665.SZ,10.64,10.65,9.8,9.8,10.61,-0.81,-7.6343,36315.22,37078.071,5.0204,1.3,10.205,32356.705,10.38,31001.1333,10.4125,29508.225,10.508,28524.394,10.645,30949.0225,10.642,31971.661,10.4893,30592.6787,10.3655,33453.4395
189,20181122,300665.SZ,10.73,10.73,10.55,10.61,10.73,-0.12,-1.1184,28398.19,30183.258,3.9259,0.95,10.67,28344.09,10.6167,27239.2267,10.685,26576.6875,10.738,28041.744,10.7612,31284.9862,10.682,30301.688,10.5233,31130.9373,10.36,32720.405
190,20181121,300665.SZ,10.32,10.77,10.32,10.73,10.51,0.22,2.0932,28289.99,30068.157,3.9109,0.92,10.62,26659.745,10.71,25969.52,10.77,27952.6325,10.814,30029.94,10.7512,31875.4,10.641,30056.568,10.4967,33248.74,10.312,32647.302
191,20181120,300665.SZ,10.79,10.83,10.42,10.51,10.89,-0.38,-3.4894,25029.5,26648.792,3.4602,0.74,10.7,24809.285,10.7833,27840.18,10.835,30464.9275,10.804,30917.756,10.685,30791.0875,10.583,29681.065,10.4573,36316.454,10.269,32623.522
192,20181119,300665.SZ,10.96,11.01,10.65,10.89,10.95,-0.06,-0.5479,24589.07,26530.901,3.3993,0.69,10.92,29245.52,10.9433,32276.7367,10.8775,32389.82,10.848,33712.442,10.6462,30905.7737,10.54,29809.048,10.404,35895.5573,10.2235,32640.247
193,20181116,300665.SZ,11.0,11.05,10.82,10.95,10.99,-0.04,-0.364,33901.97,37000.178,4.6868,1.04,10.97,36120.57,10.8733,34990.07,10.8375,35993.285,10.776,35418.928,10.5537,30899.01,10.48,31626.821,10.318,35096.4547,10.1685,32939.6495
194,20181115,300665.SZ,10.68,11.04,10.6,10.99,10.68,0.31,2.9026,38339.17,41622.823,5.3002,1.27,10.835,35534.12,10.8,36690.39,10.7325,35798.1675,10.626,32561.632,10.445,29949.93,10.416,32675.534,10.234,34279.9587,10.0845,32612.349
195,20181114,300665.SZ,10.72,10.84,10.59,10.68,10.73,-0.05,-0.466,32729.07,35128.489,4.5246,1.15,10.705,35866.0,10.6467,34951.1667,10.535,31117.2475,10.468,30083.196,10.3575,30503.3837,10.338,34858.14,10.1447,33519.756,9.9875,31953.537
196,20181113,300665.SZ,10.36,10.78,10.31,10.73,10.53,0.2,1.8993,39002.93,41353.944,5.3919,1.51,10.63,36062.215,10.4867,30579.9733,10.415,29421.7275,10.362,28444.374,10.3112,31960.8875,10.284,39015.803,10.0907,33192.1107,9.9265,31469.592
197,20181112,300665.SZ,10.18,10.53,10.12,10.53,10.2,0.33,3.2353,33121.5,34271.042,4.5789,1.19,10.365,26368.495,10.31,26227.9933,10.27,25804.735,10.232,25905.654,10.2462,34606.175,10.182,36987.115,10.0153,32282.8487,9.8575,30647.1335
198,20181109,300665.SZ,10.1,10.2,10.06,10.2,10.2,0.0,0.0,19615.49,19873.677,2.7117,0.6,10.2,22781.24,10.1833,23365.8133,10.1575,24101.6925,10.184,27834.714,10.1975,39754.2,10.089,34935.218,9.966,32113.2233,9.808,30763.7375
199,20181108,300665.SZ,10.18,10.49,10.14,10.2,10.15,0.05,0.4926,25946.99,26659.951,3.587,0.65,10.175,25240.975,10.1433,25597.0933,10.18,29889.52,10.206,32789.436,10.1362,39641.77,10.038,35139.122,9.904,32629.2547,9.77,31295.228
200,20181107,300665.SZ,10.07,10.25,10.03,10.15,10.08,0.07,0.6944,24534.96,24953.783,3.3918,0.49,10.115,25422.145,10.1733,31203.6967,10.2075,34500.0475,10.208,39633.084,10.0612,37973.7125,9.983,35238.036,9.8273,32576.984,9.725,31768.3505
201,20181106,300665.SZ,10.21,10.21,9.91,10.08,10.29,-0.21,-2.0408,26309.33,26363.584,3.6371,0.55,10.185,34538.065,10.2267,37821.7433,10.2225,43407.615,10.206,49587.232,10.0037,37613.6587,9.955,35565.979,9.7813,32477.998,9.731,32054.7525
202,20181105,300665.SZ,10.32,10.49,10.1,10.29,10.31,-0.02,-0.194,42766.8,44096.811,5.9123,1.02,10.3,43577.95,10.27,49107.0433,10.2375,55406.7075,10.132,48068.576,9.95,37692.0087,9.907,35471.446,9.7327,32227.6267,9.7235,31367.842
203,20181102,300665.SZ,10.2,10.4,10.17,10.31,10.21,0.1,0.9794,44389.1,45549.307,6.1366,1.18,10.26,52277.165,10.22,59620.01,10.0925,49394.02,9.994,42035.722,9.8975,35822.9575,9.857,34252.478,9.6827,31740.0787,9.699,30514.712
204,20181101,300665.SZ,10.2,10.3,9.99,10.21,10.14,0.07,0.6903,60165.23,61143.593,8.3175,1.95,10.175,67235.465,10.02,51062.3267,9.915,41447.3775,9.87,37488.808,9.8087,33444.82,9.753,32549.164,9.6247,30797.1587,9.706,28813.7035
205,20181031,300665.SZ,9.7,10.68,9.7,10.14,9.71,0.43,4.4284,74305.7,77219.538,10.2724,3.45,9.925,46510.875,9.8167,35208.0933,9.785,31819.7025,9.758,30842.988,9.7562,29746.3062,9.637,29048.934,9.564,29146.7727,9.7115,26622.332
206,20181030,300665.SZ,9.56,9.76,9.39,9.71,9.6,0.11,1.1458,18716.05,17969.903,2.5874,0.82,9.655,15659.29,9.6667,17657.7033,9.6625,19977.31,9.704,21544.726,9.6475,23877.5887,9.569,23923.381,9.5727,26210.5927,9.732,23766.777
207,20181029,300665.SZ,9.6,9.7,9.52,9.6,9.69,-0.09,-0.9288,12602.53,12092.621,1.7422,0.48,9.645,17128.53,9.6467,20397.73,9.7025,22251.895,9.682,22874.316,9.565,24683.4487,9.533,24307.152,9.5873,25800.9307,9.774,24135.727
208,20181026,300665.SZ,9.67,9.79,9.6,9.69,9.65,0.04,0.4145,21654.53,20989.138,2.9936,0.78,9.67,24295.33,9.7367,25468.35,9.7025,25442.2625,9.72,26469.234,9.5475,25989.4037,9.527,26592.257,9.6007,26674.3753,9.835,25025.9335
209,20181025,300665.SZ,9.54,9.66,9.42,9.65,9.87,-0.22,-2.229,26936.13,25695.067,3.7238,0.99,9.76,27375.26,9.7067,26704.84,9.7275,27672.91,9.636,27609.52,9.505,26101.8075,9.502,27451.334,9.6513,25922.002,9.8865,25080.862
210,20181024,300665.SZ,9.49,9.87,9.49,9.87,9.6,0.27,2.8125,27814.39,27132.058,3.8452,1.06,9.735,26589.195,9.7533,27918.5033,9.6325,27777.8675,9.516,27254.88,9.4912,27166.4887,9.467,28298.665,9.696,25215.4467,9.938,24687.803
211,20181023,300665.SZ,9.75,9.81,9.46,9.6,9.79,-0.19,-1.9408,25364.0,24521.046,3.5064,0.99,9.695,27970.56,9.5533,27765.6933,9.4275,27115.0025,9.434,26302.036,9.4375,27470.3525,9.507,28543.526,9.7413,24507.4607,9.9775,24271.4445
212,20181022,300665.SZ,9.42,9.83,9.36,9.79,9.27,0.52,5.6095,30577.12,29441.166,4.2271,1.14,9.53,28966.54,9.37,27698.67,9.3925,26536.545,9.384,25739.988,9.4,28726.0325,9.54,27264.238,9.8047,24556.1973,10.0105,23570.2095
213,20181019,300665.SZ,9.03,9.32,8.85,9.27,9.05,0.22,2.4309,27355.96,24968.514,3.7818,1.0,9.16,26259.445,9.26,25189.6867,9.2825,24530.705,9.334,26715.28,9.46,28686.7675,9.541,26776.946,9.8733,24544.8333,10.0485,22634.8125
214,20181018,300665.SZ,9.39,9.44,9.01,9.05,9.46,-0.41,-4.334,25162.93,23097.968,3.4786,0.86,9.255,24106.55,9.2867,23588.9533,9.35,26555.11,9.368,27293.148,9.5425,26838.6625,9.659,25078.243,9.97,24237.976,10.1235,21966.808
215,20181017,300665.SZ,9.58,9.58,9.16,9.46,9.35,0.11,1.1765,23050.17,21651.75,3.1866,0.75,9.405,22801.965,9.45,27019.17,9.4475,27825.7025,9.418,29342.45,9.6362,26906.3212,9.786,24195.73,10.0787,23832.1107,10.2045,21263.677
216,20181016,300665.SZ,9.52,9.93,9.28,9.35,9.54,-0.19,-1.9916,22553.76,21471.725,3.1179,0.78,9.445,29003.67,9.4433,29417.5467,9.4075,30915.52,9.58,30785.016,9.76,25321.1662,9.895,23610.173,10.1587,23594.5807,10.2615,20675.0885
217,20181015,300665.SZ,9.3,9.89,9.3,9.54,9.44,0.1,1.0593,35453.58,34255.532,4.9013,1.32,9.49,32849.44,9.4267,33702.7733,9.6375,32842.83,9.696,28788.488,9.8812,24544.1712,10.015,23964.302,10.2193,22846.95,10.316,20213.5605
218,20181012,300665.SZ,9.33,9.74,8.81,9.44,9.3,0.14,1.5054,30245.3,27979.859,4.1812,1.32,9.37,32827.37,9.67,31972.58,9.735,27122.215,9.748,26838.612,10.0075,22261.7987,10.143,23459.61,10.2867,21274.6567,10.38,19112.5315
219,20181011,300665.SZ,9.93,10.14,9.24,9.3,10.27,-0.97,-9.445,35409.44,34256.277,4.8952,1.86,9.785,32836.22,9.8333,26081.1867,9.825,25986.94,9.95,22863.338,10.1462,21743.0175,10.271,22710.39,10.3753,20191.3613,10.4465,18165.2565
220,20181010,300665.SZ,9.93,10.38,9.87,10.27,9.93,0.34,3.424,30263.0,30830.629,4.1837,1.84,10.1,21417.06,10.0,22846.1067,10.1125,19726.8125,10.154,19049.01,10.3362,21117.67,10.409,21076.941,10.4667,18570.7527,10.52,16983.5745
221,20181009,300665.SZ,9.81,9.95,9.81,9.93,9.8,0.13,1.3265,12571.12,12419.867,1.7379,0.66,9.865,19137.66,10.06,16214.75,10.125,16245.5125,10.21,16435.33,10.3925,20178.9325,10.448,19999.363,10.4887,17305.1127,10.5555,16338.7845
222,20181008,300665.SZ,10.3,10.3,9.73,9.8,10.45,-0.65,-6.2201,25704.2,25774.877,3.5535,1.28,10.125,18036.565,10.19,17470.31,10.28,17401.3825,10.334,19140.116,10.4862,20991.9112,10.481,19876.181,10.5227,17355.2513,10.6005,16373.9385
223,20180928,300665.SZ,10.35,10.47,10.34,10.45,10.32,0.13,1.2597,10368.93,10788.171,1.4334,0.46,10.385,13353.365,10.44,14633.7767,10.4675,17499.095,10.538,20080.608,10.5937,20214.7887,10.556,18492.679,10.5907,16537.1713,10.6585,15830.3085
224,20180927,300665.SZ,10.55,10.57,10.28,10.32,10.55,-0.23,-2.1801,16337.8,17060.727,2.2586,0.71,10.435,16766.2,10.4733,19875.8167,10.56,22508.5275,10.592,22557.442,10.57,20336.085,10.588,18855.373,10.612,16599.2293,10.6935,15952.1895
225,20180926,300665.SZ,10.58,10.62,10.48,10.55,10.55,0.0,0.0,17194.6,18142.088,2.3771,0.73,10.55,21644.825,10.64,24565.4367,10.66,24112.3525,10.664,23104.872,10.5987,19777.5075,10.623,18331.624,10.642,16295.096,10.7475,15630.4785
226,20180925,300665.SZ,10.9,10.9,10.5,10.55,10.82,-0.27,-2.4954,26095.05,27734.288,3.6075,1.27,10.685,28250.855,10.6967,26418.27,10.6925,24582.44,10.686,23563.396,10.6262,19377.6662,10.628,17740.004,10.6707,16306.6027,10.799,15533.0275
227,20180921,300665.SZ,10.7,11.13,10.56,10.82,10.72,0.1,0.9328,30406.66,32809.962,4.2036,1.8,10.77,26579.88,10.74,24078.2367,10.72,22930.4825,10.628,20612.246,10.6412,17503.3237,10.617,16462.819,10.6893,15451.8793,10.85,15096.009
228,20180920,300665.SZ,10.63,10.82,10.5,10.72,10.68,0.04,0.3745,22753.1,24320.734,3.1455,1.5,10.7,20914.025,10.6867,20438.4233,10.58,18163.6425,10.574,16904.75,10.6137,15112.2912,10.617,14765.453,10.6987,14413.542,10.872,14189.486
229,20180919,300665.SZ,10.6,10.77,10.51,10.68,10.66,0.02,0.1876,19074.95,20330.561,2.637,1.41,10.67,19281.085,10.5333,16633.8233,10.5375,15442.6625,10.584,15153.304,10.5787,13933.5537,10.622,13620.123,10.7273,13750.4387,10.895,13745.101
230,20180918,300665.SZ,10.26,10.66,10.2,10.66,10.26,0.4,3.8986,19487.22,20463.344,2.694,1.64,10.46,15413.26,10.49,14231.9,10.56,14172.8925,10.582,13558.376,10.5962,13228.31,10.631,12890.208,10.7753,13139.014,10.918,13434.1235
231,20180917,300665.SZ,10.56,10.56,10.25,10.26,10.55,-0.29,-2.7488,11339.3,11736.754,1.5676,0.92,10.405,11604.24,10.5267,12401.45,10.5625,12076.165,10.57,11916.612,10.61,12204.8825,10.663,12678.206,10.8367,12856.238,10.957,13224.149
232,20180914,300665.SZ,10.85,10.85,10.52,10.55,10.77,-0.22,-2.0427,11869.18,12677.345,1.6408,0.94,10.66,12932.525,10.6633,12321.7867,10.6475,12060.94,10.606,12313.392,10.6737,12259.445,10.72,12871.696,10.924,13257.2633,11.008,13726.494
233,20180913,300665.SZ,10.68,10.79,10.63,10.77,10.67,0.1,0.9372,13995.87,15002.874,1.9349,1.16,10.72,12548.09,10.68,12124.86,10.62,12424.445,10.66,12626.156,10.7275,12946.6975,10.761,13167.938,10.9713,13284.398,11.0455,13897.804
234,20180912,300665.SZ,10.56,10.72,10.5,10.67,10.6,0.07,0.6604,11100.31,11770.838,1.5346,0.91,10.635,11189.355,10.57,11900.6367,10.6325,12283.7275,10.66,12086.942,10.735,12856.4887,10.799,13049.006,10.9987,13275.7,11.086,13890.9805
235,20180911,300665.SZ,10.39,10.75,10.32,10.6,10.44,0.16,1.5326,11278.4,11887.629,1.5592,0.84,10.52,12300.8,10.62,12678.2,10.6575,12333.6,10.68,12222.04,10.7712,13322.9,10.872,12929.333,11.03,13392.706,11.137,14146.2425
236,20180910,300665.SZ,10.86,10.86,10.44,10.44,10.82,-0.38,-3.512,13323.2,14145.104,1.8419,0.99,10.63,13378.1,10.6767,12685.3333,10.7,12457.95,10.756,13439.8,10.84,13513.9187,10.97,13326.051,11.086,13659.9947,11.205,14371.7365
237,20180907,300665.SZ,10.84,10.94,10.66,10.82,10.77,0.05,0.4643,13433.0,14556.979,1.857,0.98,10.795,12366.4,10.7867,12169.5333,10.835,13468.95,10.834,13430.0,10.96,13086.4662,11.083,13729.199,11.142,14197.528,11.2835,14678.903
238,20180906,300665.SZ,10.82,10.85,10.67,10.77,10.77,0.0,0.0,11299.8,12172.014,1.5621,0.81,10.77,11537.8,10.84,13480.9333,10.8375,13429.25,10.862,13709.72,11.055,13313.0387,11.127,13613.519,11.174,14321.6867,11.3415,14937.1695
239,20180905,300665.SZ,10.98,11.04,10.74,10.77,10.98,-0.21,-1.9126,11775.8,12811.273,1.6279,0.86,10.875,14571.5,10.86,14139.0667,10.885,14312.2,10.938,14011.07,11.155,14069.8987,11.168,13870.079,11.228,14492.3267,11.3965,15558.0695
240,20180904,300665.SZ,10.87,11.04,10.77,10.98,10.83,0.15,1.385,17367.2,18923.98,2.4009,1.31,10.905,15320.7,10.9233,15157.6667,10.98,14569.8875,11.064,13636.626,11.2162,14132.4487,11.205,13978.039,11.2893,14787.6433,11.437,16202.377
241,20180903,300665.SZ,10.9,11.03,10.64,10.83,10.96,-0.13,-1.1861,13274.2,14335.171,1.8351,0.95,10.895,14052.9,10.98,13637.45,11.085,12703.9825,11.184,13212.302,11.2412,13694.7237,11.251,13770.092,11.3547,14682.382,11.481,16601.357
242,20180831,300665.SZ,11.0,11.19,10.92,10.96,11.15,-0.19,-1.704,14831.6,16354.059,2.0504,1.1,11.055,13819.075,11.17,12513.91,11.2725,13196.8275,11.332,14028.398,11.28,13642.3737,11.296,14581.292,11.4333,15095.204,11.5085,17033.147
243,20180830,300665.SZ,11.43,11.5,11.12,11.15,11.4,-0.25,-2.193,12806.55,14462.425,1.7704,0.93,11.275,11355.065,11.3767,12651.9033,11.425,13827.5975,11.392,13517.318,11.34,13699.39,11.33,14627.67,11.5013,15346.3193,11.5615,17101.807
244,20180829,300665.SZ,11.53,11.57,11.38,11.4,11.58,-0.18,-1.5544,9903.58,11358.143,1.3691,0.69,11.49,12574.58,11.5167,14167.9467,11.4525,13695.01,11.398,13729.088,11.3562,14771.8462,11.373,14732.955,11.5493,16073.736,11.616,18297.276
245,20180828,300665.SZ,11.55,11.68,11.4,11.58,11.57,0.01,0.0864,15245.58,17524.242,2.1076,1.06,11.575,16300.13,11.47,14958.82,11.3975,14685.465,11.346,14319.452,11.3437,15445.8212,11.402,15363.152,11.5613,17057.6273,11.684,19855.0035
246,20180827,300665.SZ,11.37,11.6,11.23,11.57,11.26,0.31,2.7531,17354.68,19843.158,2.3992,1.15,11.415,14815.44,11.3367,14498.76,11.2875,14087.92,11.318,14327.882,11.3437,15272.5487,11.44,15417.422,11.58,17731.042,11.7615,23575.631
247,20180824,300665.SZ,11.34,11.34,11.07,11.26,11.18,0.08,0.7156,12276.2,13787.393,1.6971,0.78,11.22,13070.8,11.1933,12999.0,11.255,13571.1825,11.26,15134.186,11.3587,15128.9075,11.484,15628.607,11.5673,18034.73,11.888,28856.0545
248,20180823,300665.SZ,11.13,11.34,11.0,11.18,11.14,0.04,0.3591,13865.4,15552.561,1.9168,0.88,11.16,13360.4,11.2533,14002.8433,11.26,15848.6825,11.268,15738.022,11.4462,15567.9175,11.556,16260.82,11.618,18296.6367,11.9805,29355.4835
249,20180822,300665.SZ,11.47,11.55,11.09,11.14,11.44,-0.3,-2.6224,12855.4,14481.577,1.7772,0.78,11.29,14071.565,11.2867,16509.7767,11.29,16206.1775,11.348,15736.822,11.55,16268.0587,11.625,17246.06,11.6887,19820.0053,12.095,31018.022
250,20180821,300665.SZ,11.26,11.6,11.22,11.44,11.28,0.16,1.4184,15287.73,17408.252,2.1134,0.93,11.36,18336.965,11.34,17323.1033,11.4,16457.1775,11.458,16406.852,11.655,16985.925,11.669,18426.715,11.7967,21700.1873,12.2405,33978.716
251,20180820,300665.SZ,11.28,11.41,10.9,11.28,11.3,-0.02,-0.177,21386.2,23796.097,2.9565,1.33,11.29,18340.79,11.3867,16846.9933,11.4625,16686.6325,11.562,16506.962,11.7087,18039.6837,11.711,19432.622,11.9093,26658.214,12.3605,35693.238
252,20180817,300665.SZ,11.69,11.83,11.23,11.3,11.58,-0.28,-2.418,15295.38,17602.968,2.1145,0.91,11.44,14577.39,11.5233,15120.11,11.6325,15287.1525,11.708,16123.028,11.7462,18449.1525,11.721,19485.002,12.0973,33430.0107,12.472,36264.739
253,20180816,300665.SZ,11.45,11.8,11.36,11.58,11.69,-0.11,-0.941,13859.4,16067.551,1.916,0.74,11.635,15032.475,11.7433,15284.41,11.81,16329.94,11.844,16783.618,11.8162,19705.58,11.793,19575.944,12.218,33894.6373,12.563,36858.79
254,20180815,300665.SZ,12.0,12.15,11.65,11.69,11.96,-0.27,-2.2575,16205.55,19238.552,2.2403,0.79,11.825,15996.915,11.8867,17153.4533,11.91,17514.6725,11.902,18755.298,11.7912,20711.905,11.859,21861.597,12.344,36111.7553,12.65,37715.1755
255,20180814,300665.SZ,12.0,12.09,11.86,11.96,12.01,-0.05,-0.4163,15788.28,18879.857,2.1826,0.71,11.985,17627.405,11.9833,17951.0467,11.955,19392.735,11.88,20446.578,11.8325,20711.8112,11.966,24346.855,12.5013,39836.004,12.7315,38305.9345
256,20180813,300665.SZ,11.83,12.08,11.64,12.01,11.98,0.03,0.2504,19466.53,23026.353,2.6911,0.85,11.995,19032.43,11.9533,20594.22,11.86,21611.1525,11.86,22358.282,11.8675,23327.7675,12.083,31733.84,12.6267,42088.6633,12.8215,39396.0095
257,20180810,300665.SZ,11.83,12.03,11.81,11.98,11.87,0.11,0.9267,18598.33,22154.883,2.5711,0.83,11.925,21158.065,11.81,22326.0267,11.8225,23081.22,11.734,22846.976,11.9612,26026.7175,12.292,42083.502,12.7267,42978.6427,12.901,39707.763
258,20180809,300665.SZ,11.45,11.97,11.45,11.87,11.58,0.29,2.5043,23717.8,28061.257,3.2789,0.95,11.725,24189.875,11.77,24575.5167,11.6725,23909.1375,11.742,22368.27,12.105,34909.1925,12.405,42450.147,12.8027,43550.514,12.969,40668.1755
259,20180808,300665.SZ,12.05,12.25,11.44,11.58,11.86,-0.28,-2.3609,24661.95,29277.565,3.4094,0.87,11.72,25004.375,11.6067,23972.9167,11.71,22030.8875,11.816,24967.896,12.3837,47314.8612,12.565,44789.984,12.8993,44035.1347,13.061,42309.2545
260,20180807,300665.SZ,11.46,11.99,11.4,11.86,11.38,0.48,4.2179,25346.8,29718.863,3.5041,0.62,11.62,23628.4,11.7533,21153.8667,11.875,25044.3825,12.052,28247.132,12.575,47015.215,12.812,49530.717,13.0153,44259.0533,13.1595,44259.727
261,20180806,300665.SZ,12.01,12.02,11.31,11.38,12.02,-0.64,-5.3245,21910.0,25554.484,3.0289,0.36,11.7,19057.4,11.88,24943.5767,12.1,28972.215,12.306,41109.398,12.7762,49736.3862,13.01,51953.854,13.142,45075.252,13.2765,46978.575
262,20180803,300665.SZ,12.35,12.35,12.01,12.02,12.24,-0.22,-1.7974,16204.8,19715.169,2.2402,0.26,12.13,26460.365,12.34,31326.2867,12.5375,45909.2475,12.85,61320.028,13.11,56006.2962,13.223,53044.476,13.29,45328.0253,13.353,46747.774
263,20180802,300665.SZ,12.65,12.7,11.81,12.24,12.76,-0.52,-4.0752,36715.93,44955.999,5.0758,0.57,12.5,38887.03,12.71,55810.73,13.0575,72598.835,13.068,62532.024,13.3375,60177.9675,13.333,54141.636,13.378,46768.144,13.378,46992.534
264,20180801,300665.SZ,13.22,13.35,12.73,12.76,13.13,-0.37,-2.818,41058.13,53650.128,5.6761,0.58,12.945,65358.13,13.33,84559.8033,13.275,68986.0475,13.314,64612.072,13.4962,59690.5037,13.441,53568.754,13.476,48089.7073,13.801,45906.4055
265,20180731,300665.SZ,13.53,13.53,13.0,13.13,14.1,-0.97,-6.8794,89658.13,118497.096,12.3947,1.43,13.615,106310.64,13.4467,78295.3533,13.4525,70500.5575,13.572,70814.302,13.5412,57955.2875,13.497,52265.014,13.5287,49597.2587,14.212,44486.049
266,20180730,300665.SZ,13.1,14.42,13.09,14.1,13.11,0.99,7.5515,122963.15,175092.201,16.999,2.75,13.605,72613.965,13.56,64114.7,13.6825,66103.345,13.714,62798.31,13.565,50621.41,13.56,47058.179,13.6,48934.9673,14.656,40541.5775
267,20180727,300665.SZ,13.32,13.55,13.11,13.11,13.47,-0.36,-2.6726,22264.78,29663.699,3.078,0.49,13.29,34690.475,13.5433,47150.0767,13.6175,47757.1,13.596,44768.924,13.4675,38753.6075,13.51,37332.024,13.5207,41890.356,15.0265,35178.3055
268,20180726,300665.SZ,13.8,13.98,13.42,13.47,14.05,-0.58,-4.1281,47116.17,64167.144,6.5136,1.11,13.76,59592.725,13.7867,56254.54,13.7175,50394.96,13.598,45751.248,13.5487,40669.2325,13.533,38886.204,13.4813,41812.704,15.45,34753.4165
269,20180725,300665.SZ,14.46,14.99,13.96,14.05,13.84,0.21,1.5173,72069.28,103748.709,9.9632,2.14,13.945,60823.725,13.8,51487.89,13.63,45410.0175,13.568,42525.436,13.565,37992.4112,13.557,39828.525,13.9633,39671.1833,15.82,32927.418
270,20180724,300665.SZ,13.37,14.86,13.24,13.84,13.51,0.33,2.4426,49578.17,68952.127,6.8539,1.58,13.675,41197.195,13.49,36523.5967,13.4475,35139.475,13.422,33715.726,13.4762,33709.5737,13.507,38988.737,14.4253,35709.9647,16.1815,30138.699
271,20180723,300665.SZ,13.0,13.55,12.88,13.51,13.12,0.39,2.9726,32816.22,43362.258,4.5367,1.1,13.315,29996.31,13.3167,30326.5767,13.3175,29750.115,13.406,31318.048,13.46,34579.725,13.543,42003.296,14.97,33122.6667,16.5325,28295.0355
272,20180720,300665.SZ,13.38,13.38,12.89,13.12,13.32,-0.2,-1.5015,27176.4,35787.809,3.757,0.85,13.22,29081.755,13.2533,28728.08,13.38,30943.505,13.424,29895.124,13.465,38436.6225,13.483,40451.072,15.5033,31981.4327,16.8845,27629.6745
273,20180719,300665.SZ,13.34,13.45,12.66,13.32,13.32,0.0,0.0,30987.11,40284.808,4.2838,0.83,13.32,29503.92,13.4667,32199.2067,13.5,30574.805,13.468,32021.16,13.6,45005.0425,13.423,39843.432,16.0673,31087.4727,17.2875,26896.6045
274,20180718,300665.SZ,13.62,13.86,13.22,13.32,13.76,-0.44,-3.2,28020.73,38004.952,3.8737,0.63,13.54,32805.255,13.56,30437.37,13.505,32279.6725,13.546,37131.614,13.5487,43293.4012,14.161,38244.057,16.5707,29728.0787,17.6565,26165.349
275,20180717,300665.SZ,13.6,13.92,13.3,13.76,13.6,0.16,1.18,37589.78,51389.482,5.1966,0.71,13.68,31645.69,13.5667,33699.32,13.6025,39409.335,13.592,44261.748,13.4487,42428.31,14.927,36707.084,17.1013,28946.3567,18.0315,25427.0625
276,20180716,300665.SZ,13.45,13.65,13.21,13.6,13.34,0.26,1.95,25701.6,34607.172,3.5531,0.5,13.47,31754.09,13.55,40015.8533,13.55,45929.74,13.68,52688.544,14.3162,39603.7575,15.752,34024.976,17.5747,27287.3647,18.3475,24400.874
277,20180713,300665.SZ,13.57,13.71,13.2,13.34,13.71,-0.37,-2.7,37806.58,50656.216,5.2266,0.79,13.525,47172.98,13.5333,52672.4533,13.7,59435.28,13.542,51007.02,15.2387,37972.4325,16.543,33024.587,18.038,26874.5247,18.783,23763.098
278,20180712,300665.SZ,13.65,14.0,13.42,13.71,13.55,0.16,1.18,56539.38,77311.194,7.8163,1.44,13.63,60105.39,13.82,66644.8467,13.5925,54307.13,13.378,47665.704,16.3225,34592.6975,17.367,30620.629,18.5607,25188.4193,19.3185,22483.5145
279,20180711,300665.SZ,13.74,14.68,13.13,13.55,14.2,-0.65,-4.58,63671.4,86174.999,8.8022,2.18,13.875,71697.58,13.5533,53563.0467,13.295,45447.285,14.776,39356.5,17.2975,29487.4887,18.083,26026.311,19.0267,22509.9273,19.8255,20776.7695
280,20180710,300665.SZ,12.98,14.2,12.88,14.2,12.91,1.29,9.99,79723.76,111669.257,11.0214,5.19,13.555,48508.87,13.21,39372.58,15.0825,33277.775,16.262,29152.42,18.3012,23249.4387,18.856,21288.661,19.5113,19148.834,20.4105,18658.4495
281,20180709,300665.SZ,12.6,13.0,12.52,12.91,12.52,0.39,3.12,17293.98,22121.82,2.3908,1.15,12.715,19196.99,15.3767,17795.78,16.7775,16509.585,17.824,15361.408,19.135,14608.4937,19.522,14586.775,19.9033,14971.6507,20.952,16413.039
282,20180706,300665.SZ,13.1,13.1,12.2,12.52,12.91,-0.39,-3.02,21100.0,26750.048,2.917,1.55,16.61,18046.68,18.0667,16248.12,19.0525,14878.265,19.544,15042.154,20.1812,14483.6087,20.286,14808.277,20.53,14681.7907,21.6965,16525.779
283,20180705,300665.SZ,20.98,21.88,20.54,20.7,20.98,-0.28,-1.33,14993.36,31926.893,3.3164,1.18,20.84,13822.18,21.23,12804.3533,21.3,13527.6925,21.356,13575.554,21.2237,13434.2212,21.152,13949.777,21.2987,14089.4513,22.4825,16541.041
284,20180704,300665.SZ,22.0,22.0,20.82,20.98,22.01,-1.03,-4.68,12651.0,26938.725,2.7983,0.94,21.495,11709.85,21.5,13039.1367,21.52,13221.1025,21.39,12696.122,21.205,13998.6762,21.152,14086.641,21.5087,14583.526,22.903,17002.643
285,20180703,300665.SZ,21.35,22.04,21.35,22.01,21.51,0.5,2.32,10768.7,23404.403,2.3819,0.78,21.76,13233.205,21.7,13411.1367,21.4925,12707.4025,21.45,13424.902,21.23,13981.6762,21.136,14147.041,21.7933,15160.4593,23.2865,17535.8625
286,20180702,300665.SZ,22.16,22.5,21.23,21.51,21.58,-0.07,-0.32,15697.71,34349.982,3.4722,1.08,21.545,14732.355,21.32,13353.6367,21.31,14088.9525,21.22,13812.142,21.0662,14680.8387,20.943,14776.772,21.9947,16763.5827,23.576,18090.705
287,20180629,300665.SZ,20.99,21.93,20.99,21.58,20.87,0.71,3.4,13767.0,29558.407,3.0451,0.96,21.225,12181.6,21.2433,13552.7,21.1475,13340.75,21.028,14574.4,20.98,14375.5,21.023,14501.609,22.414,17020.3207,23.85,18270.9195
288,20180628,300665.SZ,21.02,21.41,20.8,20.87,21.28,-0.41,-1.93,10596.2,22360.068,2.3437,0.68,21.075,13445.55,21.0033,13198.6667,20.89,14776.25,20.948,14324.0,20.7925,14787.8762,21.27,14346.4,22.858,17529.5367,24.1355,18554.7695
289,20180627,300665.SZ,20.8,22.2,20.8,21.28,20.86,0.42,2.01,16294.9,34888.268,3.6042,1.1,21.07,14499.9,20.8967,16169.6,20.9675,15255.95,20.914,15477.16,20.9725,15081.6112,21.568,15527.228,23.4073,18438.15,24.41,19513.21
290,20180626,300665.SZ,20.33,20.96,20.21,20.86,20.55,0.31,1.51,12704.9,26302.193,2.8102,0.81,20.705,16106.95,20.8633,14909.6333,20.8225,15272.725,20.822,14869.18,21.3187,14571.6125,21.965,16028.238,23.8987,18906.1827,24.8105,20475.0155
291,20180625,300665.SZ,20.8,21.21,20.22,20.55,21.18,-0.63,-2.97,19509.0,40378.04,4.3151,1.35,20.865,16012.0,20.81,16128.6667,20.8125,15410.25,20.666,15741.402,21.6925,15784.06,22.382,18239.303,24.3613,19516.8927,25.2275,22027.49
292,20180622,300665.SZ,20.0,21.31,19.91,21.18,20.7,0.48,2.32,12515.0,26052.614,2.7682,0.87,20.94,14438.5,20.9,14044.0,20.695,14799.5025,21.018,14428.818,22.28,16008.56,23.107,18243.281,24.7907,19503.0927,25.6525,22489.493
293,20180621,300665.SZ,20.6,21.58,20.48,20.7,20.82,-0.12,-0.58,16362.0,34500.814,3.6191,1.05,20.76,14808.5,20.5333,15561.0033,20.9775,14907.2725,21.592,14368.8,22.7612,18796.1287,23.813,19132.305,25.198,19965.026,26.0065,22699.643
294,20180620,300665.SZ,19.8,21.13,19.8,20.82,20.08,0.74,3.69,13255.0,27220.455,2.9318,0.77,20.45,15160.505,21.07,14422.3633,21.815,13870.5,22.222,15577.296,23.6487,19194.4762,24.654,19918.645,25.5753,20858.56,26.388,22957.593
295,20180619,300665.SZ,21.71,21.95,20.08,20.08,22.31,-2.23,-10.0,17066.01,35503.444,3.7748,0.82,21.195,15006.045,22.1467,14075.6667,22.5725,16157.87,23.108,17187.296,24.5762,20213.2562,25.437,20924.684,26.14,22343.6273,26.799,23592.143
296,20180615,300665.SZ,23.98,24.22,22.11,22.31,24.05,-1.74,-7.23,12946.08,29838.574,2.8635,0.59,23.18,12580.495,23.4033,15855.1567,23.865,17217.6175,24.098,20737.204,25.705,21108.18,26.209,21404.638,26.748,24122.8527,27.2415,24191.9005
297,20180614,300665.SZ,23.57,24.35,23.52,24.05,23.85,0.2,0.84,12214.91,29339.107,2.7018,0.51,23.95,17309.695,24.3833,18641.4633,24.545,22684.985,25.196,22057.744,26.4975,22404.3437,26.677,22040.23,27.1973,25176.3847,27.5355,24811.1545
298,20180613,300665.SZ,24.98,24.98,23.67,23.85,25.25,-1.4,-5.54,22404.48,54599.403,4.9556,0.92,24.55,21854.74,24.71,26175.01,25.4825,24518.4525,26.034,23895.81,26.9662,23610.6737,27.001,22763.139,27.478,25476.5907,27.7265,25437.367
299,20180612,300665.SZ,25.1,25.36,23.41,25.25,25.03,0.22,0.88,21305.0,52641.553,11.2132,0.86,25.14,28060.275,26.0267,25223.11,26.58,24268.6425,27.086,24259.994,27.3587,23222.8637,27.252,23499.192,27.7767,25417.692,27.894,25179.1125
300,20180611,300665.SZ,27.13,27.4,25.02,25.03,27.8,-2.77,-9.96,34815.55,90081.168,18.324,1.58,26.415,27182.165,27.0233,25256.5233,27.545,24998.7425,27.766,24662.072,27.6137,22990.2387,27.656,24921.793,28.0293,25727.092,28.0065,25308.182
301,20180608,300665.SZ,27.79,28.44,27.0,27.8,28.24,-0.44,-1.56,19548.78,53952.987,10.2888,0.89,28.02,20477.01,28.3833,21726.4733,28.45,22123.7025,28.32,22072.072,27.78,22358.9212,28.073,25815.677,28.2893,25343.466,28.074,24179.9545
302,20180607,300665.SZ,30.0,30.0,28.24,28.24,29.11,-0.87,-2.99,21405.24,61674.196,11.2659,0.99,28.675,22815.32,28.6667,22982.01,28.45,22702.895,28.158,22022.716,27.9662,24356.7,28.198,26735.705,28.3153,25728.958,28.02,24057.0655
303,20180606,300665.SZ,28.38,29.13,28.21,29.11,28.65,0.46,1.61,24225.4,69357.25,12.7502,1.07,28.88,23770.395,28.52,23135.4467,28.1375,22177.085,27.968,21630.468,28.0862,27150.3437,28.2,26266.981,28.2907,25951.2193,27.9905,24223.8185
304,20180605,300665.SZ,28.3,28.99,27.8,28.65,27.8,0.85,3.06,23315.39,66013.177,12.2713,0.93,28.225,22590.47,27.8133,21494.3133,27.6825,20981.735,27.418,22738.39,28.0787,27715.8012,28.122,25996.541,28.1633,25485.4853,27.898,23914.0635
305,20180604,300665.SZ,27.04,28.12,26.7,27.8,26.99,0.81,3.0,21865.55,60204.612,11.5082,0.74,27.395,20583.775,27.36,20203.85,27.11,22594.14,27.546,25181.514,28.03,26891.1275,28.161,26259.602,28.0867,25523.552,27.8255,23959.752
306,20180601,300665.SZ,27.24,27.97,26.5,26.99,27.29,-0.3,-1.1,19302.0,52589.814,10.1589,0.61,27.14,19373.0,26.88,22837.0033,27.4825,26010.505,27.826,29559.282,28.0962,26848.0587,28.274,26979.163,27.992,24882.582,27.758,23978.9245
307,20180531,300665.SZ,26.78,27.58,26.5,27.29,26.36,0.93,3.53,19444.0,52687.02,10.2337,0.63,26.825,24604.505,27.6467,28246.6733,28.035,32123.6025,28.238,31448.694,28.3525,27678.5587,28.394,27582.079,27.974,24735.182,27.6835,23822.7395
308,20180530,300665.SZ,27.5,28.2,26.36,26.36,29.29,-2.93,-10.0,29765.01,81361.578,15.6658,1.02,27.825,32648.01,28.2833,36350.1367,28.475,34449.8675,28.432,30903.494,28.5575,28880.7037,28.452,28111.595,27.998,25088.2687,27.6275,23673.054
309,20180529,300665.SZ,29.0,30.86,28.61,29.29,29.2,0.09,0.31,35531.01,105791.088,18.7005,1.3,29.245,39642.7,29.18,36011.4867,28.95,31188.115,28.826,29254.692,28.7862,28326.4725,28.536,26859.033,28.058,24305.9547,27.5675,23046.0185
310,20180528,300665.SZ,29.24,31.88,28.5,29.2,29.05,0.15,0.52,43754.39,131265.983,23.0286,1.79,29.125,36251.725,28.8367,29740.4833,28.71,27685.6125,28.776,27337.69,28.6087,26977.4912,28.357,25694.571,27.9187,23552.498,27.4045,22650.868
311,20180525,300665.SZ,28.35,29.5,28.08,29.05,28.26,0.79,2.8,28749.06,83200.835,15.1311,1.21,28.655,22733.53,28.5467,22329.3533,28.67,23233.515,28.722,24399.044,28.3587,23663.1162,28.075,22544.232,27.7353,22118.8053,27.3365,22730.546
312,20180524,300665.SZ,28.18,28.71,28.01,28.26,28.33,-0.07,-0.25,16718.0,47378.721,8.7989,0.66,28.295,19119.5,28.5433,21395.0,28.64,23311.54,28.55,23715.464,28.165,23055.2825,27.842,21378.426,27.4987,21280.7547,27.244,23733.843
313,20180523,300665.SZ,28.73,29.5,28.32,28.33,29.04,-0.71,-2.44,21521.0,62011.338,11.3268,0.88,28.685,23733.5,28.7667,25509.3867,28.6225,25464.83,28.472,25319.696,27.93,22496.9075,27.781,22180.656,27.3593,21262.9073,27.191,23859.543
314,20180522,300665.SZ,29.0,29.77,28.72,29.04,28.93,0.11,0.38,25946.0,75618.572,13.6558,1.08,28.985,27503.58,28.72,26779.44,28.5075,26269.37,28.246,24463.374,27.7287,21943.1575,27.674,21831.586,27.148,20976.4607,27.011,23640.993
315,20180521,300665.SZ,27.56,29.45,27.56,28.93,28.19,0.74,2.63,29061.16,83447.888,15.2953,1.4,28.56,27196.16,28.33,26377.16,28.0475,24092.7175,27.938,24051.452,27.555,21792.445,27.49,21659.902,26.9473,21088.594,26.7955,23354.093
316,20180518,300665.SZ,27.84,28.19,27.25,28.19,27.87,0.32,1.15,25331.16,70311.212,13.3322,1.33,28.03,25035.16,27.7533,22436.57,27.69,22799.025,27.428,20689.42,27.3462,20413.5875,27.242,20978.686,26.8747,22174.38,26.6375,23130.235
317,20180517,300665.SZ,27.05,28.0,27.05,27.87,27.2,0.67,2.46,24739.16,68227.242,13.0206,1.3,27.535,20989.275,27.5233,21954.98,27.2375,19528.985,27.134,19041.388,27.2225,20275.8375,26.973,20063.4,26.8087,23739.9693,26.558,23394.4375
318,20180516,300665.SZ,27.3,27.68,26.98,27.2,27.5,-0.3,-1.09,17239.39,47084.588,9.0734,0.9,27.35,20562.89,27.0267,17792.26,26.95,17616.945,27.09,19041.616,27.045,19964.5675,26.803,19234.513,26.764,23372.8253,26.473,24128.8295
319,20180515,300665.SZ,26.5,28.28,26.38,27.5,26.38,1.12,4.25,23886.39,65499.193,12.5718,1.24,26.94,18068.695,26.8667,17742.7967,27.0625,19492.1725,27.102,19199.798,26.8325,19831.9312,26.599,19233.004,26.5993,23366.866,26.507,26099.4125
320,20180514,300665.SZ,26.5,27.08,26.13,26.38,26.72,-0.34,-1.27,12251.0,32645.643,6.4479,0.58,26.55,14671.0,26.9167,18027.4333,27.0025,18028.15,27.042,19268.352,26.6662,18902.4187,26.452,19607.165,26.4147,23121.64,26.627,29093.04
321,20180511,300665.SZ,27.68,27.79,26.66,26.72,27.65,-0.93,-3.36,17091.0,46431.909,8.9953,0.81,27.185,20915.65,27.21,19953.8667,27.2075,21022.69,27.056,21267.952,26.5137,19524.0812,26.598,22916.86,26.374,23943.84,26.8555,28800.115
322,20180510,300665.SZ,27.36,28.27,27.31,27.65,27.26,0.39,1.43,24740.3,68791.734,13.0212,1.27,27.455,21385.3,27.37,22333.2533,27.14,22312.19,26.812,21085.412,26.4275,20841.2062,26.646,26089.26,26.366,24845.454,26.9265,28588.84
323,20180509,300665.SZ,27.15,27.27,26.82,27.26,27.2,0.06,0.22,18030.3,48748.544,9.4896,0.94,27.23,21129.73,26.97,21502.82,26.6025,20171.69,26.516,19427.41,26.4512,23417.1625,26.601,25538.43,26.2673,25824.5673,26.823,28270.125
324,20180508,300665.SZ,26.25,27.49,26.25,27.2,26.45,0.75,2.84,24229.16,65227.744,12.7522,1.21,26.825,23239.08,26.3833,20885.4867,26.33,19776.6875,26.096,19266.21,26.4437,27265.25,26.348,25450.4,26.3087,28399.284,26.7475,28383.21
325,20180507,300665.SZ,25.46,27.29,25.37,26.45,25.5,0.95,3.73,22249.0,58915.102,11.71,0.91,25.975,19213.65,26.04,18292.53,25.82,18025.4725,25.862,19945.978,26.4437,26640.605,26.101,25048.284,26.4887,32367.936,26.6795,28421.8635
326,20180504,300665.SZ,25.9,26.24,25.3,25.5,26.17,-0.67,-2.56,16178.3,41751.029,8.5149,0.52,25.835,16314.295,25.61,16617.63,25.715,19370.2225,26.14,24565.768,26.2287,26003.23,26.033,25281.784,26.7887,31310.836,26.649,28069.611
327,20180503,300665.SZ,25.59,26.49,25.06,26.17,25.16,1.01,4.01,16450.29,42366.632,8.658,0.52,25.665,16837.295,25.7867,20434.1967,26.3,26662.635,26.48,31093.108,26.1325,26506.9425,26.143,26725.475,26.9647,31089.9827,26.6595,28174.06
328,20180502,300665.SZ,25.77,26.21,24.83,25.16,26.03,-0.87,-3.34,17224.3,44075.895,9.0654,0.54,25.595,22426.15,26.3433,30066.75,26.5575,34753.8125,26.686,31649.45,26.0825,27523.6562,26.143,29023.146,26.9253,31217.6967,26.6535,28669.3095
329,20180427,300665.SZ,27.52,28.12,26.03,26.03,27.84,-1.81,-6.5,27628.0,74557.036,14.5411,0.92,26.935,36487.975,27.0233,40596.9833,27.0675,35255.7375,26.6,31634.59,26.2625,29197.52,26.415,32965.821,26.9647,31422.21,26.6735,29110.956
330,20180426,300665.SZ,27.0,28.27,26.26,27.84,27.2,0.64,2.35,45347.95,124095.898,23.8673,1.74,27.52,47081.475,27.4133,37798.3167,26.7425,32636.2375,26.34,30150.59,26.28,30672.395,26.802,38578.915,26.952,31247.1587,26.5995,28522.006
331,20180425,300665.SZ,27.93,28.29,26.63,27.2,27.2,0.0,0.0,48815.0,134343.928,25.6921,2.18,27.2,34023.5,26.3767,28399.0,25.965,26351.25,25.926,25997.8,26.285,32085.2825,27.113,34683.37,26.8187,29237.5587,26.405,26932.7755
332,20180424,300665.SZ,24.72,27.2,24.52,27.2,24.73,2.47,9.99,19232.0,50706.858,10.1221,0.73,25.965,18191.0,25.5533,18863.3333,25.6075,20293.5,25.806,22357.842,26.6225,36453.275,27.207,31088.42,26.7193,27201.044,26.211,25089.539
333,20180423,300665.SZ,24.73,25.28,23.12,24.73,24.73,0.0,0.0,17150.0,42444.559,9.0263,0.5,24.73,18679.0,25.0767,20647.3333,25.4575,23139.3025,25.6,26396.842,27.0912,34848.3375,27.045,31001.82,26.6427,27675.9293,25.983,25186.739
334,20180420,300665.SZ,25.6,25.82,24.66,24.73,25.77,-1.04,-4.04,20208.0,50963.951,10.6358,0.43,25.25,22396.0,25.7,25135.7367,25.8175,28708.5525,26.23,34297.052,27.5175,34312.775,27.147,31316.02,26.698,28269.7447,25.999,25064.289
335,20180419,300665.SZ,26.39,26.98,25.71,25.77,26.6,-0.83,-3.12,24584.0,64987.384,12.9389,0.57,26.185,27599.605,26.18,31542.07,26.605,37819.315,27.264,47007.24,27.6237,34082.525,27.258,31795.443,26.686,27979.1447,25.995,25330.689
336,20180418,300665.SZ,26.37,26.98,25.5,26.6,26.17,0.43,1.64,30615.21,80397.839,16.1133,0.77,26.385,35021.105,26.8833,42231.0867,27.6375,52613.05,28.3,43368.94,27.6212,33546.025,27.265,30857.438,26.5647,27244.434,25.952,25693.889
337,20180417,300665.SZ,27.94,28.48,26.05,26.17,27.88,-1.71,-6.13,39427.0,107582.931,20.7511,1.11,27.025,48039.025,27.9833,59945.6633,28.725,46557.3725,28.608,39818.998,27.5262,32844.4025,27.176,29622.645,26.346,26000.1047,25.8275,24603.7785
338,20180416,300665.SZ,30.0,30.49,27.6,27.88,29.9,-2.02,-6.76,56651.05,163467.77,29.8163,2.0,28.89,70204.995,29.5767,48934.1633,29.2175,39916.9975,28.49,35606.798,27.485,29816.5212,27.164,28315.473,26.1107,24783.3713,25.6875,23043.3285
339,20180413,300665.SZ,30.89,31.87,29.61,29.9,30.95,-1.05,-3.39,83758.94,257610.665,44.0837,5.05,30.425,45075.72,29.6633,34338.98,28.6425,30345.735,28.064,28334.988,27.2137,25018.55,26.932,25256.091,25.922,21986.7013,25.4545,20890.476
340,20180412,300665.SZ,30.95,30.95,30.95,30.95,28.14,2.81,9.99,6392.5,19784.787,3.3645,0.35,29.545,9629.0,28.2233,12541.3333,27.605,14479.0,27.252,16583.646,26.7325,17843.0925,26.397,18465.097,25.572,18105.172,25.1595,17233.779
341,20180411,300665.SZ,28.14,28.14,28.14,28.14,25.58,2.56,10.01,12865.5,36203.517,6.7713,0.66,26.86,15615.75,26.49,17174.5,26.3275,19131.4325,26.23,18345.936,26.0587,20301.1837,25.697,19182.181,25.1693,19802.2053,24.828,17452.204
342,20180410,300665.SZ,25.81,25.89,24.71,25.58,25.75,-0.17,-0.66,18366.0,46513.286,9.6663,0.87,25.665,19329.0,25.7233,21220.0767,25.7525,19716.045,25.744,19426.292,25.61,20674.1212,25.215,19090.658,24.9007,19532.0387,24.6705,17598.396
343,20180409,300665.SZ,24.8,25.76,24.8,25.75,25.84,-0.09,-0.35,20292.0,51269.974,10.68,0.91,25.795,22647.115,25.81,20166.06,25.785,19691.365,25.838,21024.148,25.4062,20073.7887,24.921,19371.658,24.7533,18855.5053,24.628,17538.446
344,20180404,300665.SZ,25.7,26.83,25.7,25.84,25.84,0.0,0.0,25002.23,65404.287,13.1591,1.23,25.84,20103.09,25.7967,19491.1533,25.86,21207.185,25.8,22177.194,25.1025,19031.0725,24.851,18812.558,24.5847,18408.972,24.5475,17295.8935
345,20180403,300665.SZ,25.25,25.87,24.81,25.84,25.71,0.13,0.51,15203.95,38499.513,8.0021,0.76,25.775,16735.615,25.8667,19942.17,25.79,21470.935,25.542,20346.548,24.7025,18552.7937,24.732,18865.935,24.462,17450.49,24.4475,17234.832
346,20180402,300665.SZ,26.0,26.19,25.58,25.71,26.05,-0.34,-1.31,18267.28,47220.631,9.6144,0.97,25.88,22311.28,25.7733,23559.93,25.4675,21632.1975,25.164,20018.426,24.6037,18489.925,24.639,20530.34,24.3607,17154.2933,24.3885,18415.6345
347,20180330,300665.SZ,25.27,26.5,25.27,26.05,25.56,0.49,1.92,26355.28,67957.351,13.8712,1.49,25.805,26206.255,25.3867,22753.8367,25.0275,20456.2125,24.686,18755.024,24.4712,19398.515,24.479,19584.912,24.3127,16989.0973,24.268,17962.5205
348,20180329,300665.SZ,24.55,25.75,24.11,25.56,24.55,1.01,4.11,26057.23,65637.188,13.7143,1.69,25.055,20953.115,24.6867,18489.8567,24.345,16854.96,24.004,17719.168,24.3287,20085.105,24.211,17771.184,24.2247,16376.5453,24.1255,17246.2065
349,20180328,300665.SZ,23.66,24.86,23.55,24.55,23.95,0.6,2.51,15849.0,38858.526,8.3416,0.91,24.25,14706.17,23.94,13787.5367,23.615,15634.6525,23.902,15447.922,24.1475,17929.5762,23.977,16524.861,24.13,15668.7933,24.0225,16653.35
350,20180327,300665.SZ,23.34,24.16,23.34,23.95,23.32,0.63,2.7,13563.34,32440.935,7.1386,0.64,23.635,12756.805,23.3033,15563.2033,23.74,15347.6525,23.922,17385.322,24.0,16975.7012,23.922,16002.461,24.0827,16197.5933,23.942,16386.5
351,20180326,300665.SZ,22.01,23.38,21.51,23.32,22.64,0.68,3.0,11950.27,27018.483,6.2896,0.59,22.98,16563.135,23.67,15942.4233,23.915,18340.8175,24.114,21042.254,23.9087,16979.5337,23.959,15722.227,24.13,17881.3707,23.8955,16339.283
352,20180323,300665.SZ,24.05,24.55,22.55,22.64,25.05,-2.41,-9.62,21176.0,49576.599,11.1453,1.19,23.845,17938.5,24.1133,20471.0,24.3125,23315.25,24.272,20414.8,23.9937,16813.875,24.126,16106.134,24.1287,17698.3527,23.873,16401.9695
353,20180322,300665.SZ,24.6,25.41,24.4,25.05,24.65,0.4,1.62,14701.0,36636.355,7.7374,0.84,24.85,20118.5,24.87,24028.3333,24.68,20224.5,24.418,17823.2,24.2037,15512.0,24.335,15705.234,24.166,17088.5527,23.8455,15793.9695
354,20180321,300665.SZ,24.58,25.53,24.39,24.65,24.91,-0.26,-1.04,25536.0,63842.187,13.44,1.75,24.78,28692.0,24.5567,22065.6667,24.26,18603.75,24.052,17601.8,24.1962,15648.0425,24.244,15779.229,24.0627,17055.1593,23.657,15376.5695
355,20180320,300665.SZ,24.43,26.52,24.12,24.91,24.11,0.8,3.32,31848.0,80854.241,16.7621,3.06,24.51,20330.5,24.13,16293.0,23.9025,15618.25,23.922,14619.6,24.2062,14601.9175,24.163,15603.729,23.9487,16053.5593,23.462,14315.2695
356,20180319,300665.SZ,23.37,24.27,23.37,24.11,23.37,0.74,3.17,8813.0,21149.036,4.6384,0.75,23.74,8515.5,23.5667,10208.3333,23.675,10312.5,23.804,10402.2,24.11,12551.0362,24.138,16300.929,23.8227,14771.626,23.255,13029.123
357,20180316,300665.SZ,23.1,23.73,23.0,23.37,23.22,0.15,0.65,8218.0,19320.608,4.3253,0.6,23.295,10906.0,23.53,10812.3333,23.7275,10799.5,23.98,11797.468,24.0762,14422.0362,24.057,16340.129,23.74,15064.3593,23.1095,13000.526
358,20180315,300665.SZ,23.7,24.1,22.5,23.22,24.0,-0.78,-3.25,13594.0,31574.329,7.1547,0.97,23.61,12109.5,23.8467,11660.0,24.1325,12692.335,24.252,13587.268,24.2375,18247.2862,24.04,16721.229,23.6547,15117.5593,22.9655,13058.976
359,20180314,300665.SZ,24.21,24.75,24.0,24.0,24.32,-0.32,-1.32,10625.0,25872.685,5.5921,0.64,24.16,10693.0,24.4367,12391.78,24.51,13585.585,24.436,13956.658,24.2475,17698.6612,24.068,16781.839,23.5253,14634.826,22.87,12764.526
360,20180313,300665.SZ,24.78,25.12,24.24,24.32,24.99,-0.67,-2.68,10761.0,26509.292,5.6637,0.48,24.655,13275.17,24.68,14572.4467,24.545,14789.5725,24.404,16587.858,24.1475,17874.1612,23.962,16770.539,23.3087,14213.826,22.725,12816.326
361,20180312,300665.SZ,24.82,25.29,24.7,24.99,24.73,0.26,1.05,15789.34,39444.986,8.3102,0.76,24.86,16478.17,24.62,16132.43,24.425,18044.5725,24.472,22199.658,24.045,18304.0487,23.832,16956.339,23.072,13904.764,22.5305,12863.676
362,20180309,300665.SZ,24.0,25.0,24.0,24.73,24.14,0.59,2.44,17167.0,42163.287,9.0353,0.86,24.435,16303.975,24.2367,18796.3167,24.3425,23802.2375,24.134,20882.79,23.7887,17644.3812,23.62,16697.805,22.8193,13401.5453,22.4135,12410.009
363,20180308,300665.SZ,23.94,24.38,23.94,24.14,23.84,0.3,1.26,15440.95,37407.719,8.1268,0.79,23.99,19610.975,24.2133,26013.9833,23.985,21811.7375,23.828,19855.19,23.575,17075.8812,23.356,15882.705,22.5367,12882.8787,22.342,11922.809
364,20180307,300665.SZ,24.38,24.41,23.8,23.84,24.66,-0.82,-3.33,23781.0,57119.906,12.5163,1.4,24.25,31300.5,23.9333,23935.3333,23.75,20958.75,23.7,19607.02,23.4162,16796.2625,23.07,14973.91,22.348,12367.1487,22.3145,11657.4115
365,20180306,300665.SZ,23.38,25.63,23.38,24.66,23.3,1.36,5.84,38820.0,96794.007,20.4316,3.31,23.98,24012.5,23.72,20018.0,23.665,18563.525,23.52,16953.22,23.1975,14950.6375,22.761,13026.81,22.1653,11559.1487,22.3755,11258.9615
366,20180305,300665.SZ,23.5,23.5,22.81,23.3,23.2,0.1,0.43,9205.0,21428.476,4.8447,0.74,23.25,10617.0,23.3333,11811.3667,23.235,11486.525,23.192,11713.02,22.775,10892.2625,22.372,9757.317,21.8833,9751.682,22.4715,9526.0615
367,20180302,300665.SZ,23.68,23.75,23.05,23.2,23.5,-0.3,-1.28,12029.0,28143.778,6.3311,1.01,23.35,13114.55,23.2133,12247.0333,23.165,12340.025,23.106,12512.82,22.4562,10280.3875,22.162,9660.923,21.84,9585.7487,22.629,9381.0615
368,20180301,300665.SZ,22.8,23.89,21.0,23.5,22.94,0.56,2.44,14200.1,32838.307,7.4737,1.37,23.22,12356.05,23.1533,12443.7,23.0825,12633.775,22.884,11910.22,22.1525,9542.3962,21.891,9396.723,21.8467,9278.682,22.8055,9214.2615
369,20180228,300665.SZ,23.07,23.42,22.4,22.94,23.02,-0.08,-0.35,10512.0,24097.135,5.5326,1.16,22.98,11565.5,22.9433,12111.6667,22.73,11337.75,22.44,10340.8,21.865,8797.5162,21.672,8747.213,21.8527,9007.542,22.991,9124.1595
370,20180227,300665.SZ,22.88,23.76,22.58,23.02,22.87,0.15,0.66,12619.0,28967.735,6.6416,1.62,22.945,12911.5,22.66,11613.0,22.315,10298.0,22.002,9100.4,21.5587,8656.8912,21.488,8862.113,21.994,9360.8753,23.224,9224.9095
371,20180226,300665.SZ,22.4,22.98,22.08,22.87,22.09,0.78,3.53,13204.0,29792.62,6.9495,1.94,22.48,11110.0,22.08,9524.3333,21.7475,8220.75,21.552,7801.614,21.345,8042.6412,21.229,8771.013,22.2313,8797.0753,23.437,9013.4595
372,20180223,300665.SZ,21.21,22.3,21.05,22.09,21.28,0.81,3.81,9016.0,19399.074,4.7453,1.31,21.685,7684.5,21.3733,6559.6667,21.2225,6451.0175,21.218,6809.026,21.1237,7849.7662,21.207,8122.213,22.47,8337.142,23.647,8941.5595
373,20180222,300665.SZ,20.98,21.34,20.87,21.28,20.75,0.53,2.55,6353.0,13452.65,3.3437,0.89,21.015,5331.5,20.9333,5596.0233,21.0,6257.2825,20.898,6883.226,20.9162,8186.2662,21.328,7962.913,22.7793,8315.6087,23.903,9275.6565
374,20180214,300665.SZ,20.75,21.0,20.53,20.75,20.77,-0.02,-0.1,4310.0,8949.445,2.2684,0.5,20.76,5217.535,20.9067,6225.3767,20.8025,7015.7825,20.904,7153.626,21.0875,8231.6412,21.559,8340.913,23.1747,8718.6127,24.2245,9922.5565
375,20180213,300665.SZ,21.21,21.52,20.74,20.77,21.2,-0.43,-2.03,6125.07,12926.053,3.2237,0.63,20.985,7183.065,20.82,7917.71,20.9425,7864.5325,20.974,8623.826,21.4062,8620.7662,21.99,9491.113,23.6313,9266.4127,24.5565,10375.3565
376,20180212,300665.SZ,20.55,21.49,20.55,21.2,20.49,0.71,3.47,8241.06,17471.627,4.3374,0.87,20.845,8814.03,21.0,8444.3533,21.025,9248.515,20.906,9740.412,21.7587,9121.7575,22.571,9294.806,24.0653,9417.408,24.8675,10751.453
377,20180209,300665.SZ,20.26,20.98,20.02,20.49,21.31,-0.82,-3.85,9387.0,19320.187,4.9405,1.04,20.9,8546.0,20.9667,9584.3333,20.8325,10115.25,21.196,9435.4,22.2412,10068.125,23.096,9101.2,24.4567,9652.404,25.1165,10984.3
378,20180208,300665.SZ,20.88,21.6,20.78,21.31,21.1,0.21,1.0,7705.0,16433.125,4.0553,0.81,21.205,9683.0,20.9467,10358.0,21.3725,9447.5,21.758,9042.6,23.0025,9415.0,23.72,9031.8,24.9047,10073.1333,25.452,10974.997
379,20180207,300665.SZ,20.99,21.48,20.0,21.1,20.43,0.67,3.28,11661.0,24359.931,6.1374,1.13,20.765,11684.5,21.3933,10028.3333,21.87,9377.0,22.214,9528.2,23.645,9240.0,24.31,9501.106,25.3313,10845.5333,25.7705,11164.797
380,20180206,300665.SZ,22.05,22.47,20.4,20.43,22.65,-2.22,-9.8,11708.0,25213.691,6.1621,1.32,21.54,9212.0,22.1267,8615.6667,22.4925,8995.0,23.006,10358.4,24.3487,8869.0,24.96,9587.706,25.7507,10959.2,26.0775,11109.347
381,20180205,300665.SZ,22.45,23.08,22.45,22.65,23.3,-0.65,-2.79,6716.0,15329.13,3.5347,0.77,22.975,7069.5,23.18,8090.6667,23.65,10021.0,24.236,8849.2,25.1962,8955.2575,25.645,9255.906,26.188,11088.4667,26.449,10967.997
382,20180202,300665.SZ,22.9,23.75,22.7,23.3,23.59,-0.29,-1.23,7423.0,17218.299,3.9068,0.82,23.445,8778.0,23.9833,11122.6667,24.6325,9382.5,24.996,8767.0,25.815,9681.6325,26.087,9760.906,26.4233,11500.6,26.699,11183.044
383,20180201,300665.SZ,25.47,25.47,23.5,23.59,25.06,-1.47,-5.87,10133.0,24623.46,5.3332,1.07,24.325,12972.5,25.0767,10035.6667,25.42,9103.0,25.682,9021.0,26.3125,9802.5075,26.478,10588.4,26.6833,11619.1293,26.923,11376.494
384,20180131,300665.SZ,26.38,26.38,24.88,25.06,26.58,-1.52,-5.72,15812.0,40345.154,8.3221,1.79,25.82,9987.0,26.03,8759.6667,26.205,8743.0,26.406,9474.012,26.7475,10006.6325,26.89,11504.2,26.956,11710.3293,27.1375,11601.144
385,20180130,300665.SZ,26.15,26.69,26.15,26.58,26.45,0.13,0.49,4162.0,11007.385,2.1905,0.43,26.515,5233.5,26.5867,6386.6667,26.7425,7889.515,26.914,8817.012,27.0162,9992.375,27.123,11259.6,27.1013,11359.6627,27.302,11624.344
386,20180129,300665.SZ,26.78,27.17,26.32,26.45,26.73,-0.28,-1.05,6305.0,16780.607,3.3184,0.59,26.59,7499.0,26.7967,9132.02,26.9975,9980.765,27.054,9662.612,27.1575,11883.5,27.164,12208.1,27.1867,11674.2627,27.404,12314.844
387,20180126,300665.SZ,27.11,27.4,26.7,26.73,27.21,-0.48,-1.76,8693.0,23529.475,4.5753,0.72,26.97,10545.53,27.18,11206.02,27.205,10502.015,27.178,10754.812,27.275,12766.125,27.137,12867.4,27.2667,11988.392,27.5025,13063.544
388,20180125,300665.SZ,27.58,28.03,27.11,27.21,27.6,-0.39,-1.41,12398.06,34317.824,6.5253,0.92,27.405,12462.53,27.3633,11105.02,27.29,11270.265,27.274,12155.8,27.3075,13385.375,27.184,12918.194,27.3367,12161.6587,27.5695,13566.241
389,20180124,300665.SZ,27.35,27.75,27.1,27.6,27.28,0.32,1.17,12527.0,34394.23,6.5932,0.91,27.44,10458.5,27.3167,10894.3333,27.29,12095.235,27.374,13534.388,27.1787,13447.8675,27.231,12828.488,27.3813,12310.188,27.5945,14116.9375
390,20180123,300665.SZ,27.02,27.29,26.7,27.28,27.07,0.21,0.78,8390.0,22724.061,4.4158,0.57,27.175,10078.0,27.1867,11951.3133,27.3175,13786.235,27.332,13702.188,27.1287,13032.11,27.195,12630.988,27.4313,12560.1213,27.6325,14870.04
391,20180122,300665.SZ,27.0,27.37,26.12,27.07,27.21,-0.14,-0.51,11766.0,31560.784,6.1926,0.79,27.14,13731.97,27.33,15584.98,27.345,15030.235,27.274,14753.588,27.1787,13420.985,27.253,12680.088,27.5207,13198.9213,27.608,15279.09
392,20180119,300665.SZ,27.63,28.2,27.1,27.21,27.71,-0.5,-1.8,15697.94,43473.059,8.2621,1.15,27.46,17494.47,27.4367,16118.3133,27.325,15500.485,27.096,14979.988,27.2,13269.235,27.311,12605.182,27.6107,13833.1213,27.64,15422.6425
393,20180118,300665.SZ,27.45,28.69,27.23,27.71,27.39,0.32,1.17,19291.0,53790.365,10.1532,1.59,27.55,16328.5,27.3633,15434.6667,27.0675,14800.5,27.094,13680.588,27.2812,12417.1175,27.368,12164.588,27.668,14036.388,27.6895,15968.1975
394,20180117,300665.SZ,26.98,27.49,26.52,27.39,26.99,0.4,1.48,13366.0,36250.63,7.0347,1.16,27.19,13506.5,26.8533,13303.6667,26.94,12277.985,27.088,12122.588,27.2737,11382.86,27.385,11698.088,27.668,14311.1207,27.703,16744.8
395,20180116,300665.SZ,26.24,26.99,26.04,26.99,26.18,0.81,3.09,13647.0,36338.792,7.1826,1.29,26.585,13272.5,26.79,11915.3133,27.0125,11811.735,27.058,11559.788,27.3225,11123.61,27.481,11989.088,27.7327,15259.324,27.6975,16751.703
396,20180115,300665.SZ,27.06,27.18,25.82,26.18,27.2,-1.02,-3.75,12898.0,34046.196,6.7884,1.26,26.69,11049.47,27.02,11199.98,27.075,11037.985,27.232,10606.588,27.4337,11245.985,27.644,12421.588,27.7193,15454.2573,27.704,16889.106
397,20180112,300665.SZ,27.58,27.65,27.03,27.2,27.68,-0.48,-1.73,9200.94,25108.174,4.8426,0.86,27.44,10350.97,27.3733,10417.98,27.495,10033.735,27.526,10230.376,27.705,11668.235,27.868,13259.688,27.8213,15570.194,27.726,16707.456
398,20180111,300665.SZ,27.2,27.75,26.72,27.68,27.24,0.44,1.62,11501.0,31471.001,6.0532,1.02,27.46,11026.5,27.5933,10311.3333,27.6075,10487.735,27.642,10648.588,27.8825,12764.6175,27.955,14214.288,27.888,16730.734,27.7185,16615.612
399,20180110,300665.SZ,28.14,28.14,27.2,27.24,27.86,-0.62,-2.23,10552.0,29012.292,5.5537,0.85,27.55,9716.5,27.5833,10149.98,27.6325,10435.485,27.682,11273.588,27.975,13986.8675,27.958,15405.387,27.908,18285.5373,27.683,16413.812
400,20180109,300665.SZ,27.71,27.94,27.51,27.86,27.65,0.21,0.76,8881.0,24655.349,4.6742,0.62,27.755,9948.97,27.7633,10396.6467,27.7925,11453.985,27.904,12418.388,28.0787,15011.235,28.07,17109.092,27.9107,18482.3413,27.6455,16418.112
401,20180108,300665.SZ,27.79,27.88,27.2,27.65,27.78,-0.13,-0.47,11016.94,30312.471,5.7984,0.68,27.715,11154.47,27.77,12311.6467,27.915,13302.735,28.056,14236.588,28.06,16827.6087,27.963,17878.092,27.8613,18983.2787,27.6205,16480.17
402,20180105,300665.SZ,27.8,28.26,27.68,27.78,27.88,-0.1,-0.36,11292.0,31509.886,5.9432,0.64,27.83,12959.0,28.0033,14064.6667,28.1575,15041.5,28.21,16289.0,28.1487,18899.1225,27.969,18240.103,27.7927,18866.4827,27.6045,16682.3795
403,20180104,300665.SZ,28.2,28.39,27.78,27.88,28.35,-0.47,-1.66,14626.0,41065.449,7.6979,0.75,28.115,15451.0,28.2833,16291.3333,28.3175,17538.25,28.268,17779.988,28.025,19558.9975,28.011,19771.807,27.744,18604.62,27.5485,16592.839
404,20180103,300665.SZ,28.56,28.6,28.0,28.35,28.62,-0.27,-0.94,16276.0,46030.686,8.5663,0.75,28.485,17124.0,28.4633,18509.0,28.365,18568.485,28.234,19537.186,28.0037,19560.3787,28.021,21791.512,27.6833,18127.22,27.4885,16533.5025
405,20180102,300665.SZ,28.52,28.93,28.23,28.62,28.42,0.2,0.7,17972.0,51381.732,9.4589,0.84,28.52,19625.5,28.37,19332.6467,28.205,20352.4825,28.236,21799.796,27.985,20852.0087,27.914,21514.318,27.5593,17751.3533,27.3745,16506.5645
406,20171229,300665.SZ,28.05,28.62,27.83,28.42,28.07,0.35,1.25,21279.0,60281.948,11.1995,1.05,28.245,20012.97,28.0667,21145.9767,28.14,22756.745,27.87,21519.596,27.905,22958.39,27.764,21356.624,27.4753,17228.0307,27.276,16662.6645
407,20171228,300665.SZ,27.54,28.4,27.54,28.07,27.71,0.36,1.3,18746.94,52625.253,9.8668,0.86,27.89,21079.465,28.0467,23249.3267,27.7325,21579.745,27.728,20191.206,27.7625,21986.5225,27.584,20155.224,27.4027,16813.506,27.281,16386.5145
408,20171227,300665.SZ,28.15,28.39,27.65,27.71,28.36,-0.65,-2.29,23411.99,65551.129,12.3221,0.97,28.035,25500.52,27.62,22524.0133,27.6425,20552.2725,27.754,21763.626,27.6437,21692.5375,27.482,19016.936,27.3087,16197.1227,27.275,16243.7175
409,20171226,300665.SZ,26.79,28.5,26.79,28.36,26.79,1.57,5.86,27589.05,76685.563,14.5206,1.3,27.575,22080.025,27.62,19599.0333,27.765,21351.535,27.808,24045.838,27.5075,19924.1637,27.408,17422.237,27.24,15532.2747,27.2715,15921.718
410,20171225,300665.SZ,27.42,27.7,26.43,26.79,27.71,-0.92,-3.32,16571.0,44566.489,8.7216,0.78,27.25,15604.025,27.5667,19272.3633,27.67,23160.035,27.592,21228.84,27.3437,17396.04,27.221,15727.132,27.0873,14742.154,27.249,15177.8155
411,20171222,300665.SZ,28.0,28.43,27.71,27.71,28.2,-0.49,-1.74,14637.05,40974.455,7.7037,0.73,27.955,20623.045,27.9633,25356.38,27.7925,22393.3,27.658,21193.652,27.3662,16257.79,27.278,15082.248,27.078,15043.6873,27.2755,15063.264
412,20171221,300665.SZ,27.43,28.3,26.88,28.2,27.98,0.22,0.79,26609.04,73269.023,14.0048,1.64,28.09,30716.045,27.82,24978.7167,27.645,22832.8025,27.44,20119.242,27.2137,15757.9087,27.24,15124.656,27.132,15118.284,27.2685,15080.1145
413,20171220,300665.SZ,27.4,29.22,27.34,27.98,27.28,0.7,2.57,34823.05,98801.448,18.3279,3.22,27.63,24163.555,27.46,21574.0567,27.25,18496.7925,27.21,16270.246,27.1087,13697.0487,27.086,13413.871,27.1153,14403.748,27.259,14703.1125
414,20171219,300665.SZ,26.6,27.43,26.6,27.28,27.12,0.16,0.59,13504.06,36585.527,7.1074,1.32,27.2,14949.56,27.0067,13054.7067,27.0175,11632.045,27.008,10798.636,27.0275,11226.8087,26.956,11275.493,27.0927,13213.678,27.3465,13676.46
415,20171218,300665.SZ,26.72,28.29,26.42,27.12,26.62,0.5,1.88,16395.06,44764.286,8.629,1.83,26.87,12830.03,26.93,11008.04,26.94,10122.28,26.85,10225.424,26.95,10726.45,26.835,11498.811,27.1347,13160.8073,27.453,13959.8095
416,20171215,300665.SZ,27.08,27.15,26.45,26.62,27.05,-0.43,-1.59,9265.0,24818.92,4.8763,0.91,26.835,8314.53,26.88,8031.3533,26.7825,8683.015,26.898,8970.844,26.895,10356.9762,26.788,11968.705,27.148,13019.8013,27.602,14031.655
417,20171214,300665.SZ,26.89,27.3,26.5,27.05,26.97,0.08,0.3,7364.06,19789.334,3.8758,0.7,27.01,7414.53,26.8367,8489.02,26.9675,8897.305,27.04,10130.07,26.8262,11166.0062,26.978,12617.805,27.2113,13400.4053,27.7545,15373.7535
418,20171213,300665.SZ,26.3,26.98,26.21,26.97,26.49,0.48,1.81,7465.0,19936.835,3.9289,0.64,26.73,9051.5,26.94,9408.3867,27.0375,10821.5725,26.962,10557.496,26.7762,12882.2487,27.068,13470.499,27.2753,14180.7347,28.0335,16367.8505
419,20171212,300665.SZ,27.34,27.34,26.12,26.49,27.36,-0.87,-3.18,10638.0,28449.02,5.5989,0.83,26.925,10380.08,27.06,11940.43,26.96,11330.62,26.904,11752.35,26.97,13918.6237,27.135,14421.199,27.4593,14635.7347,28.4025,17328.4005
420,20171211,300665.SZ,27.3,27.56,27.08,27.36,27.33,0.03,0.11,10122.16,27671.008,5.3275,0.68,27.345,12591.645,27.1167,11561.4933,27.0075,12030.9375,26.82,12772.198,27.1525,14575.2487,27.277,14628.499,27.654,15204.6047,28.788,18522.8505
421,20171208,300665.SZ,26.54,27.62,26.39,27.33,26.66,0.67,2.51,15061.13,40992.446,7.9269,1.0,26.995,12281.16,26.89,12667.1967,26.685,13434.7075,26.678,14966.566,27.1875,15431.4787,27.273,15044.28,27.8367,15718.592,29.2,20015.264
422,20171207,300665.SZ,26.65,26.84,26.33,26.66,26.68,-0.02,-0.08,9501.19,25292.086,5.0006,0.58,26.67,11470.23,26.47,12892.5667,26.515,14942.925,26.916,15105.54,27.26,15137.7125,27.297,15035.573,27.9927,17121.648,29.5695,22006.243
423,20171206,300665.SZ,26.1,26.7,25.91,26.68,26.07,0.61,2.34,13439.27,35404.21,7.0733,0.79,26.375,14588.255,26.4667,16756.8367,26.98,16506.6275,27.174,16383.502,27.3425,15735.06,27.432,15992.354,28.3907,18304.6353,30.055,23738.6995
424,20171205,300665.SZ,26.55,26.81,25.64,26.07,26.65,-0.58,-2.18,15737.24,41212.875,8.2828,0.95,26.36,18415.62,27.08,17529.08,27.2975,17119.56,27.366,17090.048,27.4537,15926.9087,27.737,16077.427,28.902,19187.084,30.5485,25477.2055
425,20171204,300665.SZ,28.38,28.38,26.5,26.65,28.52,-1.87,-6.56,21094.0,57761.044,11.1021,1.39,27.585,18425.0,27.7067,17580.3333,27.69,17428.25,27.734,16484.8,27.6962,16343.3787,28.071,16420.808,29.444,20439.7347,31.0945,27738.671
426,20171201,300665.SZ,28.2,28.75,27.8,28.52,27.95,0.57,2.04,15756.0,44441.395,8.2926,1.05,28.235,15823.5,28.0367,16206.3333,28.005,15332.5,27.868,15121.994,28.0812,15492.8787,28.416,16094.605,30.0407,21698.1633,31.5685,29006.137
427,20171130,300665.SZ,27.61,28.28,27.61,27.95,27.64,0.31,1.12,15891.0,44450.284,8.3637,1.02,27.795,16431.5,27.8333,15191.3333,27.705,14963.4925,27.678,14965.606,28.1925,15919.76,28.531,18129.702,30.454,24306.4773,31.935,31071.9395
428,20171129,300665.SZ,28.0,28.27,27.03,27.64,27.91,-0.27,-0.97,16972.0,46822.573,8.9326,1.13,27.775,14841.5,27.6233,14654.3233,27.61,14734.2575,27.69,15601.206,28.4612,16162.3812,28.999,19265.202,31.0153,26190.432,32.3005,34314.084
429,20171128,300665.SZ,27.31,28.02,27.08,27.91,27.32,0.59,2.16,12711.0,35301.323,6.69,0.78,27.615,13495.485,27.6,13988.3433,27.7025,15258.5075,28.108,15064.806,28.715,18554.2525,29.67,20235.602,31.6093,28272.9247,32.857,37932.703
430,20171127,300665.SZ,27.84,28.2,27.21,27.32,27.57,-0.25,-0.91,14279.97,39791.958,7.5158,0.84,27.445,14627.015,27.6333,16107.6767,28.1575,15653.2575,28.408,16356.816,29.305,20371.1275,30.299,22417.202,32.2147,31489.9613,33.3765,41590.4725
431,20171124,300665.SZ,27.95,28.18,27.51,27.57,28.01,-0.44,-1.57,14974.06,41766.606,7.8811,0.7,27.79,17021.53,28.4367,16111.02,28.68,16876.0275,28.964,17067.216,30.1837,21920.6312,31.127,24986.248,32.802,33634.1847,33.905,46675.243
432,20171123,300665.SZ,29.5,29.5,27.8,28.01,29.73,-1.72,-5.79,19069.0,54899.705,10.0363,0.83,28.87,16679.5,29.05,17510.0167,29.3125,17590.505,29.384,21293.798,31.0125,24364.7487,31.842,28976.913,33.354,36440.7173,34.6315,53265.4925
433,20171122,300665.SZ,29.12,29.95,29.12,29.73,29.41,0.32,1.09,14290.0,42251.66,7.5211,0.56,29.57,16730.525,29.7467,17097.6733,29.7275,21849.9975,30.308,22929.198,31.9612,26977.4275,32.678,31485.045,33.8373,40551.71,35.145,56518.3395
434,20171121,300665.SZ,30.0,30.19,28.41,29.41,30.1,-0.69,-2.29,19171.05,56495.095,10.09,0.67,29.755,18501.51,29.7267,24369.9967,30.4525,25088.9975,31.232,25406.398,32.585,32051.2662,33.36,34876.984,34.44,45555.3353,35.3985,60042.503
435,20171120,300665.SZ,29.67,30.2,29.16,30.1,29.67,0.43,1.45,17831.97,53184.176,9.3852,0.54,29.885,26969.47,30.8,27061.6467,31.6875,26965.235,32.19,28477.588,33.455,35173.675,34.118,39056.534,35.0327,50001.6913,35.5795,60577.967
436,20171117,300665.SZ,32.47,32.87,29.4,29.67,32.63,-2.96,-9.07,36106.97,111333.928,19.0037,0.98,31.15,31676.485,32.2167,30009.6567,32.7125,31138.9925,33.29,32905.28,34.2612,38970.8525,34.721,41917.669,35.552,56544.5853,35.7385,61998.2185
437,20171116,300665.SZ,34.02,34.49,32.58,32.63,34.35,-1.72,-5.01,27246.0,91323.755,14.34,0.68,33.49,26961.0,33.7267,29483.0,34.195,32104.8575,34.3,36660.028,35.1762,42078.3,35.339,44014.177,36.3807,63922.724,35.875,61488.943
438,20171115,300665.SZ,34.1,34.68,33.65,34.35,34.2,0.15,0.44,26676.0,91369.162,14.04,0.6,34.275,30601.5,34.7167,33724.4767,34.7175,39013.535,35.048,40040.892,35.6137,44477.965,35.602,49362.966,36.7573,67714.72,35.8185,61391.029
439,20171114,300665.SZ,35.24,35.5,34.1,34.2,35.6,-1.4,-3.93,34527.0,119645.461,18.1721,0.7,34.9,37248.715,34.84,43126.0467,35.2225,43382.115,35.488,44347.57,35.8012,48277.4712,36.044,55629.804,36.7873,71587.8713,35.6855,61728.765
440,20171113,300665.SZ,34.79,35.6,34.46,35.6,34.72,0.88,2.53,39970.43,140042.868,21.0371,0.78,35.16,47425.57,35.5633,46333.82,35.81,46802.7125,36.046,49635.48,35.9337,54053.3325,36.454,60763.743,36.7093,71278.0933,35.6085,62543.4515
441,20171110,300665.SZ,35.55,35.58,34.28,34.72,36.37,-1.65,-4.54,54880.71,191518.176,28.8846,1.07,35.545,49515.515,35.88,49080.14,36.1575,52051.7425,36.152,50930.058,36.33,60225.0762,36.683,68364.238,36.5547,71695.8647,35.415,63439.4925
442,20171109,300665.SZ,36.24,37.28,36.0,36.37,36.55,-0.18,-0.49,44150.32,161858.092,23.237,0.75,36.46,46179.855,36.6367,51108.7533,36.51,49942.395,36.378,51368.326,36.7775,64098.2862,37.421,77554.072,36.4,69765.248,35.355,62932.14
443,20171108,300665.SZ,36.68,37.24,36.2,36.55,36.99,-0.44,-1.19,48209.39,176512.784,25.3734,0.72,36.77,54587.97,36.5567,51873.0867,36.38,53172.8275,36.156,58685.04,36.9675,73076.4187,37.612,81551.634,36.0753,68507.7413,35.06,61387.904
444,20171107,300665.SZ,35.96,37.3,35.15,36.99,36.13,0.86,2.38,60966.55,222326.418,32.0877,0.85,36.56,53704.935,36.3233,54827.3067,36.0575,61303.9525,36.6,66912.038,37.6612,85397.6262,37.437,85208.022,35.7513,67522.4967,34.765,59684.2345
445,20171106,300665.SZ,35.47,36.41,35.12,36.13,35.85,0.28,0.78,46443.32,166605.522,24.4439,0.54,35.99,51757.685,35.7467,61416.42,36.5025,68398.41,36.862,71892.006,37.8225,88292.55,37.041,82099.4,35.4627,66846.1087,34.4865,57367.5235
446,20171103,300665.SZ,34.67,36.4,34.28,35.85,35.26,0.59,1.67,57072.05,201577.735,30.0379,0.55,35.555,68902.97,36.6267,75716.7733,37.045,78254.1775,37.214,85798.418,37.6562,93083.7937,36.756,82078.768,35.1693,67609.304,34.2125,55474.798
447,20171102,300665.SZ,37.6,37.66,34.9,35.26,38.77,-3.51,-9.05,80733.89,290881.161,42.4915,0.77,37.015,85039.135,37.4433,85314.8867,37.555,92980.01,38.464,103739.818,37.3037,89684.8287,36.411,78963.709,35.014,66786.7447,33.9445,53150.876
448,20171101,300665.SZ,37.2,39.56,36.52,38.77,38.3,0.47,1.23,89344.38,343556.63,47.0234,0.86,38.535,87605.385,38.32,97062.05,39.265,109491.3,39.068,104418.228,37.0562,85372.7175,36.035,73419.092,34.6947,62288.8587,33.6735,49702.73
449,20171031,300665.SZ,38.6,39.3,37.13,38.3,37.89,0.41,1.08,85866.39,328837.449,45.1928,0.93,38.095,100920.885,39.43,116206.94,39.1425,108186.69,38.274,103504.006,36.26,77444.8525,35.327,67827.726,34.1533,57274.9667,33.234,45803.65
450,20171030,300665.SZ,40.01,41.95,37.89,37.89,42.1,-4.21,-10.0,115975.38,460468.691,61.0397,1.48,39.995,131377.215,39.4233,115626.79,38.2675,107913.41,37.22,92306.794,35.41,69872.5187,34.763,64323.16,33.6947,52526.0293,32.793,42893.1705
451,20171027,300665.SZ,40.1,42.11,40.1,42.1,38.28,3.82,9.98,146779.05,609813.873,77.2521,2.71,40.19,115452.495,38.3933,105226.0867,37.0525,86389.6475,36.298,78359.118,34.635,59554.4362,34.147,58514.747,33.212,45366.9247,32.4585,38614.633
452,20171026,300665.SZ,34.9,38.28,34.83,38.28,34.8,3.48,10.0,84125.94,313147.181,44.2768,1.98,36.54,84449.605,35.37,66259.8467,34.8475,61254.135,34.358,54187.6,33.455,47559.6462,33.289,48310.208,32.438,36287.8953,31.9465,32813.1805
453,20171025,300665.SZ,34.0,36.33,33.66,34.8,33.03,1.77,5.36,84773.27,296513.444,44.6175,2.64,33.915,57326.8,33.7033,53630.2,33.3775,46703.015,33.002,42419.956,32.6362,44280.31,32.508,41224.174,31.8753,31464.2307,31.5855,29918.356
454,20171024,300665.SZ,32.5,33.2,31.37,33.03,33.28,-0.25,-0.75,29880.33,96469.324,15.7265,0.82,33.155,38058.665,32.9033,34012.93,32.5525,31831.6275,32.38,32151.446,32.4762,39275.3587,32.093,34160.447,31.554,26570.198,31.3895,26670.7855
455,20171023,300665.SZ,33.0,33.88,32.31,33.28,32.4,0.88,2.72,46237.0,153080.293,24.3353,1.2,32.84,36079.23,32.3933,32482.06,32.2175,32719.225,32.306,36339.526,32.1562,37198.5175,31.932,32635.647,31.3173,26421.9627,31.242,25650.469
456,20171020,300665.SZ,31.38,32.5,31.01,32.4,31.5,0.9,2.86,25921.46,82269.26,13.6429,0.61,31.95,25604.59,31.8633,28213.3,32.0625,33865.1575,31.996,38670.376,31.8275,33185.8925,31.669,28870.828,31.1787,25366.4713,31.0725,23827.169
457,20171019,300665.SZ,31.69,31.78,30.01,31.5,31.69,-0.19,-0.6,25287.72,78489.773,13.3093,0.63,31.595,29359.22,31.95,36513.0567,31.895,41857.605,32.22,42432.816,31.705,31774.7512,31.478,27338.043,31.1427,25688.374,30.9375,23267.146
458,20171018,300665.SZ,32.12,32.77,31.1,31.69,32.66,-0.97,-2.97,33430.72,106774.347,17.5951,0.92,32.175,42125.725,32.0267,47380.9,32.4,46719.09,32.014,40028.392,31.5987,29687.3875,31.312,25986.368,31.1133,25751.156,30.88,22751.96
459,20171017,300665.SZ,31.01,33.73,31.01,32.66,31.73,0.93,2.93,50820.73,165607.953,26.7478,1.76,32.195,54355.99,32.6367,51148.5467,32.095,41677.81,31.806,36169.448,31.4487,26832.7487,31.141,23779.574,31.0593,24843.8987,30.826,21705.6205
460,20171016,300665.SZ,34.41,34.41,31.31,31.73,33.52,-1.79,-5.34,57891.25,190554.542,30.4691,3.04,32.625,51312.455,31.9067,38630.17,31.5925,32506.6275,31.558,28931.768,31.0962,21951.5287,30.823,21463.181,30.8873,22087.45,30.6945,20311.3965
461,20171013,300665.SZ,30.49,33.52,30.49,33.52,30.47,3.05,10.01,44733.66,146278.487,23.544,3.65,31.995,28999.63,31.5467,24045.0867,31.515,21691.8975,31.342,19071.28,30.8775,16135.47,30.77,18714.519,30.7647,18879.4333,30.6645,18353.784
462,20171012,300665.SZ,30.78,30.98,30.0,30.47,30.65,-0.18,-0.59,13265.6,40593.428,6.9819,1.11,30.56,13700.8,30.8467,14011.31,30.7975,12655.685,30.736,12243.27,30.3725,14000.8625,30.604,17316.153,30.51,16878.5893,30.509,17332.115
463,20171011,300665.SZ,31.44,31.99,30.61,30.65,31.42,-0.77,-2.45,14136.0,43922.028,7.44,1.24,31.035,14384.165,30.9067,12452.38,30.8025,11987.6875,30.61,11944.344,30.4637,16143.2412,30.663,18612.538,30.502,16993.1493,30.565,18510.0695
464,20171010,300665.SZ,30.65,31.47,30.44,31.42,30.65,0.77,2.51,14632.33,45483.896,7.7012,1.05,31.035,11610.57,30.8533,11271.5833,30.6,11396.43,30.476,11389.7,30.615,18219.9912,30.686,19181.124,30.4993,16884.3447,30.581,18992.601
465,20171009,300665.SZ,31.12,31.31,30.49,30.65,30.49,0.16,0.52,8588.81,26466.47,4.5204,0.47,30.57,9591.21,30.3267,10317.7967,30.24,10579.0425,30.088,13994.594,30.57,19669.6312,30.552,18665.291,30.4067,17437.9393,30.576,19608.386
466,20170929,300665.SZ,29.77,30.5,29.77,30.49,29.84,0.65,2.18,10593.61,31892.592,5.5756,0.47,30.165,11182.29,30.1033,11242.4533,29.9475,15346.04,30.198,18357.758,30.5987,21073.7625,30.476,18783.51,30.4387,18114.6187,30.6185,21120.5695
467,20170928,300665.SZ,29.94,30.43,29.7,29.84,29.98,-0.14,-0.47,11770.97,35449.755,6.1952,0.47,29.91,11566.875,29.7667,16930.1833,30.125,20298.795,30.472,22389.036,30.5475,20933.8112,30.397,19196.249,30.4333,19028.3967,30.6855,23480.563
468,20170927,300665.SZ,29.48,30.15,29.31,29.98,29.48,0.5,1.7,11362.78,33927.955,5.9804,0.42,29.73,19509.79,30.22,23141.4033,30.63,25043.5525,30.716,25280.732,30.5537,20683.815,30.448,19517.552,30.55,20698.6447,30.8375,26428.8435
469,20170926,300665.SZ,30.9,31.29,29.12,29.48,31.2,-1.72,-5.51,27656.8,82950.58,14.5562,1.19,30.34,29030.715,30.8467,29603.81,30.9,28760.22,30.896,26972.548,30.5187,21103.5925,30.511,19631.667,30.616,21526.9013,30.833,27647.8215
470,20170925,300665.SZ,31.86,32.67,31.07,31.2,31.86,-0.66,-2.07,30404.63,97254.345,16.0024,1.58,31.53,30577.315,31.3733,29128.0267,31.25,26801.485,31.016,23335.988,30.6275,19519.4925,30.566,19159.612,30.7387,21479.65,30.858,28857.9115
471,20170922,300665.SZ,30.8,31.98,30.28,31.86,31.06,0.8,2.58,30750.0,96495.043,16.1842,1.92,31.46,28489.725,31.2667,25600.4367,30.97,21568.8275,30.754,19209.262,30.5537,17281.905,30.559,17993.049,30.7587,22041.5067,30.778,29427.4845
472,20170921,300665.SZ,30.73,31.8,30.73,31.06,30.88,0.18,0.58,26229.45,82127.127,13.805,1.91,30.97,23025.655,30.6733,18508.4367,30.4775,16324.0775,30.322,16003.462,30.325,16305.1862,30.414,17348.077,30.7567,23844.4053,30.603,29144.3885
473,20170920,300665.SZ,30.15,30.97,29.86,30.88,30.08,0.8,2.66,19821.86,60621.575,10.4326,1.61,30.48,14647.93,30.2833,13022.2867,30.1375,13446.965,30.18,13754.372,30.3337,15368.88,30.467,18407.601,30.878,26811.5473,30.423,29021.6115
474,20170919,300665.SZ,29.81,30.32,29.76,30.08,29.89,0.19,0.64,9474.0,28437.242,4.9863,0.63,29.985,9622.5,29.89,11322.0,30.005,12237.5,30.126,12290.786,30.275,15928.6825,30.476,18804.078,30.812,27872.9127,30.2825,29236.652
475,20170918,300665.SZ,29.66,30.05,29.09,29.89,29.7,0.19,0.64,9771.0,28880.48,5.1426,0.58,29.795,12246.0,29.98,13158.6667,30.1375,12994.9825,30.116,14983.236,30.4637,19347.5187,30.6,20551.481,30.8053,30698.5527,30.1485,29430.917
476,20170915,300665.SZ,30.27,30.43,29.61,29.7,30.35,-0.65,-2.14,14721.0,44283.078,7.7479,0.79,30.025,14852.5,30.22,14069.6433,30.1725,16286.295,30.364,16776.836,30.5987,21099.4725,30.761,23457.629,30.786,32833.5587,30.0265,29742.032
477,20170914,300665.SZ,30.71,30.91,30.04,30.35,30.61,-0.26,-0.85,14984.0,45672.235,7.8863,0.65,30.48,13743.965,30.33,16808.06,30.53,17290.795,30.506,18692.692,30.8012,22627.8512,30.974,27764.877,30.6967,33524.6973,29.8725,29341.822
478,20170913,300665.SZ,29.86,30.61,29.8,30.61,30.03,0.58,1.93,12503.93,37969.233,6.581,0.49,30.32,17720.09,30.59,18059.7267,30.545,19619.865,30.754,23060.83,30.945,25608.9112,31.227,33340.135,30.504,34110.6913,29.6985,29174.5135
479,20170912,300665.SZ,31.08,31.09,29.99,30.03,31.13,-1.1,-3.53,22936.25,69811.392,12.0717,0.88,30.58,20837.625,30.5233,21991.8433,30.79,25700.055,30.826,25317.37,31.0975,31270.105,31.155,35663.976,30.3347,34885.274,29.523,29355.167
480,20170911,300665.SZ,30.2,31.27,30.2,31.13,30.41,0.72,2.37,18739.0,57888.795,9.8626,0.62,30.77,21519.64,31.0433,26621.3233,31.025,25912.65,31.084,26119.726,31.4537,37245.1462,31.15,38556.211,30.1593,34246.8107,29.338,28651.4545
481,20170908,300665.SZ,31.35,31.84,30.18,30.41,31.59,-1.18,-3.74,24300.28,75524.551,12.7896,0.66,31.0,30562.485,30.99,28303.8667,31.0725,27964.9075,31.158,30138.422,31.2987,39370.5637,30.997,40861.92,29.914,34063.764,29.074,28020.9615
482,20170907,300665.SZ,30.85,32.22,30.84,31.59,30.97,0.62,2.0,36824.69,116430.787,19.3814,0.84,31.28,30305.66,31.2933,29186.45,31.345,31597.9575,31.442,36837.062,31.245,42815.3537,30.792,40940.7,29.6613,32891.532,28.827,27205.739
483,20170906,300665.SZ,30.84,31.08,30.3,30.97,31.32,-0.35,-1.12,23786.63,72996.979,12.5193,0.52,31.145,25367.33,31.2633,29855.7133,31.405,36840.155,31.7,43619.44,30.9962,43436.7787,30.379,39635.622,29.3467,31212.408,28.546,25821.5545
484,20170905,300665.SZ,31.18,31.64,30.81,31.32,31.5,-0.18,-0.57,26948.03,84088.727,14.1832,0.53,31.41,32890.255,31.55,41191.33,31.8825,48577.6425,31.484,46010.582,30.67,43599.46,30.089,39669.226,29.0887,30701.0993,28.3255,24953.723
485,20170904,300665.SZ,31.8,32.45,31.06,31.5,31.83,-0.33,-1.04,38832.48,122981.54,20.4381,0.75,31.665,48312.98,32.07,55787.5133,31.525,50776.22,31.216,50992.696,30.1875,43202.695,29.697,38310.353,28.756,29495.364,28.0995,24019.1355
486,20170901,300665.SZ,32.88,32.88,31.51,31.83,32.88,-1.05,-3.19,57793.48,184952.83,30.4176,1.28,32.355,64265.03,31.5333,54757.4667,31.145,54032.75,30.836,51585.418,29.7587,41363.9687,29.292,36026.435,28.3793,27315.1413,27.872,22374.7615
487,20170831,300665.SZ,30.1,32.88,30.1,32.88,29.89,2.99,10.0,70736.58,224297.842,37.2298,1.98,31.385,53239.46,30.9167,52779.1733,30.5875,50033.4025,30.142,45044.338,29.205,35809.6962,28.771,30918.767,27.9553,23995.298,27.6175,19997.3875
488,20170830,300665.SZ,29.51,31.0,29.28,29.89,29.98,-0.09,-0.3,35742.34,107563.576,18.8118,1.07,29.935,43800.47,29.8233,43132.3433,29.4575,38621.2775,29.058,35651.804,28.5262,28966.7862,28.17,25008.892,27.4947,19888.926,27.3255,17030.956
489,20170829,300665.SZ,29.31,30.95,29.11,29.98,29.6,0.38,1.28,51858.6,156420.927,27.294,2.02,29.79,46827.345,29.3133,39580.9233,28.85,35629.17,28.694,33327.87,28.1175,25338.5937,27.891,23046.358,27.2727,17934.77,27.18,15788.739
490,20170828,300665.SZ,28.88,30.15,28.71,29.6,28.36,1.24,4.37,41796.09,122889.492,21.9979,2.04,28.98,33442.085,28.4733,30219.36,28.3725,28695.1875,28.178,25628.01,27.7287,20310.9975,27.526,18746.698,27.0607,15027.9487,27.051,13664.959
491,20170825,300665.SZ,27.22,28.4,27.05,28.36,27.46,0.9,3.28,25088.08,70215.876,13.2043,1.49,27.91,24430.995,27.9633,24328.22,27.8225,21585.99,27.748,20467.452,27.4162,17101.1112,27.151,15180.003,26.884,12637.876,26.9385,12000.2545
492,20170824,300665.SZ,27.95,28.41,27.33,27.46,28.07,-0.61,-2.17,23773.91,66468.133,12.5126,1.65,27.765,23948.29,27.6433,20418.6267,27.595,19312.295,27.4,16793.196,27.1625,15072.8512,26.862,13470.778,26.776,11648.404,26.8905,11524.8505
493,20170823,300665.SZ,27.37,28.14,26.98,28.07,27.4,0.67,2.45,24122.67,66977.217,12.6961,1.89,27.735,18740.985,27.64,17825.09,27.385,15048.0175,27.282,14365.98,26.9612,12867.255,26.713,12007.487,26.748,10824.0067,26.9195,11494.3165
494,20170822,300665.SZ,27.46,27.89,27.16,27.4,27.45,-0.05,-0.18,13359.3,36768.919,7.0312,1.13,27.425,14676.3,27.1567,12023.1333,27.085,11926.8075,27.088,12764.846,26.6362,10851.4,26.562,10238.22,26.6753,9942.362,26.8655,10806.283
495,20170821,300665.SZ,26.64,27.62,26.58,27.45,26.62,0.83,3.12,15993.3,43674.915,8.4175,1.62,27.035,11355.05,26.98,11449.31,27.01,12616.2325,26.874,11865.386,26.4575,10324.1125,26.502,9727.918,26.6753,9677.2753,26.8715,10726.868
496,20170818,300665.SZ,26.7,26.78,26.48,26.62,26.87,-0.25,-0.93,6716.8,17888.82,3.5352,0.66,26.745,9177.315,26.8633,11490.5433,26.73,10833.4075,26.554,9892.554,26.3462,9128.7,26.452,8723.088,26.6687,9177.8553,26.8775,10788.903
497,20170817,300665.SZ,27.1,27.1,26.56,26.87,27.1,-0.23,-0.85,11637.83,31262.483,6.1252,1.21,26.985,13877.415,26.7667,12205.61,26.5375,10686.4925,26.324,10148.36,26.3687,9321.135,26.464,9076.008,26.7207,9768.7353,26.907,11269.1285
498,20170816,300665.SZ,26.36,27.29,26.14,27.1,26.33,0.77,2.92,16117.0,43343.938,8.4826,2.09,26.715,12489.5,26.4267,10369.38,26.1875,9775.9925,26.144,9648.994,26.3787,8609.5312,26.481,9053.02,26.7987,10537.0953,26.9365,11617.337
499,20170815,300665.SZ,25.95,26.48,25.95,26.33,25.85,0.48,1.86,8862.0,23273.082,4.6642,1.17,26.09,7495.57,25.8833,7662.3233,25.905,8031.9925,26.036,7711.594,26.3337,7875.6562,26.469,8531.12,26.7913,10153.4287,26.9705,11612.008
500,20170814,300665.SZ,25.47,25.9,25.3,25.85,25.47,0.38,1.49,6129.14,15789.173,3.2259,0.81,25.66,7062.485,25.7633,7755.3233,25.9625,7423.9925,26.13,7590.45,26.4225,8193.9,26.576,8583.22,26.8707,10347.362,27.047,12107.408
501,20170811,300665.SZ,25.71,25.88,25.41,25.47,25.97,-0.5,-1.93,7995.83,20487.531,4.2083,1.0,25.72,8568.415,26.0,7855.61,26.2,7955.7775,26.35,7553.622,26.5637,8790.0075,26.726,8820.506,26.9853,11087.686,27.1465,13651.1485
502,20170810,300665.SZ,26.5,26.67,25.9,25.97,26.56,-0.59,-2.22,9141.0,23971.689,4.8111,1.08,26.265,7785.5,26.4433,7942.4267,26.57,7443.07,26.604,8003.656,26.805,8963.4037,26.919,9578.923,27.1013,11642.718,27.4195,14213.757
503,20170809,300665.SZ,26.75,26.9,26.55,26.56,26.8,-0.24,-0.9,6430.0,17158.594,3.3842,0.69,26.68,7343.14,26.77,6877.0933,26.7625,7719.32,26.818,8457.046,26.9775,8883.5287,27.126,10981.146,27.2007,12273.4513,27.695,14914.5515
504,20170808,300665.SZ,26.96,27.07,26.7,26.8,26.95,-0.15,-0.56,8256.28,22164.909,4.3454,0.86,26.875,7100.64,26.83,8149.0933,26.8825,8963.8075,26.902,9350.646,27.0825,10027.2787,27.169,11374.346,27.282,12912.146,27.984,15745.096
505,20170807,300665.SZ,26.72,27.2,26.66,26.95,26.74,0.21,0.79,5945.0,16048.78,3.1289,0.59,26.845,8095.5,26.91,9199.65,26.9275,9624.2375,27.022,9575.99,27.2375,11890.6475,27.241,11725.818,27.3527,13613.0607,28.2365,16572.8875
506,20170804,300665.SZ,27.05,27.34,26.73,26.74,27.04,-0.3,-1.11,10246.0,27676.139,5.3926,0.92,26.89,10826.975,26.92,10850.65,27.04,10483.7375,27.102,10087.39,27.2425,12442.7725,27.303,12854.718,27.412,15683.6573,28.495,18915.4225
507,20170803,300665.SZ,26.86,27.49,26.86,27.04,26.98,0.06,0.22,11407.95,31001.51,6.0042,0.84,27.01,11152.975,27.14,10562.9833,27.1925,10047.7375,27.234,11154.19,27.34,12633.3975,27.35,13462.249,27.6913,16283.7907,28.8745,21432.4145
508,20170802,300665.SZ,27.33,27.45,26.81,26.98,27.4,-0.42,-1.53,10898.0,29610.973,5.7358,0.81,27.19,10140.5,27.2433,9594.3333,27.2825,11090.75,27.434,13505.246,27.4062,13361.6537,27.392,14181.654,27.9873,17067.0533,29.24,23512.4635
509,20170801,300665.SZ,27.4,27.54,27.01,27.4,27.35,0.05,0.18,9383.0,25607.461,4.9384,0.68,27.375,8942.5,27.3833,11155.0,27.5475,14157.0575,27.436,13398.046,27.435,14039.5675,27.472,14692.896,28.3447,17876.5793,29.635,26217.4605
510,20170731,300665.SZ,27.41,27.6,27.13,27.35,27.4,-0.05,-0.18,8502.0,23285.871,4.4747,0.54,27.375,12041.0,27.5967,15748.41,27.445,14401.8075,27.46,13875.646,27.4425,15191.9425,27.518,15631.596,28.6413,18905.1867,29.945,28267.81
511,20170728,300665.SZ,27.89,28.09,27.32,27.4,28.04,-0.64,-2.28,15580.0,43079.861,8.2,0.99,27.72,19371.615,27.4767,16368.41,27.4875,15219.0575,27.504,15622.046,27.4962,16130.495,27.567,18481.791,28.9593,21858.1,30.2445,30964.232
512,20170727,300665.SZ,26.9,28.22,26.8,28.04,26.99,1.05,3.89,23163.23,64062.913,12.1912,1.56,27.515,16762.615,27.5167,15098.7433,27.53,15632.5575,27.466,15770.308,27.5537,16529.245,27.92,18848.591,29.4213,24858.4893,30.587,35026.1225
513,20170726,300665.SZ,27.43,27.63,26.86,26.99,27.52,-0.53,-1.93,10362.0,28203.923,5.4537,0.65,27.255,11066.5,27.36,13122.3333,27.3225,13922.0775,27.35,14858.062,27.5287,18259.335,28.264,18847.957,29.842,26848.2027,30.9675,38924.627
514,20170725,300665.SZ,27.32,27.74,27.31,27.52,27.57,-0.05,-0.18,11771.0,32380.366,6.1953,0.68,27.545,14502.5,27.4333,15108.77,27.44,15982.0775,27.508,15987.746,28.0212,19370.085,28.799,20115.846,30.368,30490.5987,31.419,43439.1085
515,20170724,300665.SZ,26.85,27.72,26.6,27.57,27.21,0.36,1.32,17234.0,46742.43,9.0705,0.81,27.39,16777.655,27.4133,17385.77,27.505,17041.9325,27.576,17387.546,28.5162,20793.3212,29.232,21419.957,30.7733,33065.198,31.9365,46137.197
516,20170721,300665.SZ,27.39,27.93,27.03,27.21,27.46,-0.25,-0.91,16321.31,44719.196,8.5902,0.74,27.335,17461.655,27.4833,16977.91,27.5775,17425.9325,27.63,21341.536,29.1125,21519.1825,29.687,24976.127,31.158,36078.294,32.2795,45441.0845
517,20170720,300665.SZ,27.5,28.28,27.4,27.46,27.78,-0.32,-1.15,18602.0,51909.736,9.7905,0.81,27.62,17306.21,27.7,17794.14,27.735,22596.5925,28.374,21926.874,29.6925,22580.5325,30.399,29402.58,31.6273,41444.7273,32.484,44724.83
518,20170719,300665.SZ,27.8,27.96,27.2,27.78,27.86,-0.08,-0.29,16010.42,44288.42,8.4265,0.66,27.82,17390.21,27.8267,23928.1233,28.6025,22758.0925,29.178,22837.852,30.275,26854.745,31.088,32843.273,32.1733,46946.8153,32.5335,43813.3475
519,20170718,300665.SZ,27.49,28.2,27.2,27.86,27.84,0.02,0.07,18770.0,52152.786,9.8789,0.74,27.85,27886.975,28.8767,25007.3167,29.5275,24544.71,30.09,24243.946,31.0937,32426.6725,31.798,37742.025,32.7227,52589.5627,32.4375,43029.6765
520,20170717,300665.SZ,29.89,30.18,27.84,27.84,30.93,-3.09,-9.99,37003.95,105623.868,19.4758,1.29,29.385,28125.975,30.0833,26469.6133,30.6475,25612.4325,30.888,25452.368,31.905,36706.5387,32.372,40904.024,33.39,55720.414,32.22,42101.5765
521,20170714,300665.SZ,31.31,31.63,30.88,30.93,31.48,-0.55,-1.75,19248.0,60081.354,10.1305,0.52,31.205,21202.445,31.5833,21815.26,31.65,22564.4725,31.744,28610.718,32.785,40205.7875,32.922,43446.673,33.8293,53474.2673,31.8965,40259.879
522,20170713,300665.SZ,32.22,32.22,31.38,31.48,32.34,-0.86,-2.66,23156.89,73402.648,12.1878,0.54,31.91,23098.89,31.89,23669.9633,31.9475,30951.3975,32.424,36878.286,33.1187,44098.5362,33.254,51203.654,33.854,52324.1487,31.3215,39299.429
523,20170712,300665.SZ,31.96,32.43,31.56,32.34,31.85,0.49,1.54,23040.89,73820.365,12.1268,0.45,32.095,23926.5,32.1033,33549.5667,32.66,40308.635,32.998,42848.694,33.3512,49007.73,33.671,59001.297,33.652,50805.1793,30.6305,38142.7345
524,20170711,300665.SZ,32.01,32.4,31.69,31.85,32.12,-0.27,-0.84,24812.11,79454.761,13.059,0.44,31.985,38803.905,32.7667,46064.55,33.1625,47800.645,33.506,51240.104,33.59,58229.845,34.039,66762.371,33.22,49291.5867,29.816,36991.19
525,20170710,300665.SZ,33.41,33.75,32.01,32.12,34.33,-2.21,-6.44,52795.7,172873.3,27.7872,0.91,33.225,56690.77,33.6,55463.49,33.92,57847.1025,33.856,56355.68,34.065,67769.9962,34.641,70854.437,32.664,47651.3127,28.953,35754.0345
526,20170707,300665.SZ,34.12,35.32,34.12,34.33,34.35,-0.02,-0.06,60585.84,210880.923,31.8873,0.92,34.34,56797.385,34.52,59530.9033,34.29,57245.675,34.1,58282.628,34.5525,73751.9875,34.872,65906.042,31.9473,44142.9327,,
527,20170706,300665.SZ,34.43,34.71,33.6,34.35,34.88,-0.53,-1.52,53008.93,181509.911,27.8994,0.71,34.615,59003.435,34.2767,56132.2867,34.0425,57706.825,34.084,65529.022,34.995,74395.3537,34.569,60047.08,30.954,40106.4767,,
528,20170705,300665.SZ,33.5,34.99,33.25,34.88,33.6,1.28,3.81,64997.94,222896.193,34.2094,0.79,34.24,57693.965,33.94,59272.79,34.0175,68659.045,34.344,75153.9,35.005,68183.2062,33.979,54783.422,29.8413,36574.0813,,
529,20170704,300665.SZ,33.35,33.89,32.87,33.6,33.34,0.26,0.78,50389.99,168413.432,26.521,0.59,33.47,56410.215,33.73,69879.4133,34.21,77692.89,34.572,82284.638,34.5575,60307.9912,33.077,48317.328,28.586,32241.552,,
530,20170703,300665.SZ,33.5,33.73,32.51,33.34,34.25,-0.91,-2.66,62430.44,206683.196,32.8581,0.85,33.795,79624.125,34.4133,86793.8567,34.815,90258.3,35.426,85353.194,33.9137,54055.7862,32.068,43299.129,27.3187,28886.8193,,
531,20170630,300665.SZ,34.1,36.5,33.33,34.25,35.65,-1.4,-3.93,96817.81,338869.457,50.9567,1.77,34.95,98975.565,35.3067,99534.2533,35.9475,91083.8825,35.644,73529.456,32.9787,46294.1062,30.871,37073.085,,,,
532,20170629,300665.SZ,37.7,38.5,35.33,35.65,36.02,-0.37,-1.03,101133.32,373158.326,53.2281,2.94,35.835,100892.475,36.5133,89172.5733,35.9925,67707.3675,35.054,54565.138,31.6362,34217.88,29.389,27395.204,,,,
533,20170628,300665.SZ,36.79,38.5,35.28,36.02,37.87,-1.85,-4.89,100651.63,366897.335,52.9745,7.01,36.945,83192.2,36.1067,56565.3833,34.905,42923.0925,33.614,34412.944,29.8512,21597.465,27.59,17284.172,,,,
534,20170627,300665.SZ,37.5,37.87,36.5,37.87,34.43,3.44,9.99,65732.77,247321.775,34.5962,52.79,36.15,34522.26,34.5333,23680.2467,33.0125,17853.2725,31.582,14350.018,27.7775,9020.8862,25.593,7220.009,,,,
535,20170626,300665.SZ,34.43,34.43,34.43,34.43,31.3,3.13,10.0,3311.75,11402.355,1.743,5.37,32.865,2653.985,31.3933,1893.44,30.01,1504.33,28.71,1245.064,25.2512,807.165,23.265,653.632,,,,
536,20170623,300665.SZ,31.3,31.3,31.3,31.3,28.45,2.85,10.02,1996.22,6248.168,1.0506,8.86,29.875,1184.285,28.5367,901.8567,27.28,728.3925,26.098,616.714,22.9537,394.4462,,,,,,
537,20170622,300665.SZ,28.45,28.45,28.45,28.45,25.86,2.59,10.02,372.35,1059.335,0.196,2.4,27.155,354.675,25.94,305.7833,24.7975,271.8375,23.724,225.27,20.865,153.5437,,,,,,
538,20170621,300665.SZ,25.86,25.86,25.86,25.86,23.51,2.35,10.0,337.0,871.482,0.1774,3.74,24.685,272.5,23.58,238.3333,22.5425,188.5,21.566,155.4,,,,,,,,
539,20170620,300665.SZ,23.51,23.51,23.51,23.51,21.37,2.14,10.01,208.0,489.008,0.1095,3.34,22.44,189.0,21.4367,139.0,20.4925,110.0,19.604,90.0,,,,,,,,
540,20170619,300665.SZ,21.37,21.37,21.37,21.37,19.43,1.94,9.98,170.0,363.29,0.0895,,20.4,104.5,19.4867,77.3333,18.6275,60.5,17.82,62.2,,,,,,,,
541,20170616,300665.SZ,19.43,19.43,19.43,19.43,17.66,1.77,10.02,39.0,75.777,0.0205,,18.545,31.0,17.7133,24.0,16.9325,35.25,,,,,,,,,,
542,20170615,300665.SZ,17.66,17.66,17.66,17.66,16.05,1.61,10.03,23.0,40.618,0.0121,,16.855,16.5,16.1,34.0,,,,,,,,,,,,
543,20170614,300665.SZ,16.05,16.05,16.05,16.05,14.59,1.46,10.01,10.0,16.05,0.0053,,15.32,39.5,,,,,,,,,,,,,,
544,20170613,300665.SZ,12.16,14.59,12.16,14.59,10.13,4.46,44.03,69.0,99.823,0.0363,,,,,,,,,,,,,,,,,
