,trade_date,ts_code,open,high,low,close,pre_close,change,pct_chg,vol,amount,turnover_rate,volume_ratio,ma2,ma_v_2,ma3,ma_v_3,ma4,ma_v_4,ma5,ma_v_5,ma8,ma_v_8,ma10,ma_v_10,ma15,ma_v_15,ma20,ma_v_20
0,20190830,600064.SH,9.33,9.38,9.09,9.13,9.27,-0.14,-1.5102,84434.96,78084.61,0.6832,1.08,9.2,76474.74,9.2267,77142.0633,9.23,86884.1775,9.2,83304.164,9.2025,87908.1338,9.193,90196.721,9.1173,79052.4713,9.0695,78097.396
1,20190829,600064.SH,9.3,9.35,9.21,9.27,9.28,-0.01,-0.1078,68514.52,63533.431,0.5543,0.85,9.275,73495.615,9.2633,87700.5833,9.2175,83021.465,9.208,77986.484,9.2038,88287.2288,9.173,87463.191,9.096,77217.514,9.0755,78589.8055
2,20190828,600064.SH,9.18,9.35,9.16,9.28,9.24,0.04,0.4329,78476.71,72547.275,0.6349,0.83,9.26,97293.615,9.2,87857.1133,9.1925,80354.475,9.192,80702.332,9.1913,93627.2163,9.144,86907.48,9.0747,76026.3973,9.088,78242.8485
3,20190827,600064.SH,9.18,9.27,9.09,9.24,9.08,0.16,1.7621,116110.52,106786.618,0.9394,1.31,9.16,92547.315,9.1633,80980.3967,9.17,81258.7375,9.188,94367.776,9.1475,90955.085,9.113,85649.277,9.0453,74227.7627,9.1035,77838.7125
4,20190826,600064.SH,8.98,9.15,8.93,9.08,9.17,-0.09,-0.9815,68984.11,62261.335,0.5581,0.71,9.125,63415.335,9.1467,69641.4767,9.175,88932.09,9.168,88639.216,9.115,84310.9463,9.084,78604.617,9.0193,76460.2787,9.1275,75410.8225
5,20190823,600064.SH,9.19,9.25,9.15,9.17,9.19,-0.02,-0.2176,57846.56,53142.63,0.468,0.6,9.18,69970.16,9.2067,95581.4167,9.19,93552.9925,9.186,97089.278,9.1013,83924.7675,9.076,76926.625,9.026,76361.8067,9.156,76315.5775
6,20190822,600064.SH,9.29,9.3,9.13,9.19,9.26,-0.07,-0.7559,82093.76,75429.303,0.6642,0.88,9.225,114448.845,9.1967,105455.1367,9.19,106899.9575,9.138,96939.898,9.0738,82401.9375,9.04,76833.029,9.0313,78790.9127,9.186,83250.2215
7,20190821,600064.SH,9.15,9.44,9.09,9.26,9.14,0.12,1.3129,146803.93,136710.209,1.1878,1.91,9.2,117135.825,9.19,115168.69,9.125,100651.4325,9.096,93112.628,9.05,78665.7413,9.016,73688.43,9.0533,77423.0207,9.198,82030.191
8,20190820,600064.SH,9.17,9.22,9.09,9.14,9.17,-0.03,-0.3272,87467.72,80171.966,0.7077,1.28,9.155,99351.07,9.08,85267.2667,9.055,79689.8025,9.038,76930.778,8.9938,67429.075,8.974,64157.756,9.0753,72329.0247,9.2055,78084.6735
9,20190819,600064.SH,8.98,9.18,8.98,9.17,8.93,0.24,2.6876,111234.42,101257.1,0.9,1.96,9.05,84167.04,9.0267,77097.1633,9.0125,74296.5425,9.0,68570.018,8.97,62826.5813,8.945,70370.81,9.114,71001.358,9.218,76473.9385
10,20190816,600064.SH,8.96,9.03,8.91,8.93,8.98,-0.05,-0.5568,57099.66,51195.285,0.462,1.01,8.955,60028.535,8.96,61983.9167,8.9575,57903.9175,8.966,56763.972,8.9288,55359.4275,8.946,65998.071,9.146,69391.0107,9.2235,77120.3375
11,20190815,600064.SH,8.82,8.98,8.75,8.98,8.97,0.01,0.1115,62957.41,55795.802,0.5094,1.16,8.975,64426.045,8.9667,58172.0033,8.975,56680.05,8.942,56726.16,8.9188,66921.7525,8.978,69716.42,9.202,78686.996,9.258,78130.7655
12,20190814,600064.SH,9.04,9.09,8.95,8.97,8.95,0.02,0.2235,65894.68,59471.692,0.5331,1.28,8.96,55779.3,8.9733,54587.5967,8.9325,55168.3475,8.936,54264.232,8.9438,67490.455,9.032,69578.217,9.232,78336.0453,9.2845,79150.5515
13,20190813,600064.SH,8.97,8.98,8.87,8.95,9.0,-0.05,-0.5556,45663.92,40783.673,0.3695,0.63,8.975,48934.055,8.92,51592.9033,8.9275,51356.62,8.91,51384.734,8.9788,71039.0138,9.094,70028.148,9.2613,78469.3053,9.323,81201.018
14,20190812,600064.SH,8.89,9.0,8.83,9.0,8.81,0.19,2.1566,52204.19,46736.079,0.4224,0.69,8.905,54557.395,8.92,53254.1867,8.9,52814.9375,8.89,72171.602,9.05,73027.9463,9.171,72217.028,9.2907,79108.5787,9.3595,83180.0625
15,20190809,600064.SH,8.97,9.05,8.8,8.81,8.95,-0.14,-1.5642,56910.6,50894.881,0.4605,0.69,8.88,53779.185,8.8667,53018.52,8.8625,77163.455,8.926,75232.17,9.1238,75301.6713,9.236,75704.53,9.3093,83905.7927,9.395,85898.672
16,20190808,600064.SH,8.92,8.96,8.89,8.95,8.84,0.11,1.2443,50647.77,45215.242,0.4098,0.6,8.895,51072.48,8.88,83914.4067,8.955,79812.5625,9.014,82706.68,9.2375,76631.9363,9.332,89667.414,9.3633,85265.634,9.4325,90034.229
17,20190807,600064.SH,8.91,8.96,8.82,8.84,8.85,-0.01,-0.113,51497.19,45792.684,0.4167,0.58,8.845,100547.725,8.9567,89534.16,9.03,90721.4075,9.128,84892.202,9.325,81185.8663,9.38,90371.952,9.4007,87445.9913,9.469,93951.491
18,20190806,600064.SH,9.02,9.07,8.58,8.85,9.18,-0.33,-3.5948,149598.26,132282.201,1.2104,2.07,9.015,108552.645,9.0933,103796.1467,9.2,93240.955,9.278,88671.562,9.4413,99316.1475,9.437,92011.591,9.4607,91139.7793,9.5125,108965.8165
19,20190805,600064.SH,9.21,9.36,9.15,9.18,9.25,-0.07,-0.7568,67507.03,62394.895,0.5462,0.89,9.215,80895.09,9.3167,74455.1867,9.385,73439.8875,9.452,72262.454,9.5138,87828.0088,9.491,82577.067,9.516,86849.5493,9.5895,106546.821
20,20190802,600064.SH,9.3,9.42,9.21,9.25,9.52,-0.27,-2.8361,94283.15,87588.099,0.7628,0.98,9.385,77929.265,9.4533,75417.5067,9.52,73451.31,9.546,76176.89,9.5425,87876.3275,9.501,88242.604,9.5513,89454.1727,9.6555,109372.2895
21,20190801,600064.SH,9.51,9.61,9.47,9.52,9.59,-0.07,-0.7299,61575.38,58678.208,0.4982,0.64,9.555,65984.685,9.61,66507.3633,9.62,71650.325,9.65,96628.148,9.56,82997.5613,9.538,86545.111,9.572,92476.7453,9.7355,110090.6405
22,20190731,600064.SH,9.66,9.72,9.55,9.59,9.72,-0.13,-1.3374,70393.99,67562.022,0.5696,0.74,9.655,68973.355,9.6533,75008.64,9.6825,105391.34,9.632,95851.702,9.53,90820.9388,9.537,88722.886,9.5827,96971.254,9.8145,113466.7575
23,20190730,600064.SH,9.66,9.77,9.62,9.72,9.65,0.07,0.7254,67552.72,65635.571,0.5466,0.73,9.685,77315.965,9.7133,117057.1233,9.6425,102216.13,9.596,95351.62,9.5338,91685.2175,9.552,92373.888,9.5907,115730.568,9.893,118018.9075
24,20190729,600064.SH,9.7,9.77,9.61,9.65,9.77,-0.12,-1.2282,87079.21,84287.406,0.7045,0.87,9.71,141809.325,9.6167,113770.6,9.565,102301.345,9.53,92891.68,9.5075,93660.2688,9.548,94143.097,9.6353,117974.9433,9.964,123247.7005
25,20190726,600064.SH,9.55,9.88,9.54,9.77,9.43,0.34,3.6055,196539.44,191625.248,1.5902,2.57,9.6,127116.295,9.5367,107375.39,9.5,94344.7975,9.456,100308.318,9.5188,96138.3688,9.554,96092.814,9.692,120437.4227,10.0335,130056.5725
26,20190725,600064.SH,9.38,9.45,9.37,9.43,9.41,0.02,0.2125,57693.15,54278.322,0.4668,0.71,9.42,62793.365,9.41,60279.9167,9.3775,76250.5375,9.426,76462.074,9.5075,82226.54,9.533,90401.044,9.764,114578.138,10.0805,126776.4105
27,20190724,600064.SH,9.43,9.54,9.37,9.41,9.39,0.02,0.213,67893.58,64237.513,0.5493,0.76,9.4,61573.3,9.36,82436.3333,9.425,81154.305,9.442,81594.07,9.5425,88336.9438,9.558,97531.03,9.8753,119338.4427,10.1525,129277.0505
28,20190723,600064.SH,9.32,9.42,9.32,9.39,9.28,0.11,1.1853,55253.02,51887.249,0.447,0.58,9.335,89707.71,9.43,85574.5467,9.45,85019.1925,9.508,89396.156,9.5613,97302.9638,9.588,125920.042,9.992,125574.67,10.222,130200.9615
29,20190722,600064.SH,9.71,9.73,9.28,9.28,9.62,-0.34,-3.5343,124162.4,116681.376,1.0046,1.35,9.45,100735.31,9.47,94941.25,9.5375,97931.94,9.566,95394.514,9.5975,106520.4625,9.688,130516.575,10.1087,133366.374,10.3005,134429.3915
30,20190719,600064.SH,9.53,9.72,9.52,9.62,9.51,0.11,1.1567,77308.22,74457.846,0.6255,0.74,9.565,80330.675,9.6233,89188.4533,9.6375,88202.5425,9.652,91877.31,9.6513,134973.125,9.81,130501.975,10.226,139972.6573,10.3835,134206.491
31,20190718,600064.SH,9.65,9.66,9.5,9.51,9.74,-0.23,-2.3614,83353.13,79648.582,0.6744,0.73,9.625,95128.57,9.6433,91833.9833,9.66,95519.5825,9.64,104340.014,9.7475,137961.8913,9.933,133636.17,10.2987,143547.856,10.451,140738.0025
32,20190717,600064.SH,9.68,9.83,9.66,9.74,9.68,0.06,0.6198,106904.01,104448.765,0.8649,0.66,9.71,96074.41,9.71,99575.0667,9.6725,109586.735,9.674,113467.99,9.8712,143044.8,10.092,138210.629,10.3893,145171.3773,10.5175,145654.1725
33,20190716,600064.SH,9.65,9.81,9.62,9.68,9.71,-0.03,-0.309,85244.81,82718.617,0.6897,0.51,9.695,95910.595,9.65,110480.9767,9.6575,115108.985,9.668,162443.928,10.01,143263.07,10.234,143663.927,10.46,143802.5633,10.5605,147885.6975
34,20190715,600064.SH,9.59,9.78,9.41,9.71,9.56,0.15,1.569,106576.38,102807.091,0.8623,0.63,9.635,123099.06,9.65,125063.71,9.665,181743.7075,9.81,165638.636,10.1875,148744.6838,10.38,152352.304,10.5453,147441.0173,10.6,146922.396
35,20190712,600064.SH,9.7,9.74,9.48,9.56,9.68,-0.12,-1.2397,139621.74,133816.626,1.1297,0.86,9.62,134307.375,9.65,206799.4833,9.835,180404.2,9.968,169126.64,10.3687,155602.26,10.513,164020.331,10.6273,148316.218,10.642,145851.272
36,20190711,600064.SH,9.74,9.82,9.64,9.68,9.71,-0.03,-0.309,128993.01,125695.389,1.0437,0.79,9.695,240388.355,9.9267,193998.3533,10.07,176502.865,10.226,162932.326,10.5662,159665.615,10.628,163151.777,10.7213,152870.6653,10.692,146992.42
37,20190710,600064.SH,10.25,10.33,9.61,9.71,10.39,-0.68,-6.5448,351783.7,346871.09,2.8462,2.82,10.05,226501.025,10.2,192339.4833,10.3625,171417.155,10.51,162953.268,10.7362,171448.57,10.747,161023.071,10.7987,156382.9,10.752,148633.5045
38,20190709,600064.SH,10.58,10.58,10.28,10.39,10.5,-0.11,-1.0476,101218.35,105220.912,0.8189,0.73,10.445,112617.375,10.58,111294.9733,10.71,115745.66,10.8,124883.926,10.8612,143842.6325,10.856,134481.881,10.858,143032.954,10.8035,138426.162
39,20190708,600064.SH,10.87,10.87,10.48,10.5,10.85,-0.35,-3.2258,124016.4,131771.779,1.0034,0.78,10.675,116333.285,10.8167,120588.0967,10.9025,130800.32,10.95,139065.972,10.9212,144653.5825,10.913,138342.208,10.8633,140683.6493,10.831,144524.5365
40,20190705,600064.SH,10.88,10.9,10.73,10.85,10.85,0.0,0.0,108650.17,117695.531,0.8791,0.67,10.975,118873.945,11.0367,133061.6267,11.0625,142828.365,11.058,158914.022,10.9587,139948.0075,10.957,137911.007,10.8667,138092.816,10.827,143551.243
41,20190704,600064.SH,11.16,11.24,11.04,11.1,11.16,-0.06,-0.5376,129097.72,143742.086,1.0445,0.81,11.13,145267.355,11.1333,154221.0967,11.11,171479.985,11.03,163371.228,10.9725,143844.4388,10.969,147839.835,10.8473,141679.118,10.8035,148891.994
42,20190703,600064.SH,11.18,11.23,11.0,11.16,11.14,0.02,0.1795,161436.99,179606.283,1.3062,1.12,11.15,166782.785,11.1133,185607.4067,11.0125,171939.605,10.984,159092.874,10.9525,142670.2725,10.943,153097.716,10.8327,143860.25,10.7965,150497.163
43,20190702,600064.SH,11.06,11.23,10.98,11.14,11.04,0.1,0.9058,172128.58,191257.081,1.3927,1.25,11.09,197692.615,10.9633,175440.4767,10.94,158506.845,10.912,144079.836,10.9288,148482.955,10.887,152107.468,10.8047,142940.2407,10.793,155578.903
44,20190701,600064.SH,10.94,11.04,10.85,11.04,10.71,0.33,3.0812,223256.65,244616.079,1.8063,1.91,10.875,177096.425,10.8733,153966.2667,10.855,137067.65,10.876,137618.444,10.8913,149676.4488,10.82,141492.488,10.7913,146344.058,10.7855,155215.4235
45,20190628,600064.SH,10.86,10.86,10.56,10.71,10.87,-0.16,-1.4719,130936.2,140088.329,1.0594,0.99,10.79,119321.075,10.7933,108337.9833,10.835,116208.8925,10.856,116907.992,10.8362,140711.1813,10.771,127682.213,10.75,138430.3167,10.783,153566.477
46,20190627,600064.SH,10.84,10.98,10.82,10.87,10.8,0.07,0.6481,107705.95,117313.825,0.8714,0.73,10.835,97038.875,10.8767,111299.79,10.8925,113400.94,10.908,132308.442,10.8062,132591.5038,10.756,130833.063,10.728,144065.5827,10.8065,162317.482
47,20190626,600064.SH,10.86,10.93,10.8,10.8,10.96,-0.16,-1.4599,86371.8,93781.034,0.6988,0.54,10.88,113096.71,10.9,115299.27,10.9175,138459.065,10.902,147102.558,10.7662,129772.4975,10.757,136243.938,10.734,147631.926,10.822,177007.2995
48,20190625,600064.SH,10.94,11.0,10.72,10.96,10.94,0.02,0.1828,139821.62,151929.491,1.1313,0.96,10.95,129763.005,10.9567,155821.4867,10.9275,162285.2475,10.862,160135.1,10.7362,139281.61,10.751,142370.443,10.7533,159411.9253,10.8405,199662.2435
49,20190624,600064.SH,11.05,11.09,10.88,10.94,10.97,-0.03,-0.2735,119704.39,131205.968,0.9685,0.86,10.955,163821.42,10.9167,169773.1233,10.8375,165213.47,10.764,145366.532,10.7262,142030.745,10.749,150706.865,10.7553,161081.0833,10.8175,199599.538
50,20190621,600064.SH,10.89,11.03,10.86,10.97,10.84,0.13,1.1993,207938.45,227624.389,1.6824,1.61,10.905,194807.49,10.8033,180383.1633,10.72,151782.0675,10.686,138456.434,10.7012,145522.3025,10.697,149191.479,10.7587,165785.972,10.786,200953.3725
51,20190620,600064.SH,10.6,10.91,10.56,10.84,10.6,0.24,2.2642,181676.53,196007.771,1.4699,1.45,10.72,166605.52,10.6367,133063.2733,10.615,121085.93,10.604,129357.684,10.6975,147428.2263,10.638,149944.153,10.7727,172320.4953,10.7705,202795.5615
52,20190619,600064.SH,10.76,10.86,10.6,10.6,10.47,0.13,1.2416,151534.51,162398.299,1.2261,1.22,10.535,108756.645,10.54,100889.0633,10.545,116277.9725,10.612,125385.318,10.645,137787.4763,10.65,147896.61,10.7953,186975.5467,10.7545,199574.4115
53,20190618,600064.SH,10.58,10.59,10.43,10.47,10.55,-0.08,-0.7583,65978.78,69248.563,0.5338,0.42,10.51,75566.34,10.5267,104525.7933,10.615,118848.02,10.64,124605.786,10.6175,145778.8113,10.699,159050.338,10.8333,212837.958,10.7605,200415.0585
54,20190617,600064.SH,10.56,10.64,10.49,10.55,10.56,-0.01,-0.0947,85153.9,89799.859,0.689,0.53,10.555,123799.3,10.6633,136471.1,10.6825,139262.5375,10.734,156047.198,10.6787,157681.6013,10.751,168938.359,10.8353,217677.2067,10.761,204062.4735
55,20190614,600064.SH,10.92,10.93,10.47,10.56,10.88,-0.32,-2.9412,162444.7,173569.472,1.3143,0.95,10.72,162129.7,10.7267,157298.75,10.78,173770.5225,10.708,159926.524,10.7462,179921.3375,10.795,179450.741,10.8193,221785.6853,10.7515,211594.3735
56,20190613,600064.SH,10.73,10.98,10.69,10.88,10.74,0.14,1.3035,161814.7,175886.24,1.3092,0.95,10.81,154725.775,10.8533,177545.7967,10.745,159296.98,10.672,170530.622,10.8,180223.1238,10.857,193801.901,10.826,227274.854,10.7695,214055.5695
57,20190612,600064.SH,10.88,10.92,10.73,10.74,10.94,-0.2,-1.8282,147636.85,159580.87,1.1945,0.76,10.84,185411.345,10.7,158457.74,10.62,172709.6025,10.688,170407.902,10.8137,183781.0013,10.887,217770.661,10.802,224304.1093,10.7705,215111.3695
58,20190611,600064.SH,10.4,10.94,10.4,10.94,10.42,0.52,4.9904,223185.84,239532.832,1.8058,1.23,10.68,163868.185,10.58,181067.1867,10.675,176100.665,10.758,193494.89,10.8687,203570.9325,10.93,256954.044,10.8007,225684.816,10.768,219314.1135
59,20190610,600064.SH,10.48,10.62,10.38,10.42,10.38,0.04,0.3854,104550.53,109572.663,0.8459,0.53,10.4,160007.86,10.5867,160405.6067,10.7125,186072.1525,10.768,181829.52,10.8987,225860.49,10.886,248492.211,10.77,220067.5653,10.754,222302.4555
60,20190606,600064.SH,10.96,10.98,10.3,10.38,10.96,-0.58,-5.292,215465.19,228381.532,1.7433,0.99,10.67,188333.145,10.81,213246.0267,10.855,201149.2675,10.882,198974.958,10.9925,280225.5088,10.875,252715.266,10.766,228816.99,10.7585,229038.9185
61,20190605,600064.SH,11.2,11.22,10.92,10.96,11.09,-0.13,-1.1722,161201.1,178185.184,1.3043,0.61,11.025,212136.445,11.0133,196377.2933,11.0075,194852.4,11.042,217073.18,11.0075,270613.2988,10.903,255646.97,10.802,228563.8853,10.752,225936.3375
62,20190604,600064.SH,10.96,11.14,10.72,11.09,10.99,0.1,0.9099,263071.79,287713.9,2.1285,0.82,11.04,213965.39,11.0233,206069.5,11.0625,231041.2,11.086,265133.42,10.9262,268810.7963,10.859,251252.213,10.798,230012.5253,10.7165,228694.8575
63,20190603,600064.SH,11.0,11.13,10.88,10.99,10.99,0.0,0.0,164858.99,181997.811,1.3339,0.52,10.99,177568.355,11.0533,220364.3367,11.085,265648.8275,11.102,320413.198,10.8725,266524.6013,10.822,241779.779,10.7713,227920.5213,10.6745,230408.804
64,20190531,600064.SH,11.15,11.22,10.97,10.99,11.18,-0.19,-1.6995,190277.72,210645.811,1.5395,0.62,11.085,248117.01,11.1167,299245.44,11.13,359301.75,11.004,315154.902,10.8137,260573.9188,10.771,239186.588,10.7493,235793.434,10.6445,238789.568
65,20190530,600064.SH,10.98,11.33,10.86,11.18,11.18,0.0,0.0,305956.3,338651.532,2.4755,1.04,11.18,353729.3,11.1767,415643.0933,11.0075,346374.1975,10.868,306455.574,10.78,257832.635,10.708,243738.006,10.7173,239060.2387,10.665,247058.7165
66,20190529,600064.SH,11.4,11.66,11.02,11.18,11.17,0.01,0.0895,401502.3,453194.576,3.2485,1.69,11.175,470486.49,10.95,359846.83,10.79,306580.3925,10.764,294220.76,10.6925,236953.9825,10.682,234309.238,10.6553,228890.7233,10.6515,240440.6085
67,20190528,600064.SH,10.61,11.55,10.61,11.17,10.5,0.67,6.381,539470.68,602488.31,4.3648,3.31,10.835,339019.095,10.66,274939.7567,10.66,267400.375,10.632,237371.006,10.59,216240.1825,10.654,212452.078,10.5933,216548.67,10.6355,229181.7585
68,20190527,600064.SH,10.34,10.57,10.27,10.5,10.31,0.19,1.8429,138567.51,144855.611,1.1211,0.85,10.405,142674.295,10.49,176710.2733,10.4975,161846.0875,10.542,163146.36,10.5587,175264.925,10.606,181674.183,10.532,200407.3393,10.6295,213916.581
69,20190524,600064.SH,10.52,10.62,10.3,10.31,10.66,-0.35,-3.2833,146781.08,152721.989,1.1876,0.81,10.485,195781.655,10.4967,169605.6133,10.5525,169291.0725,10.538,163218.274,10.6087,180810.3238,10.622,196112.7,10.5247,213334.4567,10.684,219412.4405
70,20190523,600064.SH,10.53,10.94,10.23,10.66,10.52,0.14,1.3308,244782.23,260278.309,1.9805,1.4,10.59,181017.88,10.6333,176794.4033,10.595,167327.5725,10.548,181020.438,10.6562,191424.155,10.642,205362.571,10.5973,227259.764,10.76,229387.911
71,20190522,600064.SH,10.75,10.76,10.47,10.52,10.72,-0.2,-1.8657,117253.53,124279.764,0.9487,0.63,10.62,142800.49,10.5733,141509.3533,10.52,165079.99,10.6,174397.716,10.6562,196195.4613,10.601,196225.705,10.614,222513.8913,10.804,234709.003
72,20190521,600064.SH,10.49,10.83,10.36,10.72,10.48,0.24,2.2901,168347.45,179844.893,1.3621,0.84,10.6,153637.265,10.52,181022.1433,10.62,188683.7625,10.676,187533.15,10.655,211448.7438,10.574,206137.502,10.6367,226452.0093,10.848,237955.475
73,20190520,600064.SH,10.36,10.57,10.16,10.48,10.36,0.12,1.1583,138927.08,144502.379,1.124,0.61,10.42,187359.49,10.5867,195462.5333,10.665,192329.575,10.67,200202.006,10.5962,209582.0088,10.527,219037.829,10.6587,230839.988,10.872,242567.3275
74,20190517,600064.SH,10.88,10.98,10.3,10.36,10.92,-0.56,-5.1282,235791.9,251527.944,1.9078,1.03,10.64,223730.26,10.7267,210130.4067,10.7175,215520.7375,10.706,229007.126,10.5675,219262.5613,10.518,238392.548,10.7327,238143.8293,10.925,247822.058
75,20190516,600064.SH,10.87,11.07,10.66,10.92,10.9,0.02,0.1835,211668.62,230092.204,1.7126,0.97,10.91,197299.66,10.8367,208763.6833,10.7925,227310.9325,10.736,229704.704,10.5537,226957.4138,10.622,250379.427,10.8307,245510.402,10.986,251432.3955
76,20190515,600064.SH,10.81,10.94,10.76,10.9,10.69,0.21,1.9645,182930.7,198325.276,1.4801,0.81,10.795,207311.215,10.75,232525.0367,10.69,234213.725,10.602,218053.694,10.4875,242058.12,10.621,246571.979,10.872,254812.7653,11.015,257924.9235
77,20190514,600064.SH,10.45,10.98,10.41,10.69,10.66,0.03,0.2814,231691.73,249799.755,1.8746,0.97,10.675,257322.205,10.62,251308.0667,10.5275,226834.4425,10.472,224741.854,10.55,263649.3687,10.617,245911.439,10.9053,254762.9167,11.066,265817.734
78,20190513,600064.SH,10.44,10.85,10.32,10.66,10.51,0.15,1.4272,282952.68,302028.479,2.2893,1.14,10.585,261116.235,10.4733,225215.3467,10.4175,223004.385,10.384,237873.652,10.5775,256387.17,10.653,246158.979,10.9393,256689.1013,11.124,281216.277
79,20190510,600064.SH,10.4,10.64,10.05,10.51,10.25,0.26,2.5366,239279.79,249675.634,1.936,0.88,10.38,196346.68,10.3367,203021.62,10.315,226603.895,10.33,247777.97,10.6025,243058.7475,10.746,242712.181,10.998,254093.702,11.194,288290.944
80,20190509,600064.SH,10.12,10.45,10.05,10.25,10.25,0.0,0.0,153413.57,157636.043,1.2413,0.56,10.25,184892.535,10.25,222378.5967,10.285,249902.515,10.508,271054.15,10.67,242419.665,10.878,253413.251,11.0693,258674.9593,11.251,286880.2825
81,20190508,600064.SH,9.95,10.46,9.87,10.25,10.25,0.0,0.0,216371.5,221248.903,1.7506,0.81,10.25,256861.11,10.2967,282065.4967,10.5725,300464.295,10.64,275090.264,10.8375,254303.5562,11.007,273192.301,11.1527,271215.3333,11.31,296879.9425
82,20190507,600064.SH,10.51,10.64,9.98,10.25,10.39,-0.14,-1.3474,297350.72,306125.015,2.4058,1.17,10.32,314912.495,10.68,328495.2267,10.7375,289769.955,10.762,267081.024,11.035,270543.43,11.122,269773.448,11.264,279509.694,11.3855,302342.6815
83,20190506,600064.SH,11.0,11.24,10.31,10.39,11.4,-1.01,-8.8596,332474.27,359599.778,2.69,1.4,10.895,344067.48,10.9,287243.0333,10.89,259513.6,10.922,254444.306,11.1962,277275.0988,11.217,266096.826,11.3707,295663.8187,11.4655,308833.6605
84,20190430,600064.SH,11.0,11.42,10.99,11.4,10.91,0.49,4.4913,355660.69,399041.969,2.8776,1.51,11.155,264627.415,11.0567,235193.3767,11.055,234936.815,11.162,237646.392,11.3225,258488.6863,11.332,257251.568,11.482,301795.2687,11.548,315382.791
85,20190429,600064.SH,10.9,11.07,10.68,10.91,10.86,0.05,0.4604,173594.14,189651.701,1.4045,0.64,10.885,174959.72,10.94,194695.5233,11.1025,208142.8175,11.248,235772.352,11.2975,246604.1625,11.35,252485.364,11.4987,292155.66,11.568,319164.598
86,20190426,600064.SH,11.05,11.18,10.85,10.86,11.05,-0.19,-1.7195,176325.3,193697.321,1.4266,0.65,10.955,205246.215,11.1667,219659.0433,11.3325,251316.905,11.374,271294.338,11.3762,255407.6063,11.409,269277.868,11.5333,304143.1687,11.596,331226.7715
87,20190425,600064.SH,11.5,11.67,11.0,11.05,11.59,-0.54,-4.6592,234167.13,265850.353,1.8946,0.84,11.32,241325.915,11.49,276314.1067,11.5025,295036.5975,11.482,272465.872,11.4662,271866.775,11.515,285724.029,11.5933,314096.5673,11.613,343442.0465
88,20190424,600064.SH,11.83,11.83,11.36,11.59,11.83,-0.24,-2.0287,248484.7,286502.346,2.0105,0.9,11.71,297387.595,11.6533,315326.42,11.59,282040.5575,11.512,277749.346,11.5225,285285.7813,11.595,316273.575,11.6467,326963.4453,11.6495,350627.658
89,20190423,600064.SH,11.59,11.93,11.56,11.83,11.54,0.29,2.513,346290.49,408472.051,2.8018,1.29,11.685,348747.28,11.59,293225.8433,11.4925,285065.5075,11.502,276856.744,11.5637,296823.5575,11.642,333869.707,11.6767,341294.924,11.651,370499.218
90,20190422,600064.SH,11.49,11.97,11.4,11.54,11.4,0.14,1.2281,351204.07,410976.575,2.8416,1.31,11.47,266693.52,11.38,264657.18,11.42,259498.3075,11.452,269198.376,11.5662,320995.07,11.624,320347.314,11.6747,346962.0133,11.692,399725.618
91,20190419,600064.SH,11.34,11.49,11.29,11.4,11.2,0.2,1.7857,182182.97,207678.789,1.474,0.61,11.3,221383.735,11.38,228929.72,11.43,248696.9525,11.444,267261.398,11.6312,330150.3138,11.613,320567.584,11.67,351204.2493,11.809,436499.0045
92,20190418,600064.SH,11.45,11.52,11.19,11.2,11.54,-0.34,-2.9463,260584.5,294821.481,2.1084,0.73,11.37,252303.095,11.44,270868.28,11.455,288531.005,11.548,298982.186,11.6625,333760.7625,11.649,334911.915,11.6567,367100.7713,11.876,470470.604
93,20190417,600064.SH,11.53,11.75,11.45,11.54,11.58,-0.04,-0.3454,244021.69,282868.98,1.9744,0.62,11.56,276010.17,11.54,297846.5067,11.635,308581.6075,11.678,354797.804,11.6912,345363.5463,11.714,351570.495,11.6953,374920.4287,11.94,495564.288
94,20190416,600064.SH,11.45,11.58,11.09,11.58,11.5,0.08,0.6957,307998.65,349141.363,2.492,0.83,11.54,324758.915,11.6667,330101.58,11.7125,382491.8325,11.782,390882.67,11.7187,355564.12,11.764,373514.014,11.7007,401713.376,12.0045,523559.9885
95,20190415,600064.SH,12.05,12.12,11.45,11.5,11.92,-0.42,-3.5235,341519.18,404750.044,2.7632,0.91,11.71,341153.045,11.7567,407322.8933,11.8325,411603.675,11.796,371496.252,11.7525,370460.5763,11.786,385843.832,11.772,443234.6987,12.043,551890.641
96,20190412,600064.SH,11.98,12.1,11.73,11.92,11.85,0.07,0.5907,340786.91,405480.471,2.7573,0.92,11.885,440224.75,11.9433,434965.1733,11.87,378990.52,11.782,373873.77,11.82,385702.7888,11.783,393175.675,11.9307,492911.54,12.104,600909.591
97,20190411,600064.SH,12.38,12.56,11.77,11.85,12.06,-0.21,-1.7413,539662.59,659124.87,4.3664,1.55,11.955,482054.305,11.8533,391725.0567,11.7475,382145.485,11.75,370841.644,11.805,397016.5287,11.711,401160.064,11.9853,527633.41,12.139,664186.046
98,20190410,600064.SH,11.61,12.13,11.37,12.06,11.65,0.41,3.5193,424446.02,502149.575,3.4341,1.19,11.855,317756.29,11.7133,329639.7833,11.725,328636.4075,11.75,348343.186,11.7575,381413.4062,11.704,384981.741,12.0273,542486.4493,12.1495,644158.4825
99,20190409,600064.SH,11.45,11.7,11.37,11.65,11.43,0.22,1.9248,211066.56,244713.482,1.7077,0.53,11.54,282236.665,11.6133,296699.87,11.6725,329317.4775,11.746,356145.358,11.65,380936.5037,11.66,407128.729,12.0787,567785.7613,12.0945,657640.998
100,20190408,600064.SH,11.77,11.87,11.27,11.43,11.76,-0.33,-2.8061,353406.77,407957.186,2.8594,0.86,11.595,339516.525,11.68,368734.45,11.77,392415.0575,11.776,400191.412,11.6662,401788.1037,11.76,479103.922,12.1253,612022.104,12.036,671813.9145
101,20190404,600064.SH,11.86,11.92,11.62,11.76,11.85,-0.09,-0.7595,325626.28,382875.08,2.6346,0.75,11.805,376398.29,11.8833,405417.82,11.8625,411887.5725,11.784,412477.58,11.69,438351.745,12.005,552430.425,12.2113,676588.198,11.961,684873.0125
102,20190403,600064.SH,11.76,11.95,11.64,11.85,12.04,-0.19,-1.5781,427170.3,503360.544,3.4562,1.01,11.945,445313.59,11.8967,440641.3367,11.79,434190.405,11.672,431478.484,11.8012,514000.7712,12.103,606029.293,12.2687,761967.5133,11.886,707138.1705
103,20190402,600064.SH,11.94,12.29,11.84,12.04,11.8,0.24,2.0339,463456.88,559710.46,3.7498,1.01,11.92,447376.855,11.77,436530.44,11.6275,432555.53,11.658,421620.296,12.055,596438.4587,12.166,639558.081,12.2827,742763.5813,11.7785,712528.9185
104,20190401,600064.SH,11.6,11.95,11.49,11.8,11.47,0.33,2.8771,431296.83,507755.454,3.4896,0.77,11.635,423067.22,11.49,422255.08,11.5625,411161.15,11.574,458112.1,12.1425,646208.2187,12.245,673605.963,12.2107,758139.5447,11.6615,715462.619
105,20190329,600064.SH,11.32,11.51,10.92,11.47,11.2,0.27,2.4107,414837.61,467841.245,3.3564,0.6,11.335,417734.205,11.4833,404449.2567,11.5175,464815.9175,11.744,558016.432,12.2275,687603.3875,12.3,717937.45,12.1227,762354.7487,11.531,716565.9
106,20190328,600064.SH,11.68,11.83,11.15,11.2,11.78,-0.58,-4.9236,420630.8,482064.532,3.4033,0.54,11.49,399255.08,11.5333,481475.3533,11.8125,593811.1375,12.226,692383.27,12.3975,736240.6487,12.425,808643.507,12.02,775671.49,11.411,707376.5315
107,20190327,600064.SH,11.85,11.93,11.3,11.78,11.62,0.16,1.3769,377879.36,441195.216,3.0574,0.44,11.7,511897.63,12.0167,651537.9167,12.4825,760321.3875,12.534,780580.102,12.5412,792988.2612,12.567,927212.028,11.9573,799024.7327,11.297,707574.081
108,20190326,600064.SH,12.59,12.76,11.51,11.62,12.65,-1.03,-8.1423,645915.9,772388.04,5.226,0.73,12.135,788367.195,12.7167,887802.0633,12.7225,881255.2875,12.674,857495.866,12.6587,910990.6137,12.595,903335.224,11.8187,809498.4593,11.1735,710156.0725
109,20190325,600064.SH,13.29,13.38,12.61,12.65,13.88,-1.23,-8.8617,930818.49,1216735.507,7.5312,1.06,13.265,1008745.145,13.09,959701.75,12.9375,910390.8575,12.916,889099.826,12.7837,1031040.6275,12.529,908153.267,11.6907,801246.1253,11.047,706658.6225
110,20190322,600064.SH,12.68,13.99,12.6,13.88,12.74,1.14,8.9482,1086671.8,1448155.121,8.7921,1.17,13.31,974143.38,13.0333,903581.6467,12.9825,878670.16,12.856,877858.468,12.71,932077.2312,12.312,864523.907,11.46,769415.7227,10.8895,689547.5905
111,20190321,600064.SH,12.43,13.1,12.18,12.74,12.48,0.26,2.0833,861614.96,1100098.496,6.9712,0.8,12.61,812036.57,12.6833,809336.28,12.6,825655.135,12.624,924903.744,12.345,883005.2975,11.917,817315.6,11.1393,712374.2853,10.6355,660896.876
112,20190320,600064.SH,12.67,13.2,12.3,12.48,12.83,-0.35,-2.728,762458.18,971977.939,6.169,0.8,12.655,783196.94,12.5533,813668.5267,12.595,940725.94,12.6,1073843.954,12.0625,837119.0387,11.669,808247.048,10.8847,683238.7407,10.41,632759.471
113,20190319,600064.SH,11.93,12.93,11.71,12.83,12.35,0.48,3.8866,803935.7,984189.88,6.5046,0.87,12.59,839273.7,12.6333,1000148.5267,12.63,1151690.3975,12.516,949174.582,11.7438,818635.3575,11.391,785499.756,10.6733,661042.808,10.199,602316.536
114,20190318,600064.SH,12.72,13.25,11.56,12.35,12.72,-0.37,-2.9088,874611.7,1075201.977,7.0764,1.03,12.535,1098254.94,12.5633,1267608.63,12.4375,985484.3025,12.142,927206.708,11.4225,814509.575,11.078,757319.275,10.424,645844.888,9.9775,576770.3805
115,20190315,600064.SH,12.17,13.71,12.15,12.72,12.62,0.1,0.7924,1321898.18,1725104.466,10.6953,1.86,12.67,1464107.095,12.4667,1022441.8367,12.09,940355.46,11.768,851189.346,11.0913,772056.27,10.762,715194.35,10.234,626777.298,9.775,543915.58
116,20190314,600064.SH,12.78,13.27,12.27,12.62,12.06,0.56,4.6434,1606316.01,2065087.982,12.9965,2.96,12.34,872713.665,11.88,813174.5533,11.53,733512.1375,11.21,709727.456,10.7138,672085.3587,10.397,606109.556,9.9727,572894.5867,9.5415,487405.4465
117,20190313,600064.SH,12.06,12.06,12.06,12.06,10.96,1.1,10.0365,139111.32,167768.252,1.1255,0.22,11.51,416603.825,11.1667,442577.5133,10.8575,485580.3175,10.738,542650.142,10.285,527966.1637,10.027,487936.134,9.68,485731.31,9.32,423472.5535
118,20190312,600064.SH,10.56,11.38,10.36,10.96,10.48,0.48,4.5802,694096.33,752240.652,5.6159,1.18,10.72,594310.61,10.4567,601069.9833,10.4075,643534.8475,10.266,621824.93,9.9113,539458.5287,9.752,516976.921,9.4267,486697.1873,9.116,426920.4495
119,20190311,600064.SH,10.28,10.52,10.1,10.48,9.93,0.55,5.5388,494524.89,511374.507,4.0011,0.85,10.205,554556.81,10.2233,626681.02,10.0925,603757.08,10.014,587431.842,9.6563,505769.2112,9.565,505163.978,9.256,459958.2713,8.9585,397700.8845
120,20190308,600064.SH,9.8,10.75,9.71,9.93,10.26,-0.33,-3.2164,614588.73,629350.978,4.9726,1.22,10.095,692759.085,9.9633,640167.81,9.8975,610658.58,9.756,579199.354,9.51,497643.4987,9.467,514571.274,9.1107,441490.9913,8.821,377134.939
121,20190307,600064.SH,9.68,10.66,9.5,10.26,9.7,0.56,5.7732,770929.44,780106.018,6.2375,1.78,9.98,652957.35,9.8867,609348.53,9.7125,570352.01,9.584,502491.656,9.405,492815.77,9.354,504478.152,8.9853,413298.11,8.702,350517.613
122,20190306,600064.SH,9.89,9.96,9.42,9.7,9.7,0.0,0.0,534985.26,517055.856,4.3285,1.3,9.7,528558.075,9.53,503492.8667,9.415,435382.21,9.316,433222.126,9.31,470024.3212,9.151,457271.894,8.8473,383746.6907,8.5595,316044.945
123,20190305,600064.SH,9.17,9.83,9.11,9.7,9.19,0.51,5.5495,522130.89,496290.027,4.2245,1.23,9.445,487746.67,9.32,402181.1933,9.22,407781.3425,9.238,412128.912,9.1975,467358.3525,9.007,419133.316,8.7327,361952.2893,8.4505,291619.322
124,20190304,600064.SH,9.26,9.45,9.12,9.19,9.07,0.12,1.323,453362.45,421196.296,3.6681,1.01,9.13,342206.345,9.06,369664.8267,9.1225,384628.4175,9.116,422896.114,9.0138,439450.3487,8.877,396221.486,8.6067,334457.232,8.3435,271231.146
125,20190301,600064.SH,8.92,9.11,8.8,9.07,8.92,0.15,1.6816,231050.24,207437.024,1.8694,0.46,8.995,327816.015,9.1,361717.0733,9.0975,415279.53,9.178,449943.194,8.8975,401979.9775,8.788,372636.81,8.5093,309780.134,8.267,252231.9785
126,20190228,600064.SH,9.18,9.24,8.76,8.92,9.31,-0.39,-4.189,424581.79,382193.511,3.4352,0.88,9.115,427050.49,9.1067,476689.2933,9.205,504666.4325,9.124,506464.648,8.8138,409725.2712,8.686,368701.337,8.408,299859.5987,8.1955,250089.0195
127,20190227,600064.SH,9.06,9.43,9.06,9.31,9.09,0.22,2.4202,429519.19,397109.077,3.4752,1.01,9.2,502743.045,9.3,531361.3133,9.175,526935.3625,8.986,481321.662,8.7363,383842.0087,8.613,359008.973,8.3073,276985.8847,8.142,237052.7655
128,20190226,600064.SH,9.53,9.59,9.04,9.09,9.5,-0.41,-4.3158,575966.9,534636.221,4.6601,1.56,9.295,582282.375,9.13,559407.42,8.905,494272.28,8.776,426137.72,8.5788,354114.0487,8.48,336863.978,8.188,251449.4587,8.0765,222300.361
129,20190225,600064.SH,9.05,9.6,9.0,9.5,8.8,0.7,7.9545,588597.85,549121.791,4.7623,1.99,9.15,551127.68,8.8433,467040.74,8.6975,388680.425,8.638,369546.858,8.4663,323075.455,8.352,290237.791,8.086,220676.1567,8.0205,201579.3495
130,20190222,600064.SH,8.21,8.83,8.17,8.8,8.23,0.57,6.9259,513657.51,439870.536,4.156,2.22,8.515,406262.185,8.43,322041.2833,8.4225,314784.11,8.398,295330.426,8.2763,275509.3787,8.175,239698.604,7.9633,186328.24,7.9465,178309.2445
131,20190221,600064.SH,8.23,8.52,8.2,8.23,8.26,-0.03,-0.3632,298866.86,249338.4,2.4181,1.26,8.245,226233.17,8.2967,248492.9767,8.2975,240748.655,8.248,230938.026,8.1525,225015.3187,8.05,196557.074,7.886,164630.4767,7.9075,161324.095
132,20190220,600064.SH,8.35,8.38,8.17,8.26,8.4,-0.14,-1.6667,153599.48,126802.709,1.2428,0.62,8.33,223306.035,8.32,221375.92,8.2525,213955.8175,8.24,236696.284,8.09,198057.7087,7.968,174817.996,7.8607,155629.8,7.902,160796.305
133,20190219,600064.SH,8.3,8.58,8.25,8.4,8.3,0.1,1.2048,293012.59,245827.372,2.3707,1.39,8.35,255264.14,8.25,234074.5967,8.235,257470.485,8.184,247590.236,8.0013,189138.05,7.894,164105.328,7.8433,154354.5747,7.8805,159532.94
134,20190218,600064.SH,8.09,8.33,8.09,8.3,8.05,0.25,3.1056,217515.69,178914.466,1.7599,1.18,8.175,204605.6,8.18,245623.1167,8.13,236234.6475,8.066,210928.724,7.8775,162695.9862,7.81,146240.806,7.8147,145590.18,7.8495,151483.0485
135,20190215,600064.SH,8.19,8.21,8.05,8.05,8.19,-0.14,-1.7094,191695.51,155862.391,1.551,1.18,8.12,259676.83,8.0733,242474.3,8.0075,209281.9825,7.952,184066.782,7.78,141315.625,7.746,131827.147,7.796,139302.184,7.825,144907.777
136,20190214,600064.SH,7.98,8.46,7.95,8.19,7.98,0.21,2.6316,327658.15,269703.895,2.651,2.9,8.085,267863.695,7.9933,215144.14,7.9275,182159.6,7.852,162176.122,7.7188,131649.6075,7.705,131476.702,7.794,138119.4513,7.8145,140695.778
137,20190213,600064.SH,7.82,8.05,7.79,7.98,7.81,0.17,2.1767,208069.24,165422.23,1.6835,2.58,7.895,158887.135,7.84,133660.0833,7.7675,120805.615,7.696,112939.708,7.6525,99864.7262,7.671,115096.558,7.7893,135496.312,7.7965,131394.9575
138,20190212,600064.SH,7.74,7.85,7.7,7.81,7.73,0.08,1.0349,109705.03,85486.507,0.8876,1.35,7.77,96455.505,7.6967,91717.74,7.625,89157.325,7.604,80620.42,7.61,97379.9537,7.673,107736.744,7.7793,130180.508,7.798,131695.6705
139,20190211,600064.SH,7.6,7.74,7.57,7.73,7.55,0.18,2.3841,83205.98,63813.491,0.6732,1.05,7.64,82724.095,7.5633,82308.09,7.5525,73349.2675,7.554,81552.888,7.615,104148.9137,7.689,112920.908,7.7773,131667.8233,7.801,134009.406
140,20190201,600064.SH,7.44,7.57,7.44,7.55,7.41,0.14,1.8893,82242.21,61808.517,0.6654,0.82,7.48,81859.145,7.4933,70063.6967,7.51,81139.615,7.54,79587.512,7.6488,110557.0537,7.718,116919.885,7.7827,131854.7753,7.8125,139058.1505
141,20190131,600064.SH,7.64,7.67,7.35,7.41,7.52,-0.11,-1.4628,81476.08,61243.245,0.6592,0.69,7.465,63974.44,7.4967,80772.0833,7.5375,78923.8375,7.558,100777.282,7.7013,120470.1112,7.765,126091.116,7.802,133535.6633,7.832,144327.821
142,20190130,600064.SH,7.52,7.65,7.48,7.52,7.56,-0.04,-0.5291,46472.8,35161.411,0.376,0.34,7.54,80420.085,7.58,78073.09,7.595,105602.5825,7.646,117253.408,7.7775,125685.07,7.836,146774.614,7.83,137546.7073,7.849,152393.868
143,20190129,600064.SH,7.66,7.66,7.38,7.56,7.66,-0.1,-1.3055,114367.37,85965.307,0.9253,0.79,7.61,93873.235,7.62,125312.51,7.6775,134948.56,7.742,134853.068,7.84,141620.285,7.867,154960.552,7.8627,148720.754,7.878,159973.351
144,20190128,600064.SH,7.68,7.75,7.65,7.66,7.64,0.02,0.2618,73379.1,56454.413,0.5937,0.48,7.65,130785.08,7.7167,141808.9567,7.7875,139974.4925,7.824,144288.928,7.91,163363.2462,7.889,156725.291,7.8833,151494.912,7.894,162638.429
145,20190125,600064.SH,7.8,7.86,7.62,7.64,7.85,-0.21,-2.6752,188191.06,144932.403,1.5226,1.24,7.745,176023.885,7.83,162172.9567,7.865,162016.385,7.896,154252.258,7.9313,170232.3812,7.904,157988.407,7.9033,158881.6967,7.8995,172911.646
146,20190124,600064.SH,8.1,8.13,7.83,7.85,8.0,-0.15,-1.875,163856.71,130077.91,1.3257,0.93,7.925,149163.905,7.94,153291.4933,7.96,145767.5575,7.972,151404.95,7.9488,163210.3437,7.924,149914.854,7.9233,158844.6673,7.9335,181943.296
147,20190123,600064.SH,7.95,8.06,7.85,8.0,7.97,0.03,0.3764,134471.1,106707.376,1.088,0.77,7.985,148008.885,7.9967,139737.84,8.0025,148292.01,8.026,176295.82,7.9438,153479.5375,7.922,147693.357,7.9167,164107.3547,7.945,187791.692
148,20190122,600064.SH,8.01,8.13,7.96,7.97,8.02,-0.05,-0.6234,161546.67,130127.058,1.3071,0.95,7.995,142371.21,8.0033,152898.98,8.0325,186752.0,7.992,175068.036,7.9238,150102.5912,7.923,155654.597,7.9233,168346.7787,7.937,186987.223
149,20190121,600064.SH,8.05,8.08,7.95,8.02,8.02,0.0,0.0,123195.75,98631.594,0.9968,0.76,8.02,148575.135,8.0533,195153.7767,7.9975,178448.3775,7.954,169161.654,7.9063,147614.475,7.913,155097.904,7.9173,168754.9293,7.9295,189114.9245
150,20190118,600064.SH,8.05,8.08,7.92,8.02,8.12,-0.1,-1.2315,173954.52,138921.221,1.4074,1.17,8.07,231132.79,7.99,196865.92,7.9375,180653.13,7.912,161724.556,7.905,158975.4437,7.907,161196.416,7.9007,179131.442,7.931,199838.1215
151,20190117,600064.SH,7.84,8.13,7.77,8.12,7.83,0.29,3.7037,288311.06,230646.59,2.3327,2.42,7.975,208321.62,7.91,182886.0,7.885,158667.065,7.876,148424.758,7.8863,156728.5962,7.899,162564.526,7.9207,192122.7447,7.909,199144.2755
152,20190116,600064.SH,7.81,7.96,7.74,7.83,7.78,0.05,0.6427,128332.18,100828.519,1.0383,0.94,7.805,130173.47,7.8067,115452.4,7.815,113453.1825,7.818,119090.894,7.8663,143712.3225,7.862,158013.122,7.918,191623.6493,7.884,191191.4795
153,20190115,600064.SH,7.84,7.84,7.59,7.78,7.81,-0.03,-0.3841,132014.76,101785.972,1.0681,0.94,7.795,109012.51,7.81,108493.5167,7.815,116780.5725,7.854,136241.158,7.88,151125.2525,7.889,164986.15,7.9187,190960.2853,7.8695,192252.7085
154,20190114,600064.SH,7.82,7.93,7.79,7.81,7.84,-0.03,-0.3827,86010.26,67582.536,0.6959,0.54,7.825,96732.895,7.8267,111702.51,7.8725,137297.7575,7.872,141034.154,7.8763,164973.035,7.899,168551.567,7.9213,195766.0147,7.8495,193395.629
155,20190111,600064.SH,7.83,7.89,7.76,7.84,7.83,0.01,0.1277,107455.53,84060.019,0.8694,0.61,7.835,124548.635,7.8933,154393.59,7.8875,154790.1275,7.902,160668.276,7.9125,178979.56,7.895,187834.885,7.9373,212542.6433,7.847,195089.159
156,20190110,600064.SH,7.95,8.05,7.82,7.83,8.01,-0.18,-2.2472,141641.74,112423.868,1.146,0.72,7.92,177862.62,7.9033,170568.3267,7.9175,173971.4625,7.922,176704.294,7.9175,186506.235,7.943,213971.738,7.92,216050.7813,7.84,196425.0255
157,20190109,600064.SH,7.9,8.12,7.85,8.01,7.87,0.14,1.7789,214083.5,171379.856,1.7321,1.11,7.94,185031.62,7.9467,184748.0367,7.945,185469.9325,7.906,196935.35,7.91,203656.4475,7.968,227890.027,7.906,215225.008,7.828,194664.9835
158,20190108,600064.SH,7.94,8.03,7.85,7.87,7.96,-0.09,-1.1307,155979.74,123755.189,1.262,0.8,7.915,170080.305,7.9233,175932.0767,7.88,192648.3125,7.924,193731.142,7.9488,222999.0175,7.951,218319.849,7.8747,210923.2253,7.8035,188770.8225
159,20190107,600064.SH,8.1,8.14,7.93,7.96,7.94,0.02,0.2519,184180.87,147403.19,1.4902,0.86,7.95,185908.245,7.8833,204871.17,7.9375,203168.9925,7.926,196068.98,7.975,238604.6287,7.946,223131.945,7.842,210849.454,7.7935,185536.9235
160,20190104,600064.SH,7.55,8.01,7.53,7.94,7.75,0.19,2.4516,187635.62,147224.819,1.5181,0.75,7.845,215216.32,7.93,209498.3667,7.9175,199041.0075,7.888,215001.494,7.96,230379.735,7.955,238479.827,7.8287,206562.7867,7.779,183588.5505
161,20190103,600064.SH,8.01,8.22,7.66,7.75,8.1,-0.35,-4.321,242797.02,191500.881,1.9644,0.94,7.925,220429.74,7.91,202842.8033,7.875,221842.9625,7.964,251239.182,7.945,232437.87,7.919,235724.025,7.8127,202998.6027,7.776,187225.185
162,20190102,600064.SH,7.81,8.14,7.76,8.1,7.88,0.22,2.7919,198062.46,158259.42,1.6025,0.82,7.99,182865.695,7.9167,214858.2767,8.0175,253349.7225,8.03,258844.704,7.9825,244295.7037,7.906,224369.837,7.802,193908.1947,7.7975,190538.6505
163,20181228,600064.SH,7.85,7.97,7.77,7.88,7.77,0.11,1.4157,167668.93,132238.208,1.3566,0.67,7.825,223256.185,7.99,271778.81,8.0125,274040.265,7.978,242908.556,7.9175,239547.5962,7.85,219519.267,7.7633,187117.3827,7.79,195395.044
164,20181227,600064.SH,8.31,8.31,7.73,7.77,8.32,-0.55,-6.6106,278843.44,226327.927,2.2561,1.06,8.045,323833.75,8.0567,309497.3767,8.0025,261718.4625,7.966,250194.91,7.885,234745.8725,7.8,218239.691,7.7493,182026.238,7.7895,197854.362
165,20181226,600064.SH,8.0,8.47,7.94,8.32,8.08,0.24,2.9703,368824.06,301534.49,2.9841,1.67,8.2,324824.345,8.08,256010.1367,8.015,243032.7775,8.022,261958.16,7.8563,218585.0375,7.799,202343.433,7.7427,173117.5693,7.7895,196415.0925
166,20181225,600064.SH,7.7,8.14,7.65,8.08,7.84,0.24,3.0612,280824.63,222268.249,2.2721,1.48,7.96,199603.175,7.9133,201102.35,7.9475,235241.685,7.874,220208.868,7.7388,191841.1762,7.737,178878.313,7.7133,165887.186,7.781,190111.9075
167,20181224,600064.SH,7.73,7.88,7.7,7.84,7.82,0.02,0.2558,118381.72,92168.761,0.9578,0.6,7.83,161241.21,7.9033,220047.37,7.8225,205054.9275,7.782,189894.97,7.6988,171723.205,7.688,161439.94,7.72,167769.966,7.7885,189572.2745
168,20181221,600064.SH,8.0,8.01,7.73,7.82,8.05,-0.23,-2.8571,204100.7,160232.97,1.6514,1.1,7.935,270880.195,7.8167,233945.9967,7.7675,207773.2825,7.722,196129.978,7.6813,173697.0975,7.656,159221.796,7.7273,179557.2067,7.806,194785.124
169,20181220,600064.SH,7.54,8.05,7.52,8.05,7.58,0.47,6.2005,337659.69,264961.541,2.732,2.37,7.815,248868.645,7.75,208997.4767,7.6975,194137.2975,7.634,186284.472,7.6525,161489.6225,7.641,147941.902,7.7307,180407.5127,7.8175,205001.08
170,20181219,600064.SH,7.65,7.72,7.49,7.58,7.62,-0.04,-0.5249,160077.6,121857.582,1.2952,1.16,7.6,144666.37,7.58,146296.5,7.53,148440.6675,7.576,142728.706,7.5863,131307.1962,7.603,128697.274,7.712,174567.4033,7.859,208407.7935
171,20181218,600064.SH,7.45,7.68,7.45,7.62,7.54,0.08,1.061,129255.14,97686.162,1.0458,0.97,7.58,139405.95,7.5133,144561.69,7.575,138391.4825,7.6,137547.758,7.5975,122710.2162,7.633,138726.345,7.75,180079.5873,7.922,224647.204
172,20181217,600064.SH,7.38,7.66,7.36,7.54,7.38,0.16,2.168,149556.76,112439.524,1.21,1.22,7.46,152214.965,7.56,141436.93,7.595,139620.9125,7.594,132984.91,7.6038,124705.0,7.689,156707.464,7.7907,189464.7093,7.9735,246159.7135
173,20181214,600064.SH,7.7,7.71,7.34,7.38,7.76,-0.38,-4.8969,154873.17,116350.091,1.2531,1.41,7.57,137377.015,7.6133,136308.9633,7.6075,128841.9475,7.59,122313.614,7.6463,138556.4437,7.73,171270.821,7.834,194336.8393,8.057,287954.0425
174,20181213,600064.SH,7.74,7.81,7.63,7.76,7.7,0.06,0.7792,119880.86,92524.957,0.9699,1.05,7.73,127026.86,7.6833,120164.8733,7.6425,114173.725,7.648,109599.332,7.7463,157830.5887,7.779,177469.033,7.8787,211239.9493,8.1735,328517.863
175,20181212,600064.SH,7.62,7.78,7.53,7.7,7.59,0.11,1.4493,134172.86,102833.46,1.0856,0.96,7.645,120306.88,7.6033,112271.3467,7.62,107028.95,7.63,114665.842,7.77,179744.2725,7.78,190486.752,7.9533,230300.8227,8.227,358503.5285
176,20181211,600064.SH,7.58,7.66,7.47,7.59,7.52,0.07,0.9309,106440.9,80456.652,0.8612,0.59,7.555,101320.59,7.5933,97980.98,7.6125,109789.0875,7.666,139904.932,7.7913,190079.5762,7.825,201345.502,8.0293,253680.3527,8.247,379152.6915
177,20181210,600064.SH,7.6,7.69,7.49,7.52,7.67,-0.15,-1.9557,96200.28,72894.009,0.7783,0.44,7.595,93751.02,7.62,110905.15,7.685,148270.94,7.784,180430.018,7.8138,208031.72,7.889,217704.609,8.1,283884.648,8.2645,396613.8155
178,20181207,600064.SH,7.72,7.75,7.6,7.67,7.67,0.0,0.0,91301.76,69950.761,0.7387,0.37,7.67,118257.585,7.74,165627.8267,7.85,201487.4525,7.87,220228.028,7.8925,226351.73,7.956,230348.452,8.2127,343167.5187,8.288,411049.011
179,20181206,600064.SH,7.88,7.93,7.66,7.67,7.88,-0.21,-2.665,145213.41,113031.672,1.1749,0.55,7.775,202790.86,7.91,238216.0167,7.92,252459.595,7.91,245338.734,7.9625,248693.0062,7.994,262060.258,8.3487,401490.7067,8.3015,430645.1915
180,20181205,600064.SH,7.85,8.01,7.78,7.88,8.18,-0.3,-3.6675,260368.31,205111.51,2.1066,0.99,8.03,284717.32,8.0033,288208.3233,7.97,270370.065,7.93,266307.662,8.0275,258371.1687,8.115,288118.313,8.426,439782.7573,8.3025,446470.0045
181,20181204,600064.SH,8.0,8.27,7.97,8.18,7.95,0.23,2.8931,309066.33,252318.131,2.5006,1.21,8.065,302128.33,8.0,273703.9833,7.9425,267792.5,7.984,262786.072,8.0488,276877.6075,8.211,310568.063,8.4407,458901.9447,8.298,463742.881
182,20181203,600064.SH,8.13,8.19,7.93,7.95,7.87,0.08,1.0165,295190.33,238376.668,2.3884,1.23,7.91,256022.81,7.8633,254034.5567,7.935,251216.0075,7.994,254979.2,8.1363,288968.5612,8.258,335611.963,8.4247,468675.0813,8.2975,475886.541
183,20181130,600064.SH,7.79,7.92,7.67,7.87,7.77,0.1,1.287,216855.29,168983.171,1.7546,0.78,7.82,233456.67,7.93,236557.9,8.005,244926.4175,8.042,240468.876,8.2475,312677.9962,8.384,404637.264,8.4273,474656.0053,8.2715,480074.9605
184,20181129,600064.SH,8.21,8.26,7.73,7.77,8.15,-0.38,-4.6626,250058.05,200665.285,2.0232,0.81,7.96,246409.205,8.05,254283.46,8.085,246372.2725,8.078,278781.782,8.345,355509.2512,8.568,479566.693,8.432,492414.0107,8.2155,472770.239
185,20181128,600064.SH,8.25,8.3,7.93,8.15,8.23,-0.08,-0.9721,242760.36,196702.093,1.9641,0.68,8.19,256396.165,8.19,245143.68,8.155,285962.715,8.3,309928.964,8.525,447432.4125,8.674,526520.305,8.4267,506524.1187,8.1545,463498.04
186,20181127,600064.SH,8.41,8.48,8.09,8.23,8.19,0.04,0.4884,270031.97,223380.639,2.1848,0.65,8.21,246335.34,8.1567,300363.5,8.3375,326721.115,8.438,358350.054,8.72,537856.065,8.669,556959.881,8.4027,530728.484,8.0725,454417.8575
187,20181126,600064.SH,8.09,8.31,8.04,8.19,8.05,0.14,1.7391,222638.71,182314.83,1.8013,0.39,8.12,315529.265,8.3733,345617.4967,8.49,380429.575,8.522,416244.726,8.795,594051.34,8.64,575523.022,8.3987,549522.3213,7.982,443746.861
188,20181123,600064.SH,8.62,8.63,8.04,8.05,8.88,-0.83,-9.3468,408419.82,339808.413,3.3045,0.6,8.465,407106.89,8.59,433026.53,8.605,464646.23,8.726,568805.652,8.7838,634616.0162,8.62,591749.57,8.348,559943.6553,7.8885,434622.4625
189,20181122,600064.SH,8.89,9.08,8.62,8.88,8.84,0.04,0.4525,405793.96,359255.753,3.2832,0.55,8.86,445329.885,8.79,483388.3667,8.895,608902.11,9.058,680351.604,8.77,640521.4612,8.609,599230.125,8.2613,537433.058,7.8075,417882.7085
190,20181121,600064.SH,8.54,9.06,8.53,8.84,8.65,0.19,2.1965,484865.81,429465.892,3.923,0.64,8.745,522185.57,8.9,676604.8267,9.1025,748991.015,9.048,743111.646,8.6588,637910.24,8.49,604821.696,8.106,514687.732,7.68,400635.918
191,20181120,600064.SH,9.0,9.0,8.52,8.65,9.21,-0.56,-6.0803,559505.33,490319.242,4.5269,0.76,8.93,772474.335,9.19,837032.75,9.1,807673.105,8.9,755569.708,8.5463,637705.185,8.385,616917.699,7.9507,486440.4587,7.5575,379560.704
192,20181119,600064.SH,9.81,10.18,9.14,9.21,9.71,-0.5,-5.1493,985443.34,942304.421,7.9731,1.6,9.46,975796.46,9.25,890395.6967,8.9625,804585.8025,8.758,734801.318,8.4262,625480.7275,8.337,616161.119,7.802,452914.2393,7.437,354337.833
193,20181116,600064.SH,8.75,9.71,8.65,9.71,8.83,0.88,9.966,966149.58,910361.417,7.817,1.86,9.27,842871.875,8.88,744299.9567,8.645,672140.8125,8.514,614693.488,8.2488,578028.54,8.159,555512.657,7.6093,389894.7327,7.296,308734.0255
194,20181115,600064.SH,8.05,8.87,8.03,8.83,8.1,0.73,9.0123,719594.17,616623.769,5.8222,1.54,8.465,633375.145,8.29,574137.89,8.215,526829.465,8.16,518108.646,8.0563,526252.2837,7.863,465973.785,7.3907,330393.0767,7.1125,262611.951
195,20181114,600064.SH,7.85,8.46,7.78,8.1,7.94,0.16,2.0151,547156.12,444842.284,4.427,1.14,8.02,501409.75,8.01,462574.5633,7.9925,467737.265,7.932,466531.746,7.8813,483672.8525,7.635,400475.775,7.224,286477.342,6.9645,228345.0925
196,20181113,600064.SH,7.81,8.29,7.76,7.94,7.99,-0.05,-0.6258,455663.38,365250.219,3.6867,0.92,7.965,420283.785,7.9567,441264.3133,7.89,446375.6525,7.87,478265.69,7.7125,424123.445,7.476,351875.834,7.11,254224.3693,6.8595,203251.8695
197,20181112,600064.SH,7.9,8.1,7.81,7.99,7.94,0.05,0.6297,384904.19,306692.013,3.1142,0.78,7.965,434064.78,7.8733,443279.7433,7.8525,483916.2675,7.916,497520.92,7.5388,375242.2812,7.324,311970.7,6.9967,227516.6713,6.7635,182568.8175
198,20181109,600064.SH,7.65,8.1,7.46,7.94,7.69,0.25,3.251,483225.37,376668.594,3.9097,1.17,7.815,472467.52,7.8067,516920.2933,7.8975,525675.1025,7.804,496331.826,7.3538,334773.8462,7.157,277495.355,6.89,206747.538,6.674,165127.4975
199,20181108,600064.SH,7.66,8.03,7.57,7.69,7.79,-0.1,-1.2837,461709.67,358784.994,3.7356,1.38,7.74,533767.755,7.8833,539825.0133,7.77,499608.44,7.566,413838.924,7.1638,281447.18,7.006,236535.292,6.7633,177446.386,6.59,143149.1295
200,20181107,600064.SH,8.18,8.29,7.71,7.79,8.17,-0.38,-4.6512,605825.84,481358.555,4.9017,2.69,7.98,578882.685,7.7967,512241.3633,7.535,401871.2375,7.338,334419.804,6.9925,228752.3137,6.87,196450.14,6.642,148949.5413,6.518,123726.865
201,20181106,600064.SH,7.77,8.17,7.71,8.17,7.43,0.74,9.9596,551939.53,445392.682,4.4657,4.37,7.8,465449.125,7.45,333886.37,7.225,266568.295,7.082,225485.978,6.8225,162227.1762,6.73,142203.709,6.5227,111580.596,6.471,95031.916
202,20181105,600064.SH,6.75,7.43,6.68,7.43,6.75,0.68,10.0741,378958.72,275931.844,3.0661,6.46,7.09,224859.79,6.91,171444.55,6.81,143872.59,6.732,126420.48,6.5925,100842.0037,6.537,92514.547,6.3793,77584.7833,6.4025,68904.3355
203,20181102,600064.SH,6.61,6.78,6.59,6.75,6.55,0.2,3.0534,70760.86,47208.534,0.5725,1.19,6.65,67687.465,6.6033,65510.5467,6.5575,63285.92,6.51,58658.884,6.4625,61392.355,6.433,61955.394,6.2973,54726.0547,6.373,52263.4925
204,20181101,600064.SH,6.53,6.65,6.51,6.55,6.51,0.04,0.6144,64614.07,42551.124,0.5228,1.1,6.53,62885.39,6.4933,60794.2733,6.45,55633.39,6.446,59231.66,6.3988,59428.2362,6.362,59250.117,6.2647,52919.198,6.3865,50548.106
205,20181031,600064.SH,6.4,6.55,6.4,6.51,6.42,0.09,1.4019,61156.71,39634.041,0.4948,1.04,6.465,58884.375,6.4167,52639.83,6.42,57886.0575,6.402,58480.476,6.3788,60522.3762,6.294,56214.41,6.2447,53495.8853,6.4075,48951.0775
206,20181030,600064.SH,6.36,6.49,6.23,6.42,6.32,0.1,1.5823,56612.04,36112.997,0.458,0.97,6.37,48381.39,6.39,56795.84,6.375,57811.4175,6.378,58921.44,6.32,58341.2987,6.243,54627.905,6.2673,51547.2287,6.4335,48002.513
207,20181029,600064.SH,6.42,6.43,6.28,6.32,6.43,-0.11,-1.7107,40150.74,25423.085,0.3249,0.62,6.375,56887.74,6.36,58211.21,6.3675,59498.79,6.342,58608.614,6.2513,55546.9187,6.203,53166.935,6.2927,49732.2873,6.462,47440.786
208,20181026,600064.SH,6.38,6.55,6.33,6.43,6.33,0.1,1.5798,73624.74,47385.583,0.5957,1.24,6.38,67241.445,6.3833,65948.14,6.3475,63223.0825,6.356,65251.904,6.2113,56189.5337,6.191,52759.64,6.3273,50131.6953,6.4995,48460.115
209,20181025,600064.SH,6.22,6.33,6.2,6.33,6.39,-0.06,-0.939,60858.15,38127.737,0.4924,1.13,6.36,62109.84,6.32,59755.8633,6.3375,63158.695,6.278,59268.574,6.16,52236.7337,6.174,49762.967,6.3667,47653.588,6.524,46400.9355
210,20181024,600064.SH,6.2,6.5,6.2,6.39,6.24,0.15,2.4038,63361.53,40427.606,0.5127,1.26,6.315,59204.72,6.34,63925.5433,6.265,58871.18,6.186,53948.344,6.1438,49139.1887,6.166,51003.59,6.4093,45774.6113,6.5555,47643.5155
211,20181023,600064.SH,6.4,6.44,6.19,6.24,6.39,-0.15,-2.3474,55047.91,34807.038,0.4454,1.15,6.315,64207.55,6.2233,57374.3967,6.135,51595.0475,6.108,50334.37,6.1275,46676.2487,6.212,47860.123,6.452,44362.8707,6.581,46451.6105
212,20181022,600064.SH,6.08,6.47,6.08,6.39,6.04,0.35,5.7947,73367.19,46208.72,0.5936,1.82,6.215,58537.64,6.1,50444.0933,6.075,49155.985,6.064,47725.256,6.1288,48953.3075,6.268,45294.124,6.502,43718.1767,6.6075,45461.118
213,20181019,600064.SH,5.82,6.06,5.8,6.04,5.87,0.17,2.8961,43708.09,26014.931,0.3536,1.09,5.955,38982.545,5.97,41085.5833,5.9825,41314.7725,6.026,40267.376,6.1863,43773.2662,6.313,42571.591,6.5473,42862.852,6.6335,43804.265
214,20181018,600064.SH,6.0,6.01,5.87,5.87,6.0,-0.13,-2.1667,34257.0,20290.745,0.2772,0.71,5.935,39774.33,5.9633,40517.0,6.0225,39407.1975,6.07,40257.36,6.2813,41983.245,6.411,41846.095,6.606,42111.7227,6.6785,48087.6385
215,20181017,600064.SH,6.08,6.11,5.96,6.0,6.02,-0.02,-0.3322,45291.66,27317.757,0.3665,1.0,6.01,43647.0,6.0733,41123.93,6.12,41757.45,6.146,48058.836,6.4025,43468.8525,6.521,41687.745,6.6787,45541.906,6.7385,47649.196
216,20181016,600064.SH,6.21,6.25,5.98,6.02,6.2,-0.18,-2.9032,42002.34,25642.73,0.3398,0.98,6.11,39040.065,6.16,40579.38,6.1825,48750.63,6.316,45385.876,6.53,42364.0362,6.624,41377.121,6.7387,45157.3573,6.791,46975.59
217,20181015,600064.SH,6.26,6.31,6.17,6.2,6.26,-0.06,-0.9585,36077.79,22535.721,0.2919,0.8,6.23,39867.9,6.2367,51000.06,6.39,46231.76,6.472,42862.992,6.6488,41197.9312,6.721,41714.637,6.7887,44706.4053,6.842,46830.341
218,20181012,600064.SH,6.26,6.31,6.05,6.26,6.25,0.01,0.16,43658.01,27159.736,0.3532,1.01,6.255,58461.195,6.4533,49616.4167,6.54,44559.2925,6.6,44875.806,6.7525,41961.385,6.808,44160.59,6.836,44983.228,6.892,46978.625
219,20181011,600064.SH,6.7,6.76,6.19,6.25,6.85,-0.6,-8.7591,73264.38,47503.805,0.5928,2.07,6.55,52595.62,6.6333,44859.72,6.685,45180.255,6.752,43434.83,6.8438,42176.3212,6.874,43038.904,6.8813,50697.7313,6.9405,46008.0245
220,20181010,600064.SH,6.81,6.88,6.8,6.85,6.8,0.05,0.7353,31926.86,21826.409,0.2583,0.85,6.825,30657.39,6.83,35818.88,6.8775,35977.4425,6.896,35316.654,6.9463,40585.4387,6.945,44283.441,6.936,47512.6493,6.992,44294.997
221,20181009,600064.SH,6.83,6.87,6.78,6.8,6.84,-0.04,-0.5848,29387.92,20084.335,0.2378,0.72,6.82,37764.89,6.8867,37327.6367,6.9075,36164.1025,6.932,37368.366,6.955,40649.725,6.95,45043.098,6.9493,47505.4947,7.019,44663.0105
222,20181008,600064.SH,6.97,6.97,6.84,6.84,7.02,-0.18,-2.5641,46141.86,31723.352,0.3733,1.06,6.93,41297.495,6.9433,38422.83,6.965,39363.4775,6.97,40566.282,6.975,47689.9537,6.947,45628.112,6.9653,48152.7907,7.046,45125.917
223,20180928,600064.SH,6.96,7.04,6.96,7.02,6.97,0.05,0.7174,36453.13,25558.508,0.2949,0.85,6.995,34563.315,7.0067,37104.0167,7.0025,39172.3875,7.016,43445.374,6.9825,46862.65,6.954,45036.939,6.9893,47679.5647,7.0755,46287.6765
224,20180927,600064.SH,7.01,7.06,6.95,6.97,7.03,-0.06,-0.8535,32673.5,22848.767,0.2644,0.61,7.0,37429.46,6.9967,40078.8067,7.015,45193.435,6.996,42642.978,6.9513,46710.7662,6.946,54329.182,7.0033,46865.756,7.093,45842.095
225,20180926,600064.SH,6.99,7.11,6.98,7.03,6.99,0.04,0.5722,42185.42,29746.27,0.3413,0.8,7.01,43781.46,7.03,49366.7467,7.0025,45135.3475,6.994,53250.228,6.9438,47655.345,6.956,53610.647,7.024,47287.778,7.1195,45327.6435
226,20180925,600064.SH,7.03,7.03,6.95,6.99,7.07,-0.08,-1.1315,45377.5,31682.63,0.3671,0.9,7.03,52957.41,6.9933,46118.6567,6.985,56016.43,6.968,52717.83,6.9325,58554.1125,6.958,52574.059,7.048,47094.5587,7.1455,44677.9215
227,20180921,600064.SH,6.95,7.11,6.92,7.07,6.92,0.15,2.1676,60537.32,42466.217,0.4898,1.3,6.995,46489.235,6.9833,59562.74,6.9625,54552.9125,6.924,50689.942,6.9425,56067.9437,6.963,51946.045,7.0713,46645.7953,7.1765,44825.1625
228,20180920,600064.SH,6.95,6.97,6.91,6.92,6.96,-0.04,-0.5747,32441.15,22513.529,0.2625,0.49,6.94,59075.45,6.9267,52558.11,6.8875,48228.0975,6.892,46628.504,6.94,52478.2212,6.976,49796.66,7.0953,47235.1107,7.196,43518.524
229,20180919,600064.SH,6.88,7.01,6.88,6.96,6.9,0.06,0.8696,85709.75,59509.076,0.6935,1.59,6.93,62616.59,6.8767,53490.4133,6.885,50175.3425,6.896,66015.386,6.955,53310.2475,7.007,48977.145,7.1253,46908.4673,7.2195,43442.9535
230,20180918,600064.SH,6.77,6.93,6.75,6.9,6.77,0.13,1.9202,39523.43,27037.177,0.3198,0.75,6.835,37380.745,6.86,38330.54,6.88,61091.795,6.918,53971.066,6.985,47476.9625,7.039,44306.553,7.1613,42686.782,7.2415,40611.5545
231,20180917,600064.SH,6.89,6.9,6.75,6.77,6.91,-0.14,-2.026,35238.06,23991.075,0.2851,0.66,6.84,37734.095,6.8733,68281.25,6.9225,57582.975,6.948,52430.288,7.0263,45567.2837,7.088,44282.923,7.2047,41997.952,7.2665,40360.486
232,20180914,600064.SH,6.96,6.96,6.87,6.91,6.94,-0.03,-0.4323,40230.13,27812.42,0.3255,0.76,6.925,84802.845,6.9733,65031.28,6.9925,56728.345,7.002,53202.148,7.09,46038.005,7.145,44623.722,7.2607,42870.236,7.2925,40387.3775
233,20180913,600064.SH,7.11,7.16,6.87,6.94,7.07,-0.13,-1.8388,129375.56,89860.731,1.0468,4.05,7.005,77431.855,7.02,62227.75,7.025,56445.1525,7.06,52964.816,7.15,45920.13,7.197,47538.414,7.2973,42481.864,7.306,40386.8355
234,20180912,600064.SH,7.03,7.1,7.01,7.07,7.05,0.02,0.2837,25488.15,17969.675,0.2062,0.74,7.06,28653.845,7.0533,32135.0167,7.09,33862.13,7.118,31938.904,7.2,34578.9412,7.24,37355.008,7.3273,35918.8093,7.3285,35708.506
235,20180911,600064.SH,7.06,7.11,7.0,7.05,7.04,0.01,0.142,31819.54,22421.483,0.2574,0.88,7.045,35458.45,7.0967,36653.4567,7.13,33551.5925,7.16,34642.04,7.245,40065.0537,7.283,37044.64,7.3493,36158.384,7.345,36342.137
236,20180910,600064.SH,7.23,7.23,7.02,7.04,7.2,-0.16,-2.2222,39097.36,27671.57,0.3163,1.08,7.12,39070.415,7.1567,34128.9433,7.1875,35347.665,7.228,36135.558,7.285,39530.2987,7.333,36781.784,7.3727,36337.2187,7.3675,36972.2345
237,20180907,600064.SH,7.21,7.31,7.15,7.2,7.23,-0.03,-0.4149,39043.47,28234.9,0.3159,0.93,7.215,31644.735,7.2367,34097.7667,7.275,35395.1075,7.288,36045.296,7.3425,37441.1875,7.39,37704.28,7.3893,36115.7873,7.389,37395.422
238,20180906,600064.SH,7.26,7.33,7.21,7.23,7.28,-0.05,-0.6868,24246.0,17620.712,0.1962,0.57,7.255,31624.915,7.3,34178.9867,7.31,35295.7525,7.334,42112.012,7.3863,36209.6262,7.416,37240.388,7.388,36194.1753,7.4055,38628.268
239,20180905,600064.SH,7.36,7.41,7.26,7.28,7.39,-0.11,-1.4885,39003.83,28544.191,0.3156,0.99,7.335,39145.48,7.3367,38979.0033,7.36,46578.515,7.362,42771.112,7.4338,39219.1662,7.432,37908.762,7.3987,36965.04,7.422,41267.323
240,20180904,600064.SH,7.33,7.42,7.31,7.39,7.34,0.05,0.6812,39287.13,28970.195,0.3179,1.05,7.365,38966.59,7.3867,49103.41,7.3825,43712.9325,7.406,39447.24,7.4563,38644.2562,7.444,36916.556,7.4067,36908.836,7.432,43891.303
241,20180903,600064.SH,7.39,7.42,7.3,7.34,7.43,-0.09,-1.2113,38646.05,28346.464,0.3127,0.98,7.385,54011.55,7.38,45188.2,7.41,39487.2675,7.438,37428.01,7.4563,37599.5825,7.445,36438.049,7.414,37251.1267,7.4335,47114.7345
242,20180831,600064.SH,7.39,7.55,7.23,7.43,7.37,0.06,0.8141,69377.05,51231.175,0.5613,2.14,7.4,48459.275,7.4333,39767.6733,7.4625,37123.5,7.492,39363.264,7.4638,36404.0475,7.44,36151.033,7.4227,37845.464,7.416,46797.692
243,20180830,600064.SH,7.5,7.55,7.34,7.37,7.5,-0.13,-1.7333,27541.5,20398.005,0.2228,0.83,7.435,24962.985,7.4733,26372.3167,7.5075,31859.8175,7.498,32368.764,7.46,32044.6737,7.415,33235.257,7.4293,37467.02,7.3975,45592.7705
244,20180829,600064.SH,7.58,7.58,7.47,7.5,7.55,-0.05,-0.6623,22384.47,16807.454,0.1811,0.65,7.525,25787.725,7.5533,33299.2567,7.53,33575.58,7.502,33046.412,7.45,33073.9725,7.417,34062.004,7.442,40766.06,7.378,46789.895
245,20180828,600064.SH,7.58,7.63,7.52,7.55,7.61,-0.06,-0.7884,29190.98,22064.025,0.2362,0.82,7.58,38756.65,7.54,37305.95,7.5025,35711.8975,7.482,34385.872,7.41,35303.325,7.407,35639.634,7.4407,45372.6573,7.3605,47664.401
246,20180827,600064.SH,7.46,7.62,7.43,7.61,7.46,0.15,2.0107,48322.32,36502.975,0.391,1.47,7.535,41363.435,7.4867,37885.5367,7.465,35684.595,7.452,35448.088,7.39,36130.5737,7.402,37162.685,7.432,50343.6427,7.348,47192.7285
247,20180824,600064.SH,7.39,7.5,7.37,7.46,7.39,0.07,0.9472,34404.55,25633.589,0.2784,1.01,7.425,32667.145,7.4167,31472.02,7.4125,32229.53,7.388,32938.802,7.3638,34860.38,7.388,37086.564,7.3907,49275.8347,7.3315,46462.7575
248,20180823,600064.SH,7.37,7.47,7.36,7.39,7.4,-0.01,-0.1351,30929.74,22940.636,0.2502,0.88,7.395,30005.755,7.3967,31504.5233,7.37,32572.365,7.332,34101.75,7.3688,36112.4975,7.395,40016.148,7.364,50000.7727,7.3235,46190.426
249,20180822,600064.SH,7.41,7.46,7.36,7.4,7.4,0.0,0.0,29081.77,21572.231,0.2353,0.79,7.4,31791.915,7.3633,33119.9067,7.3175,34894.7525,7.332,35077.596,7.3788,38191.4187,7.412,44625.884,7.3367,51371.056,7.3205,46608.9555
250,20180821,600064.SH,7.32,7.44,7.3,7.4,7.29,0.11,1.5089,34502.06,25468.828,0.2792,0.89,7.345,35138.975,7.29,36832.4133,7.315,36576.5525,7.332,36893.396,7.395,42518.7462,7.42,50866.05,7.32,52090.5773,7.3155,46990.7525
251,20180820,600064.SH,7.18,7.3,7.18,7.29,7.18,0.11,1.532,35775.89,25886.773,0.2895,0.87,7.235,37997.59,7.2867,37268.05,7.315,37491.23,7.352,38877.282,7.415,47834.3762,7.422,57791.42,7.3133,51107.6087,7.312,48316.3815
252,20180817,600064.SH,7.44,7.44,7.17,7.18,7.39,-0.21,-2.8417,40219.29,29328.214,0.3254,0.88,7.285,38014.13,7.3233,38063.01,7.3675,39652.63,7.388,41234.326,7.4388,54797.8187,7.392,57444.351,7.3127,50970.7427,7.308,48975.4115
253,20180816,600064.SH,7.4,7.46,7.34,7.39,7.4,-0.01,-0.1351,35808.97,26523.299,0.2897,0.66,7.395,36984.87,7.43,39463.7433,7.44,41488.085,7.458,45930.546,7.4688,62739.8775,7.38,57950.284,7.3207,50219.9847,7.3065,48875.244
254,20180815,600064.SH,7.51,7.54,7.39,7.4,7.5,-0.1,-1.3333,38160.77,28427.781,0.3088,0.59,7.45,41291.13,7.4567,43381.1233,7.475,48460.94,7.492,54174.172,7.4188,62301.9062,7.339,59517.786,7.3167,50452.742,7.288,48430.4195
255,20180814,600064.SH,7.42,7.55,7.41,7.5,7.47,0.03,0.4016,44421.49,33310.484,0.3594,0.58,7.485,45991.3,7.5,51894.33,7.515,58177.5225,7.508,64838.704,7.3763,63191.6375,7.314,59689.168,7.31,50356.538,7.2725,48018.752
256,20180813,600064.SH,7.51,7.52,7.33,7.47,7.53,-0.06,-0.7968,47561.11,35333.662,0.3848,0.65,7.5,55630.75,7.52,62762.8667,7.51,69943.0075,7.492,76705.558,7.3113,64074.45,7.294,57222.772,7.2987,51462.748,7.2495,47291.0355
257,20180810,600064.SH,7.53,7.6,7.45,7.53,7.56,-0.03,-0.3968,63700.39,47960.263,0.5154,0.91,7.545,70363.745,7.5233,77403.64,7.4975,83991.67,7.396,73654.376,7.2713,63113.635,7.275,55838.951,7.2813,51555.7733,7.2335,46155.2755
258,20180809,600064.SH,7.47,7.57,7.37,7.56,7.48,0.08,1.0695,77027.1,57675.907,0.6232,1.19,7.52,84255.265,7.4867,90755.43,7.3625,76142.8725,7.302,69970.022,7.2425,57620.7775,7.252,52364.704,7.256,49856.81,7.2185,44328.1935
259,20180808,600064.SH,7.35,7.57,7.32,7.48,7.42,0.06,0.8086,91483.43,68229.525,0.7402,1.68,7.45,97619.595,7.2967,75848.13,7.2375,68205.7525,7.186,64861.4,7.2075,52207.7525,7.229,48592.027,7.22,46515.8353,7.2035,42501.127
260,20180807,600064.SH,7.1,7.46,7.1,7.42,6.99,0.43,6.1516,103755.76,76138.441,0.8395,2.75,7.205,68030.48,7.1567,60446.5267,7.1125,58205.8925,7.12,54539.632,7.185,44392.0637,7.211,43115.455,7.194,42412.1013,7.1885,39459.4015
261,20180806,600064.SH,7.04,7.12,6.94,6.99,7.06,-0.07,-0.9915,32305.2,22677.08,0.2614,0.85,7.025,38791.91,7.01,43022.6033,7.045,42235.6,7.096,37739.986,7.1738,36335.135,7.202,38841.343,7.1687,37486.1947,7.1855,35993.0905
262,20180803,600064.SH,6.97,7.16,6.96,7.06,6.98,0.08,1.1461,45278.62,31991.722,0.3663,1.3,7.02,48381.305,7.0633,45545.7333,7.1225,39098.6825,7.154,38023.526,7.2125,36886.6987,7.224,40506.472,7.1793,36988.9087,7.2045,36342.179
263,20180802,600064.SH,7.18,7.21,6.89,6.98,7.15,-0.17,-2.3776,51483.99,36130.23,0.4166,1.59,7.065,45679.29,7.1433,37038.7033,7.1775,36209.7525,7.202,34759.386,7.2463,38853.7012,7.233,39800.204,7.1907,35780.9173,7.215,35650.85
264,20180801,600064.SH,7.31,7.35,7.14,7.15,7.3,-0.15,-2.0548,39874.59,29038.57,0.3226,1.26,7.225,29816.06,7.2433,31118.34,7.2575,30578.235,7.272,32322.654,7.275,38537.7637,7.237,37343.053,7.2093,35047.7027,7.224,34524.9665
265,20180731,600064.SH,7.28,7.33,7.27,7.3,7.28,0.02,0.2747,19757.53,14420.719,0.1599,0.49,7.29,26740.215,7.2933,27479.45,7.3025,30434.67,7.302,31691.278,7.275,38330.4325,7.231,36348.336,7.2113,34432.658,7.2355,34246.178
266,20180730,600064.SH,7.3,7.36,7.27,7.28,7.3,-0.02,-0.274,33722.9,24660.016,0.2728,0.78,7.29,31340.41,7.3033,33993.7167,7.3025,34674.715,7.308,39942.7,7.24,39224.8012,7.205,37359.299,7.2153,35410.792,7.24,35480.9905
267,20180727,600064.SH,7.33,7.33,7.27,7.3,7.33,-0.03,-0.4093,28957.92,21148.42,0.2343,0.65,7.315,34129.125,7.31,34991.9867,7.315,41497.65,7.294,42989.418,7.2163,38750.3662,7.192,36471.6,7.2213,35781.73,7.237,36415.107
268,20180726,600064.SH,7.29,7.34,7.27,7.33,7.3,0.03,0.411,39300.33,28701.309,0.318,0.93,7.315,38009.02,7.32,45677.56,7.2925,46497.2925,7.264,44841.022,7.1838,38864.0212,7.185,36291.683,7.2193,35948.0047,7.239,36520.939
269,20180725,600064.SH,7.34,7.34,7.26,7.3,7.33,-0.03,-0.4093,36717.71,26773.228,0.2971,0.9,7.315,48866.175,7.28,48896.28,7.2475,46226.195,7.202,42363.452,7.1613,37057.2187,7.178,36410.227,7.208,35259.0707,7.233,35759.5205
270,20180724,600064.SH,7.22,7.35,7.2,7.33,7.21,0.12,1.6644,61014.64,44541.831,0.4937,1.75,7.27,54985.565,7.23,49395.69,7.1775,43774.8875,7.16,41005.394,7.1525,35862.3487,7.166,35803.348,7.2133,35097.8113,7.2275,35102.883
271,20180723,600064.SH,7.13,7.23,7.09,7.21,7.15,0.06,0.8392,48956.49,35039.466,0.3961,1.63,7.18,43586.215,7.1267,38028.3033,7.1175,36003.0825,7.102,34775.898,7.1438,33296.24,7.169,33144.838,7.2173,33993.754,7.2255,33611.1515
272,20180720,600064.SH,7.03,7.19,6.96,7.15,7.02,0.13,1.8519,38215.94,27048.269,0.3092,1.38,7.085,32564.21,7.0867,31685.28,7.075,31230.75,7.09,29953.782,7.14,31007.7937,7.185,32177.886,7.218,34223.67,7.226,32707.2405
273,20180719,600064.SH,7.11,7.13,7.01,7.02,7.09,-0.07,-0.99,26912.48,18957.29,0.2177,0.88,7.055,28419.95,7.05,28902.3533,7.075,27888.2425,7.106,27742.344,7.1663,30534.4937,7.197,31501.496,7.2307,33747.578,7.2365,32265.887
274,20180718,600064.SH,7.07,7.15,7.06,7.09,7.04,0.05,0.71,29927.42,21254.24,0.2421,0.98,7.065,29897.29,7.0933,28213.4967,7.1275,27949.81,7.154,30457.002,7.21,32081.305,7.211,31706.88,7.2433,33558.21,7.2495,32541.895
275,20180717,600064.SH,7.17,7.17,7.02,7.04,7.15,-0.11,-1.54,29867.16,21115.437,0.2417,0.95,7.095,27356.535,7.14,27290.6067,7.17,30589.3975,7.172,30601.302,7.2325,32271.8825,7.24,32144.02,7.25,33135.3793,7.267,33307.736
276,20180716,600064.SH,7.22,7.24,7.12,7.15,7.23,-0.08,-1.11,24845.91,17807.352,0.201,0.72,7.19,26002.33,7.2133,30830.1433,7.205,30784.8375,7.236,31513.778,7.2475,32159.2775,7.275,33602.682,7.2667,33222.9027,7.2805,35426.8255
277,20180713,600064.SH,7.27,7.3,7.19,7.23,7.26,-0.03,-0.41,27158.75,19642.668,0.2197,0.77,7.245,33822.26,7.2233,32764.48,7.2575,33180.745,7.28,34401.99,7.2763,33340.8912,7.282,36358.614,7.2713,33625.06,7.317,35502.2065
278,20180712,600064.SH,7.16,7.32,7.16,7.26,7.18,0.08,1.11,40485.77,29366.737,0.3276,1.23,7.22,35567.345,7.2667,35188.0767,7.2925,36212.8,7.288,35260.648,7.2963,35502.77,7.293,36750.195,7.28,33773.7347,7.354,35331.318
279,20180711,600064.SH,7.28,7.28,7.13,7.18,7.36,-0.18,-2.45,30648.92,22050.373,0.248,0.91,7.27,32539.23,7.3033,34788.4767,7.295,33954.3675,7.268,32956.758,7.2913,36992.7025,7.288,35108.814,7.2813,33236.8593,7.39,34549.1085
280,20180710,600064.SH,7.33,7.43,7.31,7.36,7.37,-0.01,-0.14,34429.54,25320.734,0.2786,0.96,7.365,36858.255,7.3333,35056.1833,7.29,33533.7175,7.308,33686.738,7.3113,37045.9075,7.289,34402.418,7.2987,34209.8807,7.4335,34159.898
281,20180709,600064.SH,7.3,7.39,7.29,7.37,7.27,0.1,1.38,39286.97,28827.364,0.3179,1.03,7.32,35369.505,7.2667,33235.11,7.295,33501.0375,7.314,35691.586,7.2925,35751.21,7.282,34077.465,7.2953,36731.1747,7.466,33626.6245
282,20180706,600064.SH,7.16,7.37,7.09,7.27,7.16,0.11,1.54,31452.04,22833.278,0.2545,0.82,7.215,30209.18,7.27,31572.3933,7.3,34792.74,7.284,38315.238,7.27,33788.4587,7.267,33236.595,7.3293,35868.9453,7.5005,33668.1675
283,20180705,600064.SH,7.38,7.42,7.16,7.16,7.38,-0.22,-2.98,28966.32,21012.298,0.2344,0.78,7.27,31632.57,7.31,35906.3067,7.2875,40031.0375,7.298,38239.742,7.2725,33754.455,7.276,33030.278,7.376,35354.8747,7.5455,33803.514
284,20180704,600064.SH,7.31,7.44,7.31,7.38,7.39,-0.01,-0.14,34298.82,25315.475,0.2775,0.98,7.385,39376.3,7.33,43719.2767,7.3325,40558.0975,7.308,37260.87,7.28,33993.4487,7.288,33376.91,7.4307,35079.892,7.5975,33536.228
285,20180703,600064.SH,7.2,7.39,7.14,7.39,7.22,0.17,2.35,44453.78,32313.191,0.3597,1.37,7.305,48429.505,7.3167,42644.5233,7.29,38001.3825,7.27,35118.098,7.2775,33379.705,7.294,34471.452,7.4753,34317.618,7.641,33556.442
286,20180702,600064.SH,7.34,7.49,7.17,7.22,7.34,-0.12,-1.63,52405.23,38580.436,0.424,1.86,7.28,41739.895,7.2567,35850.5833,7.24,32784.1775,7.25,32463.344,7.2638,31877.0625,7.286,37250.969,7.5167,32938.304,7.681,32554.888
287,20180629,600064.SH,7.25,7.36,7.17,7.34,7.21,0.13,1.8,31074.56,22662.256,0.2514,1.12,7.275,27573.26,7.2467,26243.8267,7.2575,27477.8725,7.25,28157.952,7.2913,30981.9387,7.352,34645.799,7.5727,32119.144,7.731,31484.667
288,20180628,600064.SH,7.2,7.26,7.16,7.21,7.19,0.02,0.28,24071.96,17384.541,0.1948,0.82,7.2,23828.46,7.23,26278.9767,7.2275,27428.8,7.254,27820.814,7.2875,36128.7375,7.415,33912.441,7.628,32324.7713,7.774,31328.3455
289,20180627,600064.SH,7.29,7.33,7.17,7.19,7.29,-0.1,-1.37,23584.96,17118.433,0.1908,0.7,7.24,27382.485,7.2333,28547.7467,7.265,28758.0275,7.268,29492.95,7.3713,36413.9337,7.492,33989.403,7.694,32294.6807,7.82,32379.5
290,20180626,600064.SH,7.13,7.35,7.13,7.29,7.22,0.07,0.97,31180.01,22612.289,0.2523,0.74,7.255,31029.14,7.29,30482.3833,7.2875,30969.9475,7.318,33824.806,7.4688,36433.4362,7.578,33917.378,7.7647,33035.89,7.878,32803.355
291,20180625,600064.SH,7.44,7.45,7.21,7.22,7.36,-0.14,-1.9,30878.27,22658.114,0.2498,0.75,7.29,30133.57,7.2867,30899.9267,7.325,34486.005,7.322,42038.594,7.555,35641.1325,7.65,33175.784,7.8247,32585.4027,7.9275,32768.346
292,20180622,600064.SH,7.27,7.38,7.17,7.36,7.28,0.08,1.1,29388.87,21520.499,0.2378,0.73,7.32,30910.755,7.36,35688.5833,7.3475,44828.675,7.454,41133.646,7.6588,34639.4375,7.734,34099.74,7.8913,32593.572,7.9845,33320.9285
293,20180621,600064.SH,7.42,7.47,7.27,7.28,7.44,-0.16,-2.15,32432.64,23928.723,0.2624,0.84,7.36,38838.44,7.3433,49975.2767,7.4775,44069.84,7.576,40004.068,7.74,33936.3375,7.815,34576.75,7.9473,32497.5227,8.04,33456.013
294,20180620,600064.SH,7.33,7.46,7.31,7.44,7.31,0.13,1.78,45244.24,33444.048,0.3661,1.33,7.375,58746.595,7.5433,47948.9067,7.65,41896.925,7.716,38485.856,7.8375,34896.9862,7.907,33695.546,8.004,33341.6833,8.1,34481.6005
295,20180619,600064.SH,7.84,7.84,7.26,7.31,7.88,-0.57,-7.23,72248.95,54684.523,0.5846,2.97,7.595,49301.24,7.72,40781.1533,7.785,36796.26,7.838,34009.95,7.9288,33511.3275,7.988,32641.432,8.0647,32462.8713,8.1615,34250.232
296,20180615,600064.SH,7.99,8.02,7.86,7.88,7.97,-0.09,-1.13,26353.53,20904.429,0.2132,0.97,7.925,25047.255,7.9433,24978.6967,7.97,24450.2,7.978,24312.974,8.04,27432.7837,8.076,27858.807,8.1293,29678.2633,8.2325,33047.3885
297,20180614,600064.SH,8.02,8.05,7.94,7.97,7.98,-0.01,-0.13,23740.98,18962.268,0.1921,0.81,7.975,24291.28,8.0,23815.7567,8.0025,23802.835,8.014,27065.834,8.0863,28476.48,8.11,28323.535,8.1613,30716.6893,8.2745,34288.616
298,20180613,600064.SH,8.05,8.08,7.97,7.98,8.05,-0.07,-0.87,24841.58,19943.942,0.201,0.86,8.015,23853.145,8.0133,23823.4533,8.025,27897.0475,8.054,29149.432,8.1138,28561.695,8.133,28744.25,8.1947,31273.328,8.318,34528.735
299,20180612,600064.SH,8.01,8.08,7.98,8.05,8.01,0.04,0.5,22864.71,18390.565,0.185,0.73,8.03,23314.39,8.04,28915.5367,8.0725,30226.395,8.098,28905.236,8.1438,29331.5987,8.148,30769.597,8.228,33146.8487,8.6305,35291.7035
300,20180611,600064.SH,8.05,8.09,7.98,8.01,8.06,-0.05,-0.62,23764.07,19090.696,0.1923,0.76,8.035,31940.95,8.08,32680.29,8.11,30415.3675,8.138,31272.914,8.1625,29967.0262,8.178,31689.332,8.2693,34330.326,8.948,35796.95
301,20180608,600064.SH,8.17,8.18,8.02,8.06,8.17,-0.11,-1.35,40117.83,32413.005,0.3246,1.36,8.115,37138.4,8.1433,32632.4667,8.17,33150.125,8.174,31404.64,8.1775,32633.3987,8.205,32360.908,8.3173,35958.86,9.263,36100.259
302,20180607,600064.SH,8.23,8.24,8.16,8.17,8.2,-0.03,-0.37,34158.97,28010.525,0.2764,1.21,8.185,28889.785,8.2067,30827.5567,8.2025,29226.3425,8.206,29581.236,8.2138,31626.4275,8.235,32542.117,8.3613,36696.21,9.5705,35489.2775
303,20180606,600064.SH,8.23,8.25,8.18,8.2,8.25,-0.05,-0.61,23620.6,19399.051,0.1911,0.72,8.225,29161.85,8.2133,27582.1333,8.215,28436.8025,8.212,28339.068,8.2275,31166.535,8.265,32335.276,8.406,36321.836,9.8825,35872.9415
304,20180605,600064.SH,8.21,8.25,8.18,8.25,8.19,0.06,0.73,34703.1,28525.338,0.2808,1.08,8.22,29562.9,8.22,30042.2033,8.215,29518.685,8.198,32633.958,8.2475,33455.2,8.293,35267.655,8.808,37420.526,10.1775,35753.4565
305,20180604,600064.SH,8.21,8.25,8.17,8.19,8.22,-0.03,-0.37,24422.7,20045.151,0.1976,0.73,8.205,27711.755,8.2033,27790.5467,8.185,32116.6725,8.218,32105.75,8.275,33128.6325,8.335,35859.032,9.218,37304.962,10.4695,35343.6135
306,20180601,600064.SH,8.21,8.26,8.14,8.22,8.2,0.02,0.24,31000.81,25459.171,0.2508,0.87,8.21,29474.47,8.1833,34681.33,8.225,34026.5125,8.236,33317.176,8.3113,36693.8437,8.389,38235.97,9.626,37665.4653,10.7615,35641.9145
307,20180531,600064.SH,8.16,8.24,8.12,8.2,8.13,0.07,0.86,27948.13,22863.206,0.2261,0.77,8.165,36521.59,8.2267,35035.08,8.24,33896.2675,8.264,35502.998,8.3675,37895.8512,8.439,40253.697,10.0253,37458.6247,11.0435,35243.066
308,20180530,600064.SH,8.26,8.29,8.1,8.13,8.35,-0.22,-2.63,45095.05,36940.382,0.3649,1.19,8.24,38578.555,8.2533,35878.98,8.28,37391.715,8.318,36331.484,8.4338,40426.345,8.503,40313.22,10.4393,38384.2327,11.3305,35322.81
309,20180529,600064.SH,8.29,8.37,8.26,8.35,8.28,0.07,0.85,32062.06,26615.66,0.2594,0.81,8.315,31270.945,8.33,34823.9367,8.365,34140.5925,8.388,37901.352,8.5075,41186.7237,9.113,39813.81,10.8373,36793.2893,11.6175,34786.0405
310,20180528,600064.SH,8.35,8.38,8.26,8.28,8.36,-0.08,-0.96,30479.83,25333.858,0.2466,0.71,8.32,36204.875,8.37,34833.4367,8.3975,39361.175,8.452,39612.314,8.5688,40746.8862,9.718,39904.568,11.22,36422.9013,11.89,34372.7715
311,20180525,600064.SH,8.45,8.48,8.32,8.36,8.47,-0.11,-1.3,41929.92,35155.929,0.3393,0.93,8.415,37010.24,8.4367,42321.6233,8.495,41895.435,8.542,43154.764,9.3125,41949.5262,10.321,39839.61,11.6033,36416.8273,12.1605,34142.9245
312,20180524,600064.SH,8.48,8.54,8.39,8.47,8.48,-0.01,-0.12,32090.56,27239.995,0.2596,0.72,8.475,42517.475,8.54,41883.94,8.5875,43460.975,8.614,45004.396,10.0675,40829.4912,10.906,38436.438,11.97,35156.422,12.4305,33170.6085
313,20180523,600064.SH,8.68,8.69,8.46,8.48,8.67,-0.19,-2.19,52944.39,45335.437,0.4284,1.27,8.575,46780.63,8.6267,47251.1133,8.65,48232.855,8.688,44294.956,10.7975,40546.9525,11.5,39410.607,12.3347,34986.5853,12.6935,32914.752
314,20180522,600064.SH,8.78,8.78,8.62,8.67,8.73,-0.06,-0.69,40616.87,35248.269,0.3286,1.01,8.7,44404.475,8.7067,46662.3433,8.74,42132.5975,9.838,41726.268,11.5138,37416.1787,12.062,36239.258,12.694,33747.6033,12.94,31134.5655
315,20180521,600064.SH,8.79,8.8,8.72,8.73,8.72,0.01,0.11,48192.08,42243.394,0.3899,1.32,8.725,49685.08,8.7633,42637.84,10.13,42003.6175,10.984,40196.822,12.2313,37568.1012,12.604,34828.195,13.036,32626.2573,13.1765,30186.048
316,20180518,600064.SH,8.8,8.84,8.62,8.72,8.84,-0.12,-1.36,51178.08,44578.181,0.4141,1.61,8.78,39860.72,10.5967,39940.7967,11.5475,38198.0075,12.1,36524.456,12.9025,34197.9537,13.134,33047.859,13.3667,31138.978,13.4245,28904.137
317,20180517,600064.SH,8.83,8.93,8.79,8.84,8.83,0.01,0.11,28543.36,25304.323,0.3695,0.83,11.535,34322.155,12.49,33871.3167,12.945,32861.05,13.198,31868.48,13.5738,31113.9737,13.648,30232.435,13.7027,29226.0127,13.673,27447.076
318,20180516,600064.SH,14.31,14.44,14.22,14.23,14.4,-0.17,-1.18,40100.95,57499.156,0.5191,1.3,14.315,36535.295,14.3133,34300.28,14.2875,32699.76,14.312,34526.258,14.2225,31344.6437,14.158,30332.4,14.0287,29121.3507,13.911,27322.497
319,20180515,600064.SH,14.3,14.42,14.23,14.4,14.31,0.09,0.63,32969.64,47227.822,0.4268,1.12,14.355,31399.945,14.3067,30232.6967,14.3325,33132.585,14.286,30752.248,14.1763,29210.005,14.122,29758.271,13.974,27603.998,13.892,27103.382
320,20180514,600064.SH,14.26,14.42,14.22,14.31,14.21,0.1,0.7,29830.25,42759.359,0.3862,1.01,14.26,28864.225,14.31,33186.9,14.2575,30197.9,14.224,29459.568,14.1188,28781.6762,14.062,28840.975,13.9073,26849.1233,13.875,26536.4105
321,20180511,600064.SH,14.45,14.45,14.21,14.21,14.41,-0.2,-1.39,27898.2,39879.419,0.3612,0.98,14.31,34865.225,14.24,30320.45,14.2025,29366.8975,14.168,29571.262,14.0638,29347.8525,14.0,28446.239,13.866,26364.0307,13.862,26372.51
322,20180510,600064.SH,14.2,14.42,14.18,14.41,14.1,0.31,2.2,41832.25,59802.597,0.5415,1.6,14.255,31531.575,14.2,29856.4633,14.1575,29989.5275,14.098,28596.39,14.0125,28835.1625,13.955,27904.779,13.8313,25973.2747,13.8605,26543.9005
323,20180509,600064.SH,14.1,14.14,14.06,14.1,14.09,0.01,0.07,21230.9,29925.414,0.2748,0.74,14.095,23868.57,14.0733,26041.9533,14.02,25287.425,14.004,26138.542,13.9225,26841.4925,13.887,26418.897,13.7773,24921.2433,13.8505,25990.093
324,20180508,600064.SH,14.02,14.17,14.0,14.09,14.03,0.06,0.43,26506.24,37370.445,0.3431,0.94,14.06,28447.48,13.9933,26639.6,13.98,27365.4525,13.958,28764.294,13.88,26998.08,13.818,26029.873,13.7607,25887.0933,13.849,26218.071
325,20180507,600064.SH,13.91,14.06,13.83,14.03,13.86,0.17,1.23,30388.72,42396.72,0.3934,1.11,13.945,26706.28,13.9433,27651.8567,13.925,29328.8075,13.9,28222.382,13.835,27056.4787,13.749,25543.901,13.7587,25562.0247,13.8525,26631.359
326,20180504,600064.SH,13.94,13.96,13.79,13.86,13.94,-0.08,-0.57,23023.84,31963.168,0.2981,0.85,13.9,26283.425,13.89,28975.5033,13.8675,27680.7975,13.832,27321.216,13.7575,25425.4712,13.715,24760.415,13.76,25306.2593,13.862,27513.578
327,20180503,600064.SH,13.84,13.97,13.77,13.94,13.87,0.07,0.5,29543.01,41022.133,0.3824,1.11,13.905,31951.335,13.87,29233.1167,13.825,28395.56,13.812,27213.168,13.7,25253.3062,13.698,24661.717,13.7813,25859.7373,13.8925,30392.9865
328,20180502,600064.SH,13.89,13.98,13.77,13.87,13.8,0.07,0.51,34359.66,47650.262,0.4448,1.47,13.835,29078.17,13.7867,28013.0767,13.78,26630.7075,13.77,26699.252,13.6688,24379.6625,13.664,24312.594,13.7993,25940.61,13.9025,30988.8445
329,20180427,600064.SH,13.82,13.84,13.64,13.8,13.69,0.11,0.8,23796.68,32781.031,0.3081,1.04,13.745,24839.785,13.75,24054.39,13.745,24784.15,13.678,23295.452,13.6463,22839.3125,13.662,24448.493,13.8127,25369.33,13.915,33845.143
330,20180426,600064.SH,13.82,13.85,13.66,13.69,13.76,-0.07,-0.51,25882.89,35618.174,0.3351,1.17,13.725,24183.245,13.7267,25113.3067,13.6475,23170.145,13.598,22865.42,13.6213,23121.2,13.688,24231.846,13.8367,26101.018,13.92,34751.324
331,20180425,600064.SH,13.71,13.84,13.62,13.76,13.73,0.03,0.22,22483.6,30897.407,0.2911,1.02,13.745,24728.515,13.6333,22265.8967,13.575,22111.0525,13.598,22199.614,13.6413,24350.67,13.724,24298.781,13.872,27577.6987,13.911,35010.609
332,20180424,600064.SH,13.45,13.74,13.42,13.73,13.41,0.32,2.39,26973.43,36825.248,0.3492,1.23,13.57,22157.045,13.5133,21986.87,13.5575,22128.6175,13.584,22110.266,13.6788,24243.9962,13.766,25183.022,13.9193,31452.926,13.891,38019.98
333,20180423,600064.SH,13.3,13.55,13.28,13.41,13.4,0.01,0.07,17340.66,23284.683,0.2245,0.68,13.405,19493.59,13.5,20513.68,13.5475,20894.475,13.558,21925.936,13.7188,24191.3475,13.814,25561.289,13.9467,32418.7087,13.911,41706.1775
334,20180420,600064.SH,13.64,13.72,13.38,13.4,13.69,-0.29,-2.12,21646.52,29286.572,0.2802,0.85,13.545,22100.19,13.5933,22079.08,13.595,23072.255,13.646,25601.534,13.815,25939.5162,13.88,26406.269,13.994,37361.7067,13.9335,43832.451
335,20180419,600064.SH,13.7,13.76,13.53,13.69,13.69,0.0,0.0,22553.86,30909.497,0.292,0.85,13.69,22295.36,13.66,23547.5,13.7075,26590.2875,13.778,25598.272,13.9163,27078.2137,13.956,27718.817,14.0273,38713.292,13.965,46057.019
336,20180418,600064.SH,13.72,13.75,13.51,13.69,13.6,0.09,0.66,22036.86,30026.572,0.2853,0.78,13.645,24044.32,13.7133,27935.7633,13.8,26359.375,13.85,26397.948,13.9638,27482.7887,14.009,30266.741,14.0153,39280.9407,13.972,46675.3065
337,20180417,600064.SH,13.9,13.91,13.58,13.6,13.85,-0.25,-1.81,26051.78,35705.693,0.3373,0.89,13.725,30885.215,13.8367,27800.2133,13.89,27488.22,13.948,28255.778,14.0225,29074.6812,14.087,36124.256,13.9933,43323.218,13.979,48766.745
338,20180416,600064.SH,13.96,13.99,13.73,13.85,14.06,-0.21,-1.49,35718.65,49486.512,0.4624,1.31,13.955,28674.43,13.9867,27967.0333,14.035,28806.7775,14.07,29196.642,14.1,31822.3462,14.141,37665.095,14.0287,48299.5913,13.9805,48975.8255
339,20180413,600064.SH,14.09,14.18,14.04,14.06,14.05,0.01,0.07,21630.21,30461.929,0.28,0.72,14.055,24091.225,14.0967,26502.82,14.125,27566.14,14.114,27211.004,14.1775,37434.0162,14.168,43241.793,14.0293,49909.4233,13.9775,49478.311
340,20180412,600064.SH,14.15,14.21,13.98,14.05,14.18,-0.13,-0.92,26552.24,37471.19,0.3437,0.78,14.115,28939.125,14.1467,29544.7833,14.1275,28606.2025,14.134,29839.362,14.1875,39912.7612,14.152,45270.802,14.0273,52876.6013,13.968,49964.0155
341,20180411,600064.SH,14.31,14.32,14.13,14.18,14.21,-0.03,-0.21,31326.01,44565.714,0.4055,0.71,14.195,31041.055,14.1533,29290.8567,14.155,30661.1425,14.168,34135.534,14.1963,48029.435,14.098,45722.437,14.0127,53434.426,13.957,50850.1065
342,20180410,600064.SH,14.1,14.22,14.03,14.21,14.07,0.14,1.0,30756.1,43420.152,0.3982,0.67,14.14,28273.28,14.1467,30439.52,14.165,34837.915,14.226,43992.734,14.1613,49353.7212,14.016,50856.938,13.9893,55603.734,13.935,50809.38
343,20180409,600064.SH,14.09,14.19,13.97,14.07,14.16,-0.09,-0.64,25790.46,36315.491,0.3339,0.44,14.115,30281.23,14.15,36198.52,14.23,47301.8925,14.212,46133.548,14.0738,49392.7825,14.008,57851.066,13.9507,55568.8867,13.9055,50175.097
344,20180404,600064.SH,14.3,14.37,14.11,14.16,14.22,-0.06,-0.42,34772.0,49634.19,0.4501,0.57,14.19,41402.55,14.2833,54472.37,14.2475,51219.32,14.222,59272.582,13.985,56502.8525,13.987,61258.633,13.932,56900.7467,13.8815,50073.051
345,20180403,600064.SH,14.3,14.37,14.14,14.22,14.47,-0.25,-1.73,48033.1,68390.541,0.6218,0.84,14.345,64322.555,14.2767,56701.76,14.2375,65397.7275,14.17,60702.242,13.9813,64743.525,13.974,64395.221,13.9127,56672.2333,13.8585,49713.207
346,20180402,600064.SH,14.18,14.64,14.16,14.47,14.14,0.33,2.33,80612.01,116272.697,1.0436,1.4,14.305,61036.09,14.2433,71185.9367,14.1575,63869.5275,14.028,57309.34,13.9363,66222.6537,13.935,63083.872,13.8867,56421.6307,13.83,49360.5375
347,20180330,600064.SH,14.15,14.2,14.05,14.14,14.12,0.02,0.14,41460.17,58512.728,0.5367,0.6,14.13,66472.9,14.0533,58288.7,13.9175,51483.6725,13.806,57721.142,13.8813,64413.3875,13.871,61409.234,13.838,53081.5953,13.7775,46560.5335
348,20180329,600064.SH,14.35,14.36,14.06,14.12,13.9,0.22,1.58,91485.63,129823.488,1.1843,1.45,14.01,66702.965,13.8433,54824.84,13.7225,61786.385,13.804,69568.584,13.8425,63595.8175,13.82,60286.556,13.8033,51522.28,13.748,45448.715
349,20180327,600064.SH,13.7,13.91,13.65,13.9,13.51,0.39,2.89,41920.3,57621.334,0.5427,0.62,13.705,36494.445,13.59,51886.6367,13.725,64089.3225,13.752,63244.684,13.8063,60143.3175,13.787,55714.829,13.768,47006.5407,13.7145,41608.543
350,20180326,600064.SH,13.28,13.53,13.15,13.51,13.36,0.15,1.12,31068.59,41468.256,0.4022,0.45,13.435,56869.805,13.6667,71478.9967,13.715,68575.78,13.778,68088.2,13.7725,58682.4537,13.784,54657.229,13.7547,46050.1953,13.6945,40930.7285
351,20180323,600064.SH,13.63,13.84,13.1,13.36,14.13,-0.77,-5.45,82671.02,111720.003,1.0702,1.27,13.745,91684.2,13.7833,81078.1767,13.845,77343.1025,13.842,68858.404,13.8075,60519.925,13.816,55977.776,13.764,46710.9367,13.7045,41017.3725
352,20180322,600064.SH,14.15,14.43,14.09,14.13,13.86,0.27,1.95,100697.38,143502.255,1.3036,1.97,13.995,80281.755,14.0067,75567.13,13.9625,65405.25,13.936,65097.326,13.8713,54104.085,13.854,50761.822,13.768,42840.3307,13.717,38182.948
353,20180321,600064.SH,14.05,14.13,13.83,13.86,14.03,-0.17,-1.21,59866.13,83800.348,0.775,1.24,13.945,63002.005,13.9067,53641.2067,13.8875,56197.3125,13.836,51004.528,13.8338,47051.17,13.803,42499.128,13.7293,37408.7587,13.685,34027.9295
354,20180320,600064.SH,13.87,14.07,13.83,14.03,13.83,0.2,1.45,66137.88,92131.823,0.8562,1.6,13.93,50528.745,13.8967,54974.3733,13.83,48789.1275,13.822,48184.974,13.8188,43381.8387,13.776,38887.469,13.702,34396.496,13.659,31745.848
355,20180319,600064.SH,13.89,13.93,13.72,13.83,13.83,0.0,0.0,34919.61,48159.326,0.452,0.81,13.83,49392.62,13.7633,43006.21,13.77,43696.7475,13.79,41226.258,13.7675,37373.4087,13.743,35031.193,13.6667,31878.238,13.6265,29951.312
356,20180316,600064.SH,13.62,14.02,13.6,13.83,13.63,0.2,1.47,63865.63,88555.747,0.8268,1.75,13.73,47049.51,13.75,46622.46,13.78,42802.92,13.79,43097.148,13.7375,35977.15,13.725,35637.203,13.6587,31737.0287,13.594,29382.0795
357,20180315,600064.SH,13.74,13.75,13.51,13.63,13.79,-0.16,-1.16,30233.39,41199.476,0.3914,0.89,13.71,38000.875,13.7633,35782.0167,13.78,37905.0275,13.772,36426.318,13.7213,31440.8362,13.684,31711.833,13.644,29211.4887,13.556,28994.5335
358,20180314,600064.SH,13.9,14.05,13.74,13.79,13.87,-0.08,-0.58,45768.36,63610.375,0.5925,1.55,13.83,38556.33,13.83,40462.24,13.8075,37974.55,13.77,33993.728,13.7238,32784.1262,13.676,30610.874,13.6347,28369.0633,13.5615,28742.8655
359,20180313,600064.SH,13.84,13.9,13.77,13.87,13.83,0.04,0.29,31344.3,43324.293,0.4058,1.09,13.85,37809.18,13.8133,35376.6133,13.765,31050.07,13.73,29589.964,13.6775,30139.5725,13.642,27502.257,13.6047,26266.1393,13.5605,29005.9455
360,20180312,600064.SH,13.83,13.85,13.72,13.83,13.74,0.09,0.66,44274.06,61014.86,0.5731,1.57,13.785,37392.77,13.73,30951.9933,13.695,29151.38,13.696,28836.128,13.6375,28624.51,13.605,27204.228,13.572,26192.9967,13.563,29934.5795
361,20180309,600064.SH,13.63,13.75,13.58,13.74,13.62,0.12,0.88,30511.48,41741.596,0.395,1.13,13.68,24290.96,13.65,24110.4867,13.6625,24976.645,13.66,28177.258,13.59,24925.5262,13.593,26056.969,13.5287,24810.39,13.595,29315.699
362,20180308,600064.SH,13.6,13.66,13.54,13.62,13.59,0.03,0.22,18070.44,24575.461,0.2339,0.66,13.605,20909.99,13.6367,23131.7,13.64,27593.7025,13.596,26997.348,13.56,24657.0925,13.58,25604.074,13.484,26517.272,13.6275,29679.7305
363,20180307,600064.SH,13.71,13.79,13.57,13.59,13.7,-0.11,-0.8,23749.54,32488.835,0.3074,0.93,13.645,25662.33,13.6467,30768.1233,13.59,29229.075,13.582,27228.02,13.5713,26498.4712,13.567,25556.731,13.492,26992.578,13.6665,31419.664
364,20180306,600064.SH,13.65,13.71,13.54,13.7,13.65,0.05,0.37,27575.12,37596.484,0.357,1.08,13.675,34277.415,13.59,31055.5867,13.58,28097.64,13.554,25414.55,13.5738,26777.595,13.542,24604.227,13.504,28811.2727,13.723,32523.599
365,20180305,600064.SH,13.44,13.78,13.4,13.65,13.42,0.23,1.71,40979.71,55783.791,0.5305,1.71,13.535,32795.82,13.54,28271.8133,13.5175,24874.4075,13.514,25572.328,13.5475,25530.3312,13.51,24871.431,13.5187,30300.73,13.775,33118.8575
366,20180302,600064.SH,13.43,13.49,13.38,13.42,13.55,-0.13,-0.96,24611.93,33021.316,0.3186,1.02,13.485,21917.865,13.4733,19505.9733,13.48,21720.4825,13.526,23936.68,13.5088,22185.93,13.463,23126.956,13.5733,29695.1793,13.8375,33639.2785
367,20180301,600064.SH,13.42,13.56,13.38,13.55,13.45,0.1,0.74,19223.8,25953.285,0.2489,0.8,13.5,16952.995,13.5,20756.6667,13.5525,23767.8675,13.564,24210.8,13.5038,22890.3337,13.428,26277.234,13.638,30573.858,13.921,35359.1585
368,20180228,600064.SH,13.41,13.5,13.38,13.45,13.5,-0.05,-0.37,14682.19,19727.639,0.1901,0.62,13.475,21523.1,13.5533,25282.5567,13.5675,25457.55,13.552,23885.442,13.4575,23429.2287,13.447,26874.857,13.6947,32816.8787,13.9885,36905.3935
369,20180227,600064.SH,13.7,13.7,13.49,13.5,13.71,-0.21,-1.53,28364.01,38469.577,0.3672,1.17,13.605,30582.74,13.6067,29049.3367,13.5775,26186.255,13.53,23793.904,13.41,28608.2937,13.479,30509.634,13.7793,34893.282,14.069,39127.432
370,20180226,600064.SH,13.61,13.72,13.47,13.71,13.61,0.1,0.73,32801.47,44687.351,0.4246,1.47,13.66,29392.0,13.6033,25460.3367,13.5375,22651.3775,13.506,24170.534,13.44,28212.7962,13.521,32664.931,13.862,35634.3673,14.143,40146.8775
371,20180223,600064.SH,13.49,13.64,13.44,13.61,13.49,0.12,0.89,25982.53,35129.311,0.3364,0.92,13.55,21789.77,13.48,19268.0133,13.455,22012.8,13.4,22317.232,13.4475,30491.3575,13.597,32574.429,13.9413,36873.478,14.202,40243.126
372,20180222,600064.SH,13.42,13.49,13.42,13.49,13.34,0.15,1.12,17597.01,23682.848,0.2278,0.59,13.415,15910.755,13.4033,20689.5567,13.3475,21400.9075,13.292,28343.668,13.4863,33483.1637,13.675,33755.387,14.04,39075.278,14.2685,41740.614
373,20180214,600064.SH,13.34,13.43,13.25,13.34,13.38,-0.04,-0.3,14224.5,18962.879,0.1841,0.38,13.36,22235.83,13.3,22668.8733,13.2425,31030.3325,13.342,29864.272,13.6088,35270.5937,13.766,37282.597,14.134,41245.3773,14.336,43053.043
374,20180213,600064.SH,13.23,13.43,13.23,13.38,13.18,0.2,1.52,30247.16,40370.618,0.3916,0.73,13.28,26891.06,13.21,36632.2767,13.3425,33774.215,13.428,37225.364,13.74,38216.545,13.904,40442.971,14.2487,44238.608,14.411,47624.7105
375,20180212,600064.SH,13.12,13.28,13.1,13.18,13.07,0.11,0.84,23534.96,31087.047,0.3047,0.55,13.125,39824.835,13.33,34949.9,13.44,38969.915,13.536,41159.328,13.8675,41044.2887,14.04,41366.284,14.3553,45472.3253,14.4795,49054.4535
376,20180209,600064.SH,13.58,13.58,13.01,13.07,13.74,-0.67,-4.88,56114.71,74400.047,0.7264,1.43,13.405,40657.37,13.5267,44114.9,13.625,45565.42,13.794,42831.626,14.06,43830.9487,14.212,44151.601,14.4693,46218.424,14.536,50263.4185
377,20180208,600064.SH,13.8,13.89,13.68,13.74,13.77,-0.03,-0.22,25200.03,34732.364,0.3262,0.56,13.755,38114.995,13.81,42048.99,13.975,39510.855,14.058,39167.106,14.2688,41751.6462,14.414,44441.083,14.594,46206.2627,14.6125,49401.0755
378,20180207,600064.SH,14.11,14.17,13.66,13.77,13.92,-0.15,-1.08,51029.96,71004.912,0.6606,1.17,13.845,50473.47,14.0533,44281.13,14.1375,42658.875,14.19,44700.922,14.4138,45025.1587,14.53,46935.93,14.6673,47449.3,14.653,49710.8955
379,20180206,600064.SH,14.25,14.35,13.89,13.92,14.47,-0.55,-3.8,49916.98,70492.787,0.6462,1.2,14.195,40906.715,14.26,39868.5133,14.295,43118.6625,14.38,43660.578,14.5788,46022.605,14.659,47745.23,14.7387,51091.1593,14.6945,48960.4735
380,20180205,600064.SH,14.2,14.5,14.14,14.47,14.39,0.08,0.56,31896.45,45914.803,0.4129,0.7,14.43,34844.28,14.42,40852.5567,14.495,42096.4775,14.544,41573.24,14.7013,46051.545,14.765,47628.824,14.794,51686.162,14.729,48614.3795
381,20180202,600064.SH,14.4,14.42,14.16,14.39,14.4,-0.01,-0.07,37792.11,53974.82,0.4892,0.76,14.395,45330.61,14.5033,45496.4867,14.5625,43992.4375,14.63,45471.576,14.775,49454.8587,14.807,47911.823,14.7833,52740.6827,14.7375,50014.8585
382,20180201,600064.SH,14.72,14.75,14.36,14.4,14.72,-0.32,-2.17,52869.11,76747.855,0.6844,1.08,14.56,49348.675,14.62,46059.2133,14.69,47391.4425,14.77,49715.06,14.8488,50824.96,14.862,49725.841,14.7973,52812.3987,14.748,52024.5855
383,20180131,600064.SH,14.69,14.78,14.58,14.72,14.74,-0.02,-0.14,45828.24,67312.068,0.5933,0.88,14.73,42654.265,14.7867,45565.5533,14.8625,48926.5475,14.87,49170.938,14.91,48557.1262,14.906,48823.489,14.8073,51380.8867,14.745,50688.159
384,20180130,600064.SH,14.9,14.98,14.7,14.74,14.9,-0.16,-1.07,39480.29,58464.23,0.5111,0.74,14.82,45434.21,14.91,49959.3167,14.9075,50006.6125,14.938,51829.882,14.9375,49820.1325,14.918,54806.45,14.7993,50727.1053,14.7265,49945.4185
385,20180129,600064.SH,15.24,15.24,14.89,14.9,15.09,-0.19,-1.26,51388.13,77243.916,0.6652,1.02,14.995,55198.83,14.9633,53515.3867,14.9875,54917.28,14.986,53684.408,14.95,50365.795,14.919,56742.623,14.7907,50961.426,14.7065,49468.4755
386,20180126,600064.SH,14.92,15.15,14.87,15.09,14.9,0.19,1.28,59009.53,88801.003,0.7639,1.19,14.995,54579.015,15.0167,56093.6633,15.0075,54258.4775,14.984,50352.07,14.9425,57149.51,14.86,56375.236,14.7733,51529.286,14.671,47875.7615
387,20180125,600064.SH,15.02,15.02,14.89,14.9,15.06,-0.16,-1.06,50148.5,74918.381,0.6492,1.03,14.98,54635.73,14.98,52674.7933,14.9575,48187.705,14.954,49736.622,14.9,57128.5712,14.811,54361.068,14.7407,52794.4273,14.621,46329.344
388,20180124,600064.SH,14.98,15.1,14.96,15.06,14.98,0.08,0.53,59122.96,88945.244,0.7654,1.02,15.02,53937.94,14.9767,47534.1067,14.9675,49633.6525,14.942,48476.04,14.8262,56824.2912,14.776,52485.861,14.7033,51193.8993,14.5765,44424.793
389,20180123,600064.SH,14.91,15.06,14.81,14.98,14.89,0.09,0.6,48752.92,72933.102,0.6311,0.82,14.935,41739.68,14.9367,46470.55,14.9125,45814.31,14.898,57783.018,14.7687,54292.4025,14.73,50175.717,14.656,49317.264,14.526,42102.3425
390,20180122,600064.SH,14.88,14.96,14.76,14.89,14.94,-0.05,-0.33,34726.44,51621.73,0.4495,0.56,14.915,45329.365,14.89,44834.7733,14.8775,60040.5425,14.852,59800.838,14.715,52122.8412,14.693,49599.935,14.6133,48063.1647,14.477,40364.5355
391,20180119,600064.SH,14.86,15.08,14.86,14.94,14.84,0.1,0.67,55932.29,83878.757,0.7241,0.95,14.89,49888.94,14.8733,68478.5767,14.8425,66069.4375,14.736,62398.402,14.6787,52284.7262,14.668,52117.894,14.5667,47050.3253,14.4325,39242.102
392,20180118,600064.SH,14.86,14.95,14.76,14.84,14.84,0.0,0.0,43845.59,65104.685,0.5676,0.78,14.84,74751.72,14.81,69448.4867,14.685,64014.93,14.668,58985.514,14.6375,50667.5775,14.634,54323.33,14.51,45193.5847,14.3885,37346.885
393,20180117,600064.SH,14.73,15.15,14.68,14.84,14.75,0.09,0.61,105657.85,157420.83,1.3678,2.48,14.795,82249.935,14.6333,70738.0433,14.625,62770.495,14.61,56495.682,14.6125,52675.1325,14.584,52552.829,14.4547,43074.3773,14.347,35926.2305
394,20180116,600064.SH,14.3,14.78,14.28,14.75,14.31,0.44,3.07,58842.02,85744.653,0.7617,1.49,14.53,53278.14,14.5533,48474.71,14.5525,44205.14,14.562,42568.416,14.5825,49216.2325,14.535,45084.387,14.402,36875.4507,14.3115,31581.3365
395,20180115,600064.SH,14.6,14.65,14.28,14.31,14.6,-0.29,-1.99,47714.26,68932.087,0.6177,1.14,14.455,43291.055,14.4867,39326.18,14.515,38500.015,14.534,39399.032,14.5312,45128.5525,14.494,42194.328,14.352,33885.768,14.2715,29319.1195
396,20180112,600064.SH,14.5,14.77,14.5,14.6,14.55,0.05,0.34,38867.85,57010.192,0.5032,0.78,14.575,35132.14,14.5833,35428.6,14.59,37320.225,14.6,41837.386,14.5362,43035.9487,14.482,39376.287,14.3313,31523.3353,14.2545,27795.2065
397,20180111,600064.SH,14.61,14.61,14.44,14.55,14.6,-0.05,-0.34,31396.43,45600.427,0.4064,0.65,14.575,33708.975,14.5867,36804.35,14.6,42579.77,14.6,49661.146,14.5038,41920.1462,14.431,38297.62,14.2953,30134.0087,14.2255,26788.464
398,20180110,600064.SH,14.63,14.71,14.52,14.6,14.61,-0.01,-0.07,36021.52,52633.473,0.4663,0.76,14.605,39508.31,14.6167,46307.55,14.6125,54227.325,14.558,48609.976,14.4588,40437.3237,14.377,36363.725,14.2593,29069.7467,14.204,26128.062
399,20180109,600064.SH,14.65,14.76,14.55,14.61,14.64,-0.03,-0.2,42995.1,63002.936,0.5566,0.96,14.625,51450.565,14.6167,60295.9267,14.5475,51757.09,14.508,47600.358,14.395,39444.7812,14.322,34028.968,14.228,27918.9767,14.1815,25542.1895
400,20180108,600064.SH,14.59,14.71,14.48,14.64,14.6,0.04,0.27,59906.03,87495.977,0.7755,1.62,14.62,68946.34,14.5267,54677.7533,14.4825,48751.6725,14.454,44989.624,14.32,35577.5787,14.261,31129.136,14.184,25959.1487,14.1585,24373.493
401,20180105,600064.SH,14.31,14.72,14.3,14.6,14.34,0.26,1.81,77986.65,113591.531,1.0096,2.9,14.47,52063.615,14.43,45033.5533,14.4075,41260.5225,14.364,36915.188,14.2462,29673.5687,14.197,26366.31,14.1393,23114.48,14.133,22049.121
402,20180104,600064.SH,14.37,14.37,14.3,14.34,14.35,-0.01,-0.07,26140.58,37475.625,0.3384,1.08,14.345,28557.005,14.3433,29018.48,14.305,26647.3225,14.262,26934.094,14.1712,21674.835,14.143,20370.44,14.1007,19164.2367,14.106,18703.4115
403,20180103,600064.SH,14.33,14.38,14.28,14.35,14.34,0.01,0.07,30973.43,44398.249,0.401,1.51,14.345,30457.43,14.2933,26816.2367,14.2425,27132.4725,14.196,24117.474,14.1287,19941.9837,14.11,19299.632,14.086,18634.0907,14.0955,18386.2065
404,20180102,600064.SH,14.25,14.38,14.2,14.34,14.19,0.15,1.06,29941.43,42877.19,0.3876,1.73,14.265,24737.64,14.2067,25852.1533,14.1575,22403.485,14.136,20457.578,14.0925,18323.7987,14.088,18078.286,14.0727,18189.4667,14.0795,18344.186
405,20171229,600064.SH,14.09,14.23,14.08,14.19,14.09,0.1,0.71,19533.85,27691.793,0.2529,1.23,14.14,23807.515,14.0967,19890.8367,14.085,18086.615,14.068,17268.648,14.0512,16510.1825,14.049,16443.911,14.06,17501.4493,14.069,17873.223
406,20171228,600064.SH,14.06,14.23,14.04,14.09,14.01,0.08,0.57,28081.18,39696.049,0.3635,2.03,14.05,20069.33,14.05,17604.2033,14.0375,16702.3475,14.03,15817.432,14.0437,16413.4475,14.027,16214.126,14.056,17093.7653,14.073,17703.2445
407,20171227,600064.SH,14.06,14.1,13.99,14.01,14.05,-0.04,-0.28,12057.48,16935.029,0.1561,0.83,14.03,12365.715,14.02,12909.4033,14.015,12751.495,14.024,13806.786,14.0262,14603.01,14.02,15279.308,14.054,15959.8507,14.0825,17027.1105
408,20171226,600064.SH,14.0,14.06,13.94,14.05,14.0,0.05,0.36,12673.95,17753.894,0.1641,0.81,14.025,13335.365,14.0167,12982.8333,14.0275,14244.1125,14.024,14481.79,14.0212,15250.325,14.031,15892.399,14.062,16475.784,14.103,17745.774
409,20171225,600064.SH,14.02,14.15,13.96,14.0,14.0,0.0,0.0,13996.78,19670.057,0.1812,0.9,14.0,13137.275,14.02,14767.5,14.0175,14933.75,14.04,15698.994,14.0175,16007.7062,14.041,17055.411,14.0607,17639.722,14.115,17851.55
410,20171222,600064.SH,14.1,14.13,13.99,14.0,14.06,-0.06,-0.43,12277.77,17257.649,0.1589,0.74,14.03,15152.86,14.0233,15246.0733,14.05,16124.5475,14.03,15619.174,14.0325,16531.6575,14.056,17617.85,14.0693,18074.748,14.121,18142.111
411,20171221,600064.SH,14.02,14.13,13.97,14.06,14.01,0.05,0.36,18027.95,25308.161,0.2334,1.08,14.035,16730.225,14.0667,17406.8067,14.0375,16454.525,14.024,16610.82,14.0512,18034.945,14.069,17731.932,14.0873,18331.8487,14.1345,18236.5535
412,20171220,600064.SH,14.03,14.13,13.99,14.01,14.13,-0.12,-0.85,15432.5,21694.596,0.1998,0.89,14.07,17096.235,14.03,15930.05,14.015,16256.5375,14.016,16751.83,14.0625,18234.0975,14.069,17036.383,14.102,18100.552,14.142,18528.706
413,20171219,600064.SH,13.95,14.14,13.91,14.13,13.95,0.18,1.29,18759.97,26379.436,0.2429,1.02,14.04,16178.825,14.0167,16531.2167,14.0175,17081.6625,14.038,17303.008,14.0775,17982.3587,14.081,17472.781,14.1293,18833.7687,14.168,19664.7915
414,20171218,600064.SH,13.99,14.0,13.88,13.95,13.97,-0.02,-0.14,13597.68,18964.479,0.176,0.69,13.96,15416.84,13.98,16522.2267,14.015,16938.7675,14.042,18411.828,14.0687,17021.42,14.071,18610.086,14.14,18569.0687,14.183,20169.268
415,20171215,600064.SH,14.02,14.04,13.96,13.97,14.02,-0.05,-0.36,17236.0,24112.799,0.2231,0.91,13.995,17984.5,14.0367,18052.4633,14.065,19615.365,14.082,19616.526,14.0912,17796.27,14.089,19302.535,14.1513,18983.09,14.2,20665.8665
416,20171214,600064.SH,14.14,14.14,14.0,14.02,14.12,-0.1,-0.71,18733.0,26329.629,0.2425,1.08,14.07,18460.695,14.0967,20408.4867,14.11,20211.6575,14.114,18853.044,14.0987,19408.3975,14.119,19192.363,14.1713,18778.4647,14.2085,21880.4395
417,20171213,600064.SH,14.15,14.21,14.06,14.12,14.15,-0.03,-0.21,18188.39,25668.931,0.2355,1.03,14.135,21246.23,14.14,20704.5433,14.1375,18883.055,14.122,17320.936,14.1125,19632.0437,14.145,18774.913,14.184,19120.998,14.2215,22183.602
418,20171212,600064.SH,14.28,14.31,14.14,14.15,14.15,0.0,0.0,24304.07,34529.173,0.3146,1.29,14.15,21962.62,14.1433,19114.61,14.1225,17104.0725,14.124,17642.554,14.1312,19375.28,14.175,19599.149,14.2113,20452.0527,14.234,22299.7005
419,20171211,600064.SH,14.15,14.16,14.1,14.15,14.13,0.02,0.14,19621.17,27742.762,0.254,1.03,14.14,16519.88,14.1133,14704.0733,14.1175,15977.175,14.1,18808.344,14.1475,18157.0837,14.189,18647.689,14.23,20755.0813,14.249,22574.1755
420,20171208,600064.SH,14.05,14.14,14.05,14.13,14.06,0.07,0.5,13418.59,18926.97,0.1737,0.69,14.095,12245.525,14.1067,14762.51,14.0875,18605.1375,14.096,18988.544,14.1812,19008.2812,14.186,18666.372,14.2393,21015.6467,14.27,23511.0475
421,20171207,600064.SH,14.09,14.13,14.03,14.06,14.13,-0.07,-0.5,11072.46,15597.749,0.1433,0.55,14.095,15434.47,14.0733,20333.9867,14.0875,20381.0325,14.124,19531.682,14.2012,19179.6412,14.2,18741.175,14.24,22889.5713,14.293,23860.081
422,20171206,600064.SH,14.03,14.2,14.01,14.13,14.03,0.1,0.71,19796.48,27831.925,0.2563,0.92,14.08,24964.75,14.0967,23483.89,14.14,21646.4875,14.168,20228.89,14.2087,20271.5837,14.215,20021.029,14.2547,23804.4907,14.322,24248.078
423,20171205,600064.SH,14.13,14.16,13.99,14.03,14.13,-0.1,-0.71,30133.02,42425.392,0.3901,1.63,14.08,25327.595,14.1433,22263.1567,14.1775,20336.9925,14.226,21555.744,14.2262,19567.8512,14.255,21856.802,14.2707,23852.0827,14.3435,24543.4985
424,20171204,600064.SH,14.27,14.29,14.13,14.13,14.27,-0.14,-0.98,20522.17,29115.35,0.2657,1.12,14.2,18328.225,14.2267,17071.65,14.275,19411.425,14.278,18487.034,14.2487,18785.0987,14.295,21728.45,14.2987,23829.4527,14.3685,24070.5265
425,20171201,600064.SH,14.24,14.41,14.23,14.27,14.28,-0.01,-0.07,16134.28,23062.486,0.2089,0.9,14.275,15346.39,14.3233,19041.1767,14.315,17978.25,14.276,18344.2,14.2987,20989.1037,14.311,22029.198,14.328,25018.5487,14.386,24325.8945
426,20171130,600064.SH,14.38,14.39,14.21,14.28,14.42,-0.14,-0.97,14558.5,20836.634,0.1885,0.73,14.35,20494.625,14.33,18592.9067,14.2775,18896.68,14.276,17950.668,14.3187,22578.5062,14.298,24568.516,14.3493,25302.8807,14.3945,24901.1875
427,20171129,600064.SH,14.29,14.45,14.15,14.42,14.29,0.13,0.91,26430.75,37768.027,0.3422,1.19,14.355,20610.11,14.2767,20342.74,14.275,18798.71,14.262,19813.168,14.32,23699.9,14.298,25592.291,14.3733,25587.8073,14.4105,25810.5915
428,20171128,600064.SH,14.12,14.3,14.12,14.29,14.12,0.17,1.2,14789.47,21013.757,0.1915,0.59,14.205,17298.735,14.2267,16254.6967,14.2225,18158.7725,14.284,22157.86,14.285,25586.9887,14.293,25000.252,14.3827,25539.4167,14.4305,25890.647
429,20171127,600064.SH,14.27,14.31,14.09,14.12,14.27,-0.15,-1.05,19808.0,28059.491,0.2564,0.77,14.195,16987.31,14.2,19281.8733,14.2825,23999.9575,14.312,24969.866,14.2837,26837.8362,14.309,26500.662,14.3987,25931.6907,14.4575,26676.158
430,20171124,600064.SH,14.22,14.31,14.2,14.27,14.21,0.06,0.42,14166.62,20169.126,0.1834,0.45,14.24,19018.81,14.3367,25397.2767,14.36,26260.3325,14.346,25714.196,14.315,26925.6312,14.354,28355.723,14.4227,26319.7927,14.488,29257.1515
431,20171123,600064.SH,14.55,14.55,14.18,14.21,14.53,-0.32,-2.2,23871.0,34289.365,0.309,0.76,14.37,31012.605,14.39,30291.57,14.365,28601.09,14.32,31186.364,14.3375,28879.0,14.386,28978.987,14.434,27218.0273,14.5355,29912.5045
432,20171122,600064.SH,14.41,14.62,14.37,14.53,14.43,0.1,0.69,38154.21,55417.216,0.4939,1.37,14.48,33501.855,14.4167,30177.7867,14.3475,33015.205,14.334,31371.414,14.3825,30689.9512,14.429,28475.127,14.46,27809.7327,14.5895,30291.04
433,20171121,600064.SH,14.28,14.48,14.25,14.43,14.29,0.14,0.98,28849.5,41546.575,0.3735,1.03,14.36,26189.575,14.2867,31302.2033,14.285,29675.715,14.302,27842.644,14.39,28470.5825,14.432,27230.195,14.4793,27134.9093,14.6215,29364.7315
434,20171120,600064.SH,14.11,14.3,14.1,14.29,14.14,0.15,1.06,23529.65,33364.553,0.3046,0.76,14.215,32528.555,14.2367,29951.12,14.27,27590.93,14.306,28031.458,14.4162,27218.445,14.442,26412.603,14.506,27244.922,14.657,29005.341
435,20171117,600064.SH,14.3,14.37,14.14,14.14,14.28,-0.14,-0.98,41527.46,59152.169,0.5376,1.55,14.21,33161.855,14.2633,28944.69,14.31,29156.91,14.362,30997.25,14.45,27490.35,14.461,26622.591,14.5353,30438.1367,14.701,29182.6835
436,20171116,600064.SH,14.36,14.4,14.27,14.28,14.37,-0.09,-0.63,24796.25,35533.029,0.321,0.97,14.325,22653.305,14.3667,25033.3933,14.4175,28364.6975,14.452,26771.61,14.4987,24883.615,14.491,25233.859,14.6073,29487.8847,14.7505,28161.9475
437,20171115,600064.SH,14.47,14.47,14.35,14.37,14.45,-0.08,-0.55,20510.36,29509.448,0.2655,0.77,14.41,25151.965,14.4633,29554.18,14.495,27265.45,14.524,25578.84,14.5237,24987.775,14.523,26028.892,14.6747,29930.9153,14.7915,28628.489
438,20171114,600064.SH,14.57,14.58,14.4,14.45,14.57,-0.12,-0.82,29793.57,43145.59,0.3857,1.2,14.51,34076.09,14.5367,29517.1467,14.5625,26845.96,14.562,26617.746,14.5325,25878.9975,14.568,26781.042,14.728,29872.094,14.8335,28946.177
439,20171113,600064.SH,14.58,14.69,14.5,14.57,14.59,-0.02,-0.14,38358.61,55940.584,0.4966,1.72,14.58,29378.935,14.6,25863.4233,14.59,25823.79,14.578,24793.748,14.5512,26248.1237,14.606,26851.654,14.774,29329.9687,14.876,28485.2145
440,20171110,600064.SH,14.65,14.68,14.5,14.59,14.64,-0.05,-0.34,20399.26,29752.847,0.2641,0.86,14.615,19615.83,14.5967,21645.5167,14.58,21402.5325,14.56,22247.932,14.5825,24957.28,14.622,30158.58,14.814,28577.828,14.9115,28357.2465
441,20171109,600064.SH,14.53,14.67,14.53,14.64,14.56,0.08,0.55,18832.4,27550.809,0.2438,0.71,14.6,22268.645,14.5767,21736.9567,14.5525,22710.1,14.53,23696.108,14.6125,26219.8337,14.685,30846.022,14.85,28625.3933,14.956,28513.354
442,20171108,600064.SH,14.55,14.69,14.47,14.56,14.53,0.03,0.21,25704.89,37568.724,0.3328,0.95,14.545,23189.235,14.5233,24002.6667,14.5025,24912.035,14.522,26478.944,14.6237,32794.2675,14.75,32106.953,14.8807,29645.0387,14.996,28718.5245
443,20171107,600064.SH,14.5,14.57,14.45,14.53,14.48,0.05,0.35,20673.58,30008.732,0.2676,0.72,14.505,23151.555,14.4833,24647.75,14.5125,26672.4575,14.574,26944.338,14.7063,32990.3662,14.811,31499.268,14.924,29722.3207,15.044,28875.824
444,20171106,600064.SH,14.45,14.5,14.36,14.48,14.44,0.04,0.28,25629.53,37005.135,0.3318,0.67,14.46,26634.835,14.5067,28672.0833,14.585,28512.0275,14.634,28909.56,14.8012,34336.3825,14.872,31598.079,14.9753,29715.7033,15.0925,29388.084
445,20171103,600064.SH,14.6,14.63,14.35,14.44,14.6,-0.16,-1.1,27640.14,40038.363,0.3578,0.73,14.52,30193.36,14.62,29472.86,14.6725,29729.5675,14.684,38069.228,14.8875,33586.1962,14.941,31742.776,15.0287,30393.6847,15.1345,29992.1495
446,20171102,600064.SH,14.82,14.82,14.57,14.6,14.82,-0.22,-1.48,32746.58,47974.479,0.4239,0.87,14.71,30389.22,14.75,30426.0433,14.745,40676.5,14.84,37995.936,14.975,32838.89,15.01,31090.036,15.098,30119.1027,15.1715,29810.226
447,20171101,600064.SH,14.84,14.86,14.79,14.82,14.83,-0.01,-0.07,28031.86,41544.901,0.3629,0.78,14.825,29265.775,14.7933,43319.8067,14.9,39308.275,14.978,37734.962,15.0462,32130.13,15.06,31228.086,15.154,29465.0513,15.1985,29531.839
448,20171031,600064.SH,14.74,14.85,14.7,14.83,14.73,0.1,0.68,30499.69,45063.704,0.3948,0.89,14.78,50963.78,14.9267,43067.08,15.0175,40160.7375,15.048,36054.198,15.085,31265.24,15.099,31111.312,15.2007,29519.6527,15.2185,29493.1855
449,20171030,600064.SH,15.08,15.08,14.72,14.73,15.22,-0.49,-3.22,71427.87,106095.258,0.9247,2.81,14.975,49350.775,15.08,43381.0867,15.1025,37442.825,15.11,34286.598,15.1187,31718.6637,15.146,30118.775,15.2453,29547.592,15.237,29138.147
450,20171027,600064.SH,15.32,15.37,15.2,15.22,15.29,-0.07,-0.46,27273.68,41725.288,0.3531,1.13,15.255,29357.695,15.2267,26114.4767,15.205,25001.28,15.198,25416.324,15.1787,26148.195,15.201,26555.913,15.2847,27299.79,15.2595,28286.4625
451,20171026,600064.SH,15.21,15.35,15.15,15.29,15.17,0.12,0.79,31441.71,47985.85,0.407,1.27,15.23,25534.875,15.2,24243.8133,15.1925,24951.985,15.18,24184.136,15.1887,25310.775,15.227,26180.686,15.282,27081.656,15.2715,28968.833
452,20171025,600064.SH,15.18,15.22,15.11,15.17,15.14,0.03,0.2,19628.04,29787.487,0.2541,0.75,15.155,20644.865,15.16,22788.7433,15.1525,22369.7425,15.142,24721.21,15.1875,25855.4675,15.242,25330.096,15.272,26797.4647,15.2855,29964.8325
453,20171024,600064.SH,15.15,15.22,15.1,15.14,15.17,-0.03,-0.2,21661.69,32805.596,0.2804,0.83,15.155,24369.095,15.1467,23283.6433,15.135,25994.5025,15.15,26168.426,15.2262,26342.1387,15.277,26252.38,15.2753,27306.1813,15.316,31877.1025
454,20171023,600064.SH,15.12,15.25,15.12,15.17,15.13,0.04,0.26,27076.5,41119.846,0.3505,0.98,15.15,24094.62,15.1333,27438.7733,15.1525,27295.11,15.182,25950.952,15.2637,26501.4037,15.313,27178.089,15.2793,27421.9967,15.35,36217.102
455,20171020,600064.SH,15.08,15.17,15.01,15.13,15.1,0.03,0.2,21112.74,31868.798,0.2733,0.75,15.115,27619.91,15.1467,27367.98,15.185,25669.565,15.204,27695.502,15.3075,26723.2012,15.328,28241.523,15.28,29243.1753,15.3755,37381.1
456,20171019,600064.SH,15.17,15.21,15.04,15.1,15.21,-0.11,-0.72,34127.08,51535.101,0.4418,1.32,15.155,30495.6,15.2033,27188.5067,15.2225,29341.1925,15.274,28177.236,15.3537,27948.9562,15.333,28530.416,15.302,30563.732,15.4025,40769.8785
457,20171018,600064.SH,15.31,15.34,15.18,15.21,15.3,-0.09,-0.59,26864.12,40999.287,0.3478,1.02,15.255,23719.22,15.2633,27745.8967,15.3175,26689.775,15.342,25938.982,15.3812,28396.9262,15.337,27835.592,15.3333,31712.7067,15.422,40846.68
458,20171017,600064.SH,15.25,15.35,15.25,15.3,15.28,0.02,0.13,20574.32,31465.458,0.2663,0.72,15.29,28186.785,15.3533,26631.66,15.375,25707.6975,15.404,26336.334,15.3775,28039.12,15.338,27875.059,15.3713,33779.9947,15.4385,41224.771
459,20171016,600064.SH,15.55,15.55,15.27,15.28,15.48,-0.2,-1.29,35799.25,54971.507,0.4634,1.24,15.38,29660.33,15.4,27418.8233,15.43,27776.8375,15.444,28405.226,15.3575,28864.685,15.328,28157.519,15.406,39639.152,15.4515,42743.5295
460,20171013,600064.SH,15.41,15.5,15.39,15.48,15.44,0.04,0.26,23521.41,36357.547,0.3045,0.81,15.46,23228.61,15.48,25102.7,15.485,26556.72,15.452,28787.544,15.35,27797.1275,15.318,30017.012,15.4327,40609.6327,15.464,42720.832
461,20171012,600064.SH,15.52,15.56,15.4,15.44,15.52,-0.08,-0.52,22935.81,35483.155,0.2969,0.77,15.48,25893.345,15.4867,27568.49,15.445,30104.0775,15.392,28883.596,15.315,27781.8162,15.316,31756.98,15.4453,44967.426,15.465,43657.8075
462,20171011,600064.SH,15.51,15.59,15.46,15.52,15.5,0.02,0.13,28850.88,44826.944,0.3735,0.98,15.51,29884.83,15.4467,32493.5,15.38,30370.5425,15.332,29732.202,15.2825,31714.1125,15.329,34599.569,15.4487,45815.9127,15.4695,45958.5045
463,20171010,600064.SH,15.39,15.51,15.34,15.5,15.32,0.18,1.17,30918.78,47690.295,0.4003,1.11,15.41,34314.81,15.3333,30877.0967,15.285,29952.5325,15.272,29413.784,15.275,33222.8887,15.355,37501.825,15.45,46187.5833,15.4725,46958.0725
464,20171009,600064.SH,15.42,15.47,15.31,15.32,15.18,0.14,0.92,37710.84,58035.334,0.4882,1.21,15.25,30856.255,15.2133,29630.45,15.215,29037.535,15.212,27909.812,15.2837,35778.2537,15.387,45256.115,15.454,47522.964,15.4835,47819.0895
465,20170929,600064.SH,15.14,15.25,15.14,15.18,15.14,0.04,0.26,24001.67,36456.789,0.3107,0.69,15.16,25590.255,15.18,26146.4333,15.185,25459.555,15.184,31246.48,15.3412,38298.5787,15.423,46520.677,15.468,47365.2613,15.499,48056.43
466,20170928,600064.SH,15.24,15.24,15.13,15.14,15.22,-0.08,-0.53,27178.84,41291.174,0.3518,0.69,15.18,27218.815,15.1867,25945.5167,15.185,33057.6825,15.24,34630.364,15.4212,48856.08,15.472,53009.341,15.4893,48582.5447,15.5205,49555.801
467,20170927,600064.SH,15.2,15.28,15.16,15.22,15.2,0.02,0.13,27258.79,41485.73,0.3529,0.6,15.21,25328.855,15.2,35017.2967,15.265,36493.245,15.326,39466.936,15.4887,51753.2825,15.507,53857.768,15.5153,51367.272,15.5475,50109.1825
468,20170926,600064.SH,15.19,15.24,15.15,15.2,15.18,0.02,0.13,23398.92,35534.564,0.3029,0.37,15.19,38896.55,15.28,39571.3967,15.3525,42518.9725,15.438,45589.866,15.545,59456.9725,15.539,54574.483,15.5393,52806.1687,15.5735,50518.757
469,20170925,600064.SH,15.45,15.46,15.12,15.18,15.46,-0.28,-1.81,54394.18,83184.587,0.7042,0.88,15.32,47657.635,15.4033,48892.3233,15.4975,51137.6025,15.562,62602.418,15.5812,60989.9962,15.575,57329.54,15.574,54455.5153,15.6015,51993.2255
470,20170922,600064.SH,15.54,15.54,15.4,15.46,15.57,-0.11,-0.71,40921.09,63249.758,0.5297,0.57,15.515,46141.395,15.6033,50052.0767,15.6575,64654.4775,15.662,61794.874,15.6262,58493.9662,15.61,55424.652,15.604,53659.7467,15.6335,53573.6885
471,20170921,600064.SH,15.75,15.76,15.53,15.57,15.78,-0.21,-1.33,51361.7,80405.676,0.6649,0.75,15.675,54617.57,15.7233,72565.6067,15.7125,67013.32,15.704,71388.318,15.6387,59747.5162,15.614,55558.635,15.614,54530.9467,15.6385,53984.1735
472,20170920,600064.SH,15.76,15.8,15.67,15.78,15.82,-0.04,-0.25,57873.44,91056.379,0.7492,0.91,15.8,83167.56,15.76,72230.5267,15.7375,76394.9725,15.688,68248.6,15.6337,57745.4662,15.61,57317.44,15.6213,53656.598,15.627,53102.82
473,20170919,600064.SH,15.7,15.92,15.65,15.82,15.68,0.14,0.89,108461.68,171811.994,1.4041,2.08,15.75,79409.07,15.7233,82568.8167,15.665,70842.39,15.64,63559.1,15.5987,55793.9012,15.59,56414.32,15.6187,52161.7207,15.611,51947.248
474,20170918,600064.SH,15.7,15.74,15.62,15.68,15.67,0.01,0.06,50356.46,78916.892,0.6519,1.03,15.675,69622.385,15.6133,58302.6267,15.595,52333.455,15.588,52056.662,15.5625,50854.91,15.58,50382.064,15.6147,48456.828,15.5995,48929.0195
475,20170915,600064.SH,15.5,15.76,15.47,15.67,15.49,0.18,1.16,88888.31,139200.404,1.1507,2.24,15.58,62275.71,15.5667,52992.4533,15.565,52481.7125,15.558,49054.43,15.55,50665.6325,15.575,49592.183,15.624,50833.2933,15.5985,49253.137
476,20170914,600064.SH,15.55,15.58,15.46,15.49,15.54,-0.05,-0.32,35663.11,55348.916,0.4617,0.77,15.515,35044.525,15.53,40346.18,15.53,39095.96,15.524,39728.952,15.5563,45571.9837,15.569,46102.261,15.6167,48182.792,15.586,46854.332
477,20170913,600064.SH,15.5,15.56,15.46,15.54,15.56,-0.02,-0.13,34425.94,53392.787,0.4457,0.7,15.55,42687.715,15.5433,40240.2433,15.5325,40745.4125,15.532,46386.28,15.5738,46421.3012,15.588,46360.597,15.6067,48054.2267,15.5855,47702.182
478,20170912,600064.SH,15.54,15.64,15.51,15.56,15.53,0.03,0.19,50949.49,79326.211,0.6596,1.05,15.545,43147.395,15.53,42851.9033,15.53,49376.365,15.54,49269.54,15.5825,48866.695,15.608,46463.031,15.6013,48076.6307,15.584,47878.3935
479,20170911,600064.SH,15.49,15.57,15.46,15.53,15.5,0.03,0.19,35345.3,54852.929,0.4576,0.71,15.515,38803.11,15.52,48851.99,15.535,48849.5525,15.572,48707.466,15.5975,47278.8175,15.628,46656.911,15.6033,47886.472,15.579,47001.489
480,20170908,600064.SH,15.54,15.59,15.45,15.5,15.53,-0.03,-0.19,42260.92,65634.415,0.5471,0.81,15.515,55605.335,15.5367,53350.97,15.5825,52048.0075,15.592,50129.936,15.6238,47291.94,15.657,51722.725,15.612,49319.3727,15.574,47606.27
481,20170907,600064.SH,15.63,15.7,15.52,15.53,15.58,-0.05,-0.32,68949.75,107642.813,0.8926,1.49,15.555,58895.995,15.61,55310.37,15.615,52097.19,15.614,52475.57,15.6563,48620.3612,15.663,52409.712,15.6067,49229.4587,15.5615,49180.698
482,20170906,600064.SH,15.67,15.78,15.57,15.58,15.72,-0.14,-0.89,48842.24,76336.179,0.6323,1.12,15.65,48490.68,15.6433,46479.67,15.635,48357.025,15.644,46334.914,15.6925,50752.0725,15.644,48888.2,15.6033,48140.816,15.5665,48968.3435
483,20170905,600064.SH,15.63,15.78,15.61,15.72,15.63,0.09,0.58,48139.12,75642.398,0.6232,1.08,15.675,45298.385,15.6533,48195.2867,15.66,45708.0825,15.676,43656.522,15.69,50788.1412,15.632,47480.176,15.5987,47414.678,15.5775,49645.3535
484,20170904,600064.SH,15.57,15.67,15.55,15.63,15.61,0.02,0.13,42457.65,66257.451,0.5496,0.8,15.62,48223.37,15.64,44897.7367,15.665,42535.8725,15.684,44606.356,15.6425,48987.58,15.619,47475.975,15.5813,46432.83,15.5835,52848.793
485,20170901,600064.SH,15.72,15.75,15.57,15.61,15.68,-0.07,-0.45,53989.09,84509.731,0.6989,1.03,15.645,46117.78,15.6767,42561.9467,15.6975,45143.5325,15.722,53315.514,15.6213,48025.6237,15.622,48914.091,15.568,46765.048,15.578,54237.4805
486,20170831,600064.SH,15.76,15.76,15.61,15.68,15.74,-0.06,-0.38,38246.47,59921.059,0.4951,0.74,15.71,36848.375,15.7267,42195.0133,15.75,53147.12,15.712,52343.854,15.6188,47289.1262,15.603,47606.403,15.544,48082.4073,15.5705,55887.33
487,20170830,600064.SH,15.74,15.82,15.68,15.74,15.76,-0.02,-0.13,35450.28,55825.249,0.4589,0.69,15.75,44169.285,15.7733,58114.0033,15.72,55868.2,15.644,51441.486,15.6163,49613.1687,15.583,49043.767,15.5407,49846.1533,15.577,59607.177
488,20170829,600064.SH,15.8,15.84,15.61,15.76,15.82,-0.06,-0.38,52888.29,83222.959,0.6847,1.05,15.79,69445.865,15.7133,62674.1733,15.62,55439.2875,15.588,51303.83,15.5763,50295.91,15.56,49293.756,15.5447,51641.6307,15.5725,65479.0675
489,20170828,600064.SH,15.61,15.86,15.59,15.82,15.56,0.26,1.67,86003.44,135515.147,1.1134,1.93,15.69,67567.115,15.5733,56289.62,15.545,50907.715,15.554,50345.594,15.5413,50262.3875,15.53,47346.067,15.55,55596.272,15.58,72174.067
490,20170825,600064.SH,15.35,15.57,15.35,15.56,15.34,0.22,1.43,49130.79,76156.59,0.636,1.15,15.45,41432.71,15.4533,39209.14,15.4875,41431.1325,15.522,44512.668,15.5025,44255.7287,15.491,43489.815,15.53,54544.8027,15.6,84218.604
491,20170824,600064.SH,15.54,15.54,15.32,15.34,15.46,-0.12,-0.78,33734.63,52003.669,0.4367,0.72,15.4,34248.315,15.4633,38864.58,15.5125,43358.1375,15.494,42868.952,15.49,42290.805,15.46,45951.684,15.5233,57068.4887,15.566,83743.5645
492,20170823,600064.SH,15.56,15.61,15.42,15.46,15.59,-0.13,-0.83,34762.0,53878.333,0.45,0.74,15.525,41429.555,15.57,46565.9733,15.5325,45152.5325,15.522,46646.048,15.5013,44004.0912,15.489,49048.487,15.5547,62329.074,15.549,84768.692
493,20170822,600064.SH,15.61,15.73,15.52,15.59,15.66,-0.07,-0.45,48097.11,75041.679,0.6226,1.08,15.625,52467.96,15.5567,48616.0433,15.5375,49617.06,15.532,47283.682,15.475,48877.5262,15.523,51810.531,15.5673,70204.1467,15.5245,84485.7065
494,20170821,600064.SH,15.45,15.67,15.39,15.66,15.42,0.24,1.56,56838.81,88096.399,0.7358,1.34,15.54,48875.51,15.52,50123.71,15.5175,47080.325,15.506,44346.54,15.48,50953.22,15.548,58221.611,15.5887,79450.2247,15.495,85113.2155
495,20170818,600064.SH,15.39,15.46,15.3,15.42,15.48,-0.06,-0.39,40912.21,62974.216,0.5296,0.83,15.45,46766.16,15.47,43827.4967,15.4675,41223.4725,15.46,42466.962,15.4975,51646.1737,15.534,59560.87,15.626,97453.916,15.467,86225.2335
496,20170817,600064.SH,15.5,15.55,15.38,15.48,15.51,-0.03,-0.19,52620.11,81268.407,0.6812,1.02,15.495,45285.14,15.4833,41327.2267,15.47,42855.65,15.426,49034.416,15.55,60558.1362,15.538,64168.257,15.59,97368.4353,15.449,87610.441
497,20170816,600064.SH,15.44,15.53,15.36,15.51,15.46,0.05,0.32,37950.17,58631.039,0.4913,0.67,15.485,35680.785,15.4667,39600.83,15.4125,48137.9925,15.456,51450.926,15.555,62759.5475,15.571,70170.587,15.558,97476.24,15.4185,86845.7355
498,20170815,600064.SH,15.45,15.56,15.4,15.46,15.43,0.03,0.19,33411.4,51688.386,0.4325,0.46,15.445,40426.16,15.38,51533.9333,15.4425,54826.115,15.514,56337.38,15.5488,68889.0362,15.585,81664.379,15.522,96886.3813,15.3875,87334.373
499,20170814,600064.SH,15.28,15.52,15.28,15.43,15.25,0.18,1.18,47440.92,73236.574,0.6141,0.62,15.34,60595.2,15.4367,61964.3533,15.5275,62068.875,15.59,72096.682,15.5925,78793.0375,15.63,97002.067,15.4913,98702.1073,15.3435,87389.0765
500,20170811,600064.SH,15.62,15.62,15.22,15.25,15.63,-0.38,-2.43,73749.48,113692.15,0.9547,0.93,15.44,69226.07,15.56,66944.86,15.63,78260.6225,15.608,76654.778,15.62,91973.9337,15.709,124947.393,15.4693,100811.324,15.297,88234.2425
501,20170810,600064.SH,15.8,15.93,15.53,15.63,15.8,-0.17,-1.08,64702.66,101678.443,0.8376,0.73,15.715,63542.55,15.7567,79764.3367,15.6975,77381.1025,15.65,79302.098,15.7025,106103.7837,15.672,121535.445,15.4567,100469.116,15.278,86334.828
502,20170809,600064.SH,15.79,15.89,15.66,15.8,15.84,-0.04,-0.25,62382.44,98499.386,0.8076,0.58,15.82,87295.175,15.72,81607.25,15.655,82951.9575,15.686,88890.248,15.7763,138877.7237,15.609,120488.897,15.406,98644.0053,15.2365,85045.825
503,20170808,600064.SH,15.59,15.92,15.52,15.84,15.52,0.32,2.06,112207.91,177499.74,1.4526,0.92,15.68,91219.655,15.6067,89808.4633,15.6575,95517.2,15.656,106991.378,15.6613,136033.6687,15.526,117160.882,15.3453,97666.704,15.181,84487.1475
504,20170807,600064.SH,15.51,15.72,15.47,15.52,15.46,0.06,0.39,70231.4,109600.62,0.9092,0.41,15.49,78608.74,15.5967,89953.63,15.61,105687.245,15.67,121907.452,15.5563,128787.3275,15.442,112004.82,15.2613,92486.5413,15.129,82092.777
505,20170804,600064.SH,15.8,15.8,15.45,15.46,15.81,-0.35,-2.21,86986.08,135989.319,1.1261,0.53,15.635,99814.745,15.64,117505.86,15.7075,134826.465,15.81,173240.008,15.4875,123646.1887,15.4,112889.597,15.1933,92094.064,15.1025,80631.4095
506,20170803,600064.SH,15.62,15.91,15.59,15.81,15.65,0.16,1.02,112643.41,177638.569,1.4582,0.74,15.73,132765.75,15.79,150773.26,15.8975,194803.49,15.694,163768.792,15.43,120353.84,15.36,111052.625,15.154,88679.0713,15.0835,77269.031
507,20170802,600064.SH,15.94,16.06,15.56,15.65,15.91,-0.26,-1.63,152888.09,241342.503,1.9792,1.2,15.78,169838.185,15.9267,222190.1833,15.665,176550.1375,15.532,152087.546,15.3413,116158.31,15.266,103520.884,15.0867,83764.3507,15.0475,72898.123
508,20170801,600064.SH,16.0,16.14,15.83,15.91,16.22,-0.31,-1.91,186788.28,297824.257,2.4181,1.83,16.065,256841.23,15.67,184437.4867,15.5025,151887.41,15.396,127330.386,15.2675,105624.3437,15.19,93004.367,15.0227,76985.7373,15.023,66843.3565
509,20170731,600064.SH,15.35,16.36,15.35,16.22,14.88,1.34,9.01,326894.18,519063.209,4.2318,6.22,15.55,183262.09,15.3667,140253.7867,15.2675,112465.9125,15.214,102102.188,15.1375,86941.5587,15.057,77776.086,14.9487,68821.2187,14.979,59114.9925
510,20170728,600064.SH,15.02,15.04,14.86,14.88,15.0,-0.12,-0.8,39630.0,59227.158,0.513,0.68,14.94,46933.59,14.95,40989.8233,14.9625,45904.19,14.99,52539.186,14.9713,52045.1512,14.885,51521.092,14.8667,49761.8767,14.9245,43805.857
511,20170727,600064.SH,14.99,15.06,14.88,15.0,14.97,0.03,0.2,54237.18,81127.67,0.7021,0.99,14.985,41669.735,14.99,47995.5867,15.0175,55766.4825,15.026,58336.458,14.9338,51404.585,14.884,51134.211,14.88,48435.7773,14.9355,43172.065
512,20170726,600064.SH,14.94,15.01,14.87,14.97,15.0,-0.03,-0.2,29102.29,43470.493,0.3767,0.5,14.985,44874.79,15.0233,56276.25,15.0325,59361.2775,15.0,54954.222,14.8713,52667.9675,14.864,49602.753,14.886,46501.6487,14.9385,41519.624
513,20170725,600064.SH,15.09,15.18,14.83,15.0,15.1,-0.1,-0.66,60647.29,90734.373,0.7851,1.13,15.05,69863.23,15.0533,69447.6067,15.0075,61417.205,14.984,58678.348,14.8588,53500.33,14.836,51813.413,14.8987,46681.0133,14.9405,41532.3955
514,20170724,600064.SH,15.06,15.3,15.03,15.1,15.06,0.04,0.27,79079.17,120046.274,1.0237,1.57,15.08,73847.765,15.01,61673.8433,14.98,58186.1125,14.9,53449.984,14.8338,50784.7437,14.816,52180.734,14.9007,44785.9273,14.9455,40290.0635
515,20170721,600064.SH,14.87,15.13,14.81,15.06,14.87,0.19,1.28,68616.36,102633.387,0.8883,1.56,14.965,52971.18,14.94,51221.76,14.85,47042.6875,14.78,50502.998,14.7825,47300.9587,14.805,48373.222,14.9027,40894.7473,14.942,38589.9385
516,20170720,600064.SH,14.83,14.99,14.83,14.87,14.89,-0.02,-0.13,37326.0,55678.441,0.4832,0.84,14.88,42524.46,14.78,39851.4633,14.71,45974.6575,14.742,43931.964,14.75,46763.9762,14.807,43485.437,14.9053,38117.2673,14.932,36884.5325
517,20170719,600064.SH,14.59,14.9,14.52,14.89,14.58,0.31,2.13,47722.92,70416.762,0.6178,1.06,14.735,41114.195,14.6567,48857.5433,14.71,45583.455,14.728,44251.284,14.765,47223.7325,14.829,42275.362,14.918,37041.4247,14.933,37990.363
518,20170718,600064.SH,14.45,14.66,14.44,14.58,14.5,0.08,0.55,34505.47,50161.663,0.4467,0.68,14.54,49424.855,14.65,44870.3,14.6875,43383.375,14.688,44948.478,14.7888,43725.6812,14.856,40682.346,14.926,35817.078,14.9335,37553.3105
519,20170717,600064.SH,14.86,14.94,14.42,14.5,14.87,-0.37,-2.49,64344.24,94512.557,0.833,1.39,14.685,50052.715,14.7233,46342.6767,14.715,47559.23,14.732,50911.484,14.8525,42565.6537,14.901,40453.899,14.9607,35903.4233,14.9455,36989.44
520,20170714,600064.SH,14.78,14.96,14.74,14.87,14.8,0.07,0.47,35761.19,53157.258,0.4629,0.83,14.835,37341.895,14.7867,41964.2267,14.79,47553.295,14.83,46243.446,14.935,38496.7187,14.964,36090.622,14.996,34618.9187,14.962,34874.1625
521,20170713,600064.SH,14.69,14.82,14.64,14.8,14.69,0.11,0.75,38922.6,57306.858,0.5039,0.97,14.745,45065.745,14.7633,51483.9967,14.82,48864.01,14.872,43038.91,14.955,38054.195,14.987,35209.919,14.9953,34535.3887,14.9545,34686.787
522,20170712,600064.SH,14.8,14.87,14.63,14.69,14.8,-0.11,-0.74,51208.89,75437.774,0.6629,1.41,14.745,57764.695,14.8267,52177.8133,14.89,44067.9875,14.93,40299.44,14.9963,35777.8037,15.013,33436.495,15.0013,35903.3893,14.9585,34671.9995
523,20170711,600064.SH,14.95,14.98,14.78,14.8,14.99,-0.19,-1.27,64320.5,95523.839,0.8327,2.14,14.895,52662.275,14.9567,41687.6867,14.99,37572.0775,15.024,36416.214,15.0475,32745.9625,15.045,31251.378,15.0153,35088.2547,14.987,33800.8885
524,20170710,600064.SH,15.09,15.12,14.98,14.99,15.08,-0.09,-0.6,41004.05,61664.31,0.5308,1.58,15.035,30371.28,15.0533,28655.9367,15.08,29440.1425,15.07,29996.314,15.08,27354.445,15.075,28399.393,15.0167,32348.7587,15.009,31859.487
525,20170707,600064.SH,15.06,15.13,15.0,15.08,15.09,-0.01,-0.07,19738.51,29735.036,0.2555,0.72,15.085,22481.88,15.11,25585.5067,15.09,27244.38,15.098,25937.798,15.0825,25898.6537,15.079,28806.655,15.006,31084.4013,15.015,31445.2865
526,20170706,600064.SH,15.16,15.17,15.03,15.09,15.16,-0.07,-0.46,25225.25,38109.149,0.3266,0.95,15.125,28509.005,15.0933,29746.3367,15.1025,27487.62,15.102,27380.928,15.085,27906.4212,15.057,30283.628,14.982,31902.746,15.0215,32194.6765
527,20170705,600064.SH,15.03,15.18,14.99,15.16,15.03,0.13,0.86,31792.76,48049.186,0.4116,1.22,15.095,32006.88,15.1067,28241.7433,15.105,27919.8475,15.096,26573.55,15.0775,30387.8487,15.037,33705.364,14.968,32796.186,15.026,32769.7385
528,20170704,600064.SH,15.13,15.16,14.99,15.03,15.13,-0.1,-0.66,32221.0,48477.905,0.4171,1.2,15.08,26466.235,15.0867,26628.8767,15.08,25268.7475,15.066,26086.542,15.04,30727.2837,15.011,34424.275,14.9747,32929.1133,15.0255,33751.6135
529,20170703,600064.SH,15.15,15.15,15.02,15.13,15.1,0.03,0.2,20711.47,31232.94,0.2681,0.65,15.115,23832.815,15.0967,22951.33,15.075,24552.9275,15.08,26802.472,15.0225,34129.985,14.99,33524.981,14.9887,32480.5447,15.022,33527.615
530,20170630,600064.SH,15.06,15.13,15.01,15.1,15.06,0.04,0.27,26954.16,40701.463,0.3489,0.81,15.08,24071.26,15.0567,25833.4133,15.0675,28325.2225,15.06,31675.512,14.9938,36413.785,14.96,33657.703,14.9873,33281.116,15.016,33925.257
531,20170629,600064.SH,15.05,15.13,15.0,15.06,15.01,0.05,0.33,21188.36,31950.009,0.2743,0.52,15.035,25273.04,15.0567,28782.2433,15.05,32855.85,15.012,33186.328,14.9588,35948.0225,14.922,34163.655,14.9947,33799.2593,15.0095,34512.641
532,20170628,600064.SH,15.1,15.1,14.99,15.01,15.1,-0.09,-0.6,29357.72,44124.877,0.38,0.69,15.055,32579.185,15.0467,36745.0133,15.0,36185.82,14.978,40837.178,14.93,36054.3137,14.904,35907.504,15.0027,34835.1347,14.9935,34858.572
533,20170627,600064.SH,15.04,15.13,15.02,15.1,15.03,0.07,0.47,35800.65,53970.526,0.4635,0.89,15.065,40438.66,14.9967,38461.8533,14.97,43707.0425,14.956,42762.008,14.8938,36386.3087,14.929,36350.399,15.012,36306.6373,14.9925,35103.925
534,20170626,600064.SH,14.83,15.06,14.82,15.03,14.86,0.17,1.14,45076.67,67442.855,0.5835,1.26,14.945,39792.455,14.9267,46342.5067,14.92,44502.3475,14.9,40247.49,14.8663,36739.5837,14.943,35319.581,15.0027,35769.3293,14.9865,34891.6855
535,20170623,600064.SH,14.88,14.9,14.71,14.86,14.89,-0.03,-0.2,34508.24,51133.768,0.4467,0.98,14.875,46975.425,14.8833,44310.9067,14.8675,39040.195,14.86,35639.894,14.895,35328.3337,14.951,34083.918,15.0013,34675.172,14.9825,34844.05
536,20170622,600064.SH,14.92,15.11,14.86,14.89,14.9,-0.01,-0.07,59442.61,89004.095,0.7695,1.92,14.895,49212.24,14.87,40550.8467,14.86,35922.8075,14.832,35140.982,14.9425,34201.3625,14.986,34105.725,15.0087,34954.7453,14.9695,34507.9715
537,20170621,600064.SH,14.82,14.92,14.82,14.9,14.82,0.08,0.54,38981.87,58026.835,0.5046,1.3,14.86,31104.965,14.85,28082.8733,14.8175,29065.575,14.83,30977.83,14.97,30861.0412,15.015,31834.113,14.9987,32865.7033,14.9515,33089.907
538,20170620,600064.SH,14.82,14.9,14.77,14.82,14.83,-0.01,-0.07,23228.06,34494.901,0.3007,0.76,14.825,22633.375,14.79,25760.1433,14.8125,28976.82,14.902,29938.79,15.0088,30329.0962,15.04,33078.952,15.0047,32551.2307,14.941,32459.509
539,20170619,600064.SH,14.79,14.92,14.74,14.83,14.72,0.11,0.75,22038.69,32657.362,0.2853,0.68,14.775,27026.185,14.81,30893.0733,14.9225,31616.4725,14.986,30391.672,15.0538,32016.4,15.054,33530.249,15.0153,33106.4173,14.942,32214.963
540,20170616,600064.SH,14.9,14.92,14.7,14.72,14.88,-0.16,-1.08,32013.68,47325.603,0.4144,0.97,14.8,35320.265,14.9533,34809.0667,15.025,32479.9175,15.042,32527.942,15.0938,35690.3462,15.072,34192.811,15.0233,34578.7687,14.9435,32651.5735
541,20170615,600064.SH,14.89,14.97,14.86,14.88,14.86,0.02,0.13,38626.85,57607.662,0.5,1.18,15.07,36206.76,15.1267,32635.33,15.1225,32656.5075,15.14,33070.468,15.1238,35156.265,15.097,34861.627,15.0153,34296.968,14.96,32665.2705
542,20170614,600064.SH,15.17,15.3,15.17,15.26,15.24,0.02,0.13,33786.67,51564.631,0.4374,0.93,15.25,29639.57,15.2033,30666.3933,15.205,31681.3725,15.2,32690.396,15.14,33910.9475,15.083,33809.64,14.992,33793.9327,14.9695,32905.02
543,20170613,600064.SH,15.05,15.24,15.05,15.24,15.11,0.13,0.86,25492.47,38703.953,0.33,0.7,15.175,29106.255,15.1867,30979.6067,15.185,32416.3275,15.178,36219.114,15.1038,34525.3437,15.056,33857.451,14.954,33299.7487,14.956,32204.3805
544,20170612,600064.SH,15.17,15.26,15.08,15.11,15.21,-0.1,-0.66,32720.04,49680.071,0.4236,0.91,15.16,33723.175,15.1667,34724.28,15.1625,38900.775,15.122,36668.826,15.0413,34852.1575,15.03,34463.79,14.9273,32822.7267,14.9435,32605.9265
545,20170609,600064.SH,15.18,15.25,15.11,15.21,15.18,0.03,0.2,34726.31,52759.0,0.4495,0.95,15.195,35726.4,15.18,40961.02,15.125,37656.0225,15.102,35857.68,15.0263,35045.25,15.014,35604.182,14.9107,32692.784,14.93,33465.6915
546,20170608,600064.SH,15.15,15.25,15.1,15.18,15.15,0.03,0.2,36726.49,55752.452,0.4754,1.05,15.165,44078.375,15.0967,38632.5933,15.075,36140.5225,15.054,36652.786,14.9975,34648.9437,14.953,34910.218,14.9,32530.2047,14.912,33304.957
547,20170607,600064.SH,14.92,15.18,14.92,15.15,14.96,0.19,1.27,51430.26,77555.899,0.6658,1.63,15.055,39585.645,15.04,35945.2,15.0225,36634.36,14.966,34928.884,14.9688,35573.6275,14.888,34345.701,14.8927,32976.5613,14.902,33268.1705
548,20170606,600064.SH,15.04,15.04,14.85,14.96,15.01,-0.05,-0.33,27741.03,41427.64,0.3591,0.86,14.985,28202.67,14.98,31702.3933,14.92,30803.54,14.934,31495.788,14.9,32618.1787,14.842,31840.066,14.882,30866.136,14.8935,32594.574
549,20170605,600064.SH,15.0,15.06,14.94,15.01,14.97,0.04,0.27,28664.31,43006.658,0.3711,0.81,14.99,33683.075,14.9067,31824.3767,14.9275,32434.4775,14.938,32258.754,14.8463,33035.715,14.83,30899.677,14.884,31251.6267,14.9115,32320.0955
550,20170602,600064.SH,14.7,15.05,14.69,14.97,14.74,0.23,1.56,38701.84,57662.836,0.501,1.17,14.855,33404.41,14.9,33691.2,14.92,33157.365,14.926,35350.684,14.8063,32749.415,14.815,31110.336,14.8727,32668.362,14.9345,32249.621
551,20170601,600064.SH,14.95,14.95,14.7,14.74,14.99,-0.25,-1.67,28106.98,41643.042,0.3639,0.83,14.865,31185.88,14.9033,31309.2067,14.915,34512.895,14.852,33167.65,14.79,30203.8275,14.823,30468.914,14.8647,32189.014,14.955,32150.38
552,20170531,600064.SH,15.12,15.23,14.94,14.99,14.98,0.01,0.07,34264.78,51485.425,0.4436,1.06,14.985,32910.32,14.9733,36648.2,14.88,34432.8175,14.81,33762.518,14.805,30536.8175,14.856,32000.4,14.8807,32714.5993,14.996,35139.1405
553,20170526,600064.SH,14.94,15.09,14.92,14.98,14.95,0.03,0.2,31555.86,47303.115,0.4085,1.07,14.965,37839.91,14.8433,34488.83,14.765,33636.9525,14.75,32184.344,14.8125,30289.6725,14.856,30551.31,14.88,32960.836,15.0545,34866.985
554,20170525,600064.SH,14.59,15.06,14.5,14.95,14.6,0.35,2.4,44123.96,65455.595,0.5712,1.64,14.775,35955.315,14.6933,34330.65,14.6925,32341.465,14.722,29540.6,14.8238,31772.92,14.857,30748.063,14.9027,32340.5427,15.1165,35641.312
555,20170524,600064.SH,14.48,14.61,14.32,14.6,14.53,0.07,0.48,27786.67,40262.667,0.3597,1.0,14.565,29433.995,14.6067,28413.9667,14.665,25894.76,14.704,26869.988,14.8288,28729.16,14.846,31327.201,14.9373,31215.9333,15.182,34907.3305
556,20170523,600064.SH,14.65,14.79,14.48,14.53,14.69,-0.16,-1.09,31081.32,45401.237,0.4024,1.03,14.61,28727.615,14.6867,25264.1233,14.73,26640.8175,14.794,27770.178,14.8775,29446.25,14.871,31699.696,14.9893,31811.29,15.269,35141.615
557,20170522,600064.SH,14.8,14.95,14.66,14.69,14.84,-0.15,-1.01,26373.91,39065.423,0.3414,0.91,14.765,22355.525,14.7967,25160.65,14.86,26942.3925,14.902,30238.282,14.9163,31800.5025,14.916,32190.64,15.058,35598.0147,15.3715,36905.857
558,20170519,600064.SH,14.86,14.93,14.8,14.84,14.86,-0.02,-0.13,18337.14,27222.958,0.2374,0.57,14.85,24554.02,14.9167,27131.8867,14.955,31204.375,14.962,28918.276,14.9363,32442.7162,14.945,33349.082,15.156,35761.1987,15.467,37626.359
559,20170518,600064.SH,14.97,14.98,14.83,14.86,15.05,-0.19,-1.26,30770.9,45839.406,0.3983,0.86,14.955,31529.26,14.9933,35493.4533,14.9925,31563.56,14.992,31955.526,14.9538,34649.4187,14.993,33740.514,15.248,37674.8827,15.551,38990.0835
560,20170517,600064.SH,15.03,15.16,15.03,15.05,15.07,-0.02,-0.13,32287.62,48725.05,0.418,0.91,15.06,37854.73,15.0367,31827.78,15.025,32251.6825,14.988,35784.414,14.9688,35547.8475,15.054,33388.906,15.3413,37586.4447,15.637,41454.853
561,20170516,600064.SH,15.0,15.08,14.8,15.07,14.99,0.08,0.53,43421.84,64785.754,0.5621,1.27,15.03,31597.86,15.0167,32239.7033,14.9725,36658.6125,14.948,35629.214,15.0025,34293.3275,15.087,33831.846,15.4273,37598.7607,15.7135,43202.6305
562,20170515,600064.SH,14.96,15.09,14.96,14.99,14.99,0.0,0.0,19773.88,29707.734,0.256,0.52,14.99,26648.635,14.94,34404.2033,14.9175,33681.0575,14.93,34142.998,15.0525,32272.45,15.136,38277.881,15.528,39128.382,15.7985,44501.415
563,20170512,600064.SH,14.81,15.07,14.79,14.99,14.84,0.15,1.01,33523.39,50091.79,0.434,0.94,14.915,41719.365,14.8933,38316.7833,14.915,37735.2775,14.928,37779.888,15.1013,34390.3425,15.253,39182.66,15.6353,40529.0533,15.897,48710.71
564,20170511,600064.SH,14.78,14.9,14.59,14.84,14.85,-0.01,-0.07,49915.34,73630.0,0.6462,1.61,14.845,40713.48,14.89,39139.24,14.9125,38844.0125,14.994,35525.502,15.1725,41185.1925,15.376,40534.561,15.7373,41334.936,15.9965,50675.9735
565,20170510,600064.SH,14.98,15.14,14.85,14.85,14.98,-0.13,-0.87,31511.62,47355.119,0.4079,0.98,14.915,33751.19,14.9367,35153.57,15.0325,31928.0425,15.12,30993.398,15.3375,38548.4837,15.518,38487.46,15.8533,43344.9993,16.094,50276.9815
566,20170509,600064.SH,14.97,15.11,14.88,14.98,14.98,0.0,0.0,35990.76,53960.305,0.4659,0.85,14.98,36974.545,15.0933,32066.85,15.1875,30863.8425,15.226,32034.478,15.5088,40489.8312,15.667,38583.534,15.9687,45727.1027,16.1905,51837.3465
567,20170508,600064.SH,15.21,15.31,14.96,14.98,15.32,-0.34,-2.22,37958.33,57375.223,0.4914,0.94,15.15,30104.895,15.2567,29154.87,15.2875,31045.4075,15.342,42412.764,15.6688,39671.5275,15.827,41621.074,16.088,47954.2207,16.271,54183.171
568,20170505,600064.SH,15.45,15.45,15.3,15.32,15.47,-0.15,-0.97,22251.46,34209.155,0.2881,0.49,15.395,24753.14,15.39,28741.1,15.4325,43526.3725,15.578,40585.432,15.8388,38985.7812,15.989,41903.636,16.22,52354.3173,16.3635,54858.2535
569,20170504,600064.SH,15.38,15.55,15.38,15.47,15.38,0.09,0.59,27254.82,42190.129,0.3528,0.59,15.425,31985.92,15.47,50618.01,15.6425,45168.925,15.758,45543.62,15.9963,44500.1187,16.109,44239.653,16.3307,55726.1307,16.438,56781.5915
570,20170503,600064.SH,15.56,15.59,15.35,15.38,15.56,-0.18,-1.16,36717.02,56778.124,0.4753,0.81,15.47,62299.605,15.7,51140.2933,15.83,50115.82,15.916,45981.522,16.1375,46191.26,16.22,49520.8,16.4187,56704.8427,16.507,60182.2155
571,20170502,600064.SH,15.85,15.89,15.5,15.56,16.16,-0.6,-3.71,87882.19,137699.507,1.1377,2.15,15.86,58351.93,15.98,54582.0867,16.05,48297.6475,16.108,45132.59,16.28,47303.0862,16.34,52573.415,16.512,58438.3027,16.5715,62125.487
572,20170428,600064.SH,16.16,16.27,16.13,16.16,16.22,-0.06,-0.37,28821.67,46714.262,0.3731,0.67,16.19,37932.035,16.2133,35102.8,16.245,34445.19,16.312,40829.384,16.4075,46326.0987,16.461,50724.949,16.5807,58106.64,16.6285,69374.6995
573,20170427,600064.SH,16.26,16.26,16.03,16.22,16.26,-0.04,-0.25,47042.4,75849.742,0.609,1.1,16.24,38243.365,16.2733,36319.6967,16.35,43831.3125,16.4,43221.84,16.46,51128.7862,16.541,58238.76,16.6253,59615.8607,16.704,72811.8585
574,20170426,600064.SH,16.36,16.46,16.25,16.26,16.34,-0.08,-0.49,29444.33,48167.791,0.3812,0.55,16.3,30958.345,16.3933,42760.95,16.445,42266.7,16.46,42935.686,16.5288,53923.1775,16.617,60817.386,16.6647,60527.582,16.7795,73840.8
575,20170425,600064.SH,16.49,16.57,16.31,16.34,16.58,-0.24,-1.45,32472.36,53397.461,0.4204,0.54,16.46,49419.26,16.5067,46540.8233,16.51,46308.525,16.524,53060.078,16.6163,63237.6087,16.67,62066.503,16.704,64915.78,16.8465,76807.826
576,20170424,600064.SH,16.49,16.6,16.18,16.58,16.6,-0.02,-0.12,66366.16,108562.791,0.8591,1.09,16.59,53575.055,16.5667,50920.58,16.57,58207.0075,16.572,60014.24,16.6963,68282.1462,16.714,65091.159,16.726,67789.786,16.922,80756.7865
577,20170421,600064.SH,16.53,16.63,16.39,16.6,16.52,0.08,0.48,40783.95,67319.952,0.528,0.56,16.56,43197.79,16.5667,55487.29,16.57,58426.26,16.61,60620.514,16.7225,65228.3137,16.715,66745.268,16.734,78889.8047,16.9745,81795.248
578,20170420,600064.SH,16.58,16.58,16.34,16.52,16.58,-0.06,-0.36,45611.63,74959.036,0.5905,0.58,16.55,62838.96,16.56,64307.03,16.6125,65579.655,16.682,73255.68,16.745,67970.185,16.738,67812.871,16.8053,82675.198,17.0295,85846.7275
579,20170419,600064.SH,16.5,16.61,16.3,16.58,16.58,0.0,0.0,80066.29,131444.952,1.0365,1.13,16.58,73654.73,16.6433,72235.6633,16.7225,80166.6925,16.774,78699.086,16.7538,72632.1375,16.767,69323.53,16.886,84142.5047,17.081,86647.8875
580,20170418,600064.SH,16.68,16.9,16.56,16.58,16.77,-0.19,-1.13,67243.17,112306.207,0.8705,0.96,16.675,68320.35,16.77,80200.16,16.8225,78357.285,16.816,71072.928,16.785,69056.3487,16.794,70843.631,16.954,84723.742,17.121,85165.584
581,20170417,600064.SH,16.88,16.88,16.6,16.77,16.96,-0.19,-1.12,69397.53,115839.816,0.8984,0.95,16.865,86678.655,16.9033,82061.99,16.875,72030.3675,16.856,70168.078,16.8138,68240.73,16.803,71677.559,17.0387,87670.9687,17.1505,85323.5315
582,20170414,600064.SH,17.08,17.25,16.91,16.96,16.98,-0.02,-0.12,103959.78,177563.309,1.3458,1.67,16.97,88394.22,16.91,72907.98,16.8775,70360.715,16.82,72870.022,16.8238,71474.4512,16.796,88024.45,17.096,88853.4927,17.183,85241.015
583,20170413,600064.SH,16.73,17.15,16.73,16.98,16.79,0.19,1.13,72828.66,123416.309,0.9428,1.21,16.885,57382.08,16.85,59161.0267,16.785,65097.5825,16.794,62370.062,16.7875,67927.285,16.867,87384.957,17.1453,90043.7433,17.202,81977.392
584,20170412,600064.SH,16.72,16.86,16.69,16.79,16.78,0.01,0.06,41935.5,70344.175,0.5429,0.59,16.785,52327.21,16.72,62520.5567,16.7475,59755.4125,16.76,59947.974,16.7525,87932.0075,16.942,86864.214,17.1833,89297.488,17.2185,80572.45
585,20170411,600064.SH,16.55,16.84,16.5,16.78,16.59,0.19,1.15,62718.92,104526.641,0.8119,0.86,16.685,72813.085,16.7333,65695.3833,16.7525,64451.0925,16.772,70614.334,16.8625,94885.6762,17.023,91549.149,17.2227,89863.136,17.243,80802.356
586,20170410,600064.SH,16.82,16.83,16.57,16.59,16.83,-0.24,-1.43,82907.25,138363.373,1.0733,0.8,16.71,67183.615,16.7433,65028.4833,16.77,72588.1875,16.75,73187.04,16.9813,95498.465,17.13,96422.414,17.2487,90375.3493,17.264,79362.6765
587,20170407,600064.SH,16.83,16.84,16.74,16.83,16.81,0.02,0.12,51459.98,86388.417,0.6662,0.46,16.82,56089.1,16.83,69148.5,16.79,70756.9875,16.772,103178.878,17.1075,96233.165,17.234,96845.228,17.304,89364.6793,17.2955,78366.614
588,20170406,600064.SH,16.88,16.88,16.76,16.81,16.85,-0.04,-0.24,60718.22,102068.943,0.786,0.53,16.83,77992.76,16.7767,77189.3233,16.7575,116108.6025,16.94,112399.852,17.235,103732.1137,17.321,103880.584,17.338,88513.1687,17.322,77932.299
589,20170405,600064.SH,16.7,16.96,16.7,16.85,16.67,0.18,1.08,95267.3,160545.264,1.2333,0.85,16.76,85424.875,16.74,134572.0633,16.9725,125320.26,17.124,113780.454,17.3375,107034.26,17.395,103972.245,17.3713,87447.2753,17.351,77908.268
590,20170331,600064.SH,16.68,16.78,16.58,16.67,16.7,-0.03,-0.18,75582.45,126142.802,0.9784,0.63,16.685,154224.445,17.0133,135337.9133,17.1925,118408.7425,17.274,112483.964,17.4438,110352.54,17.448,99487.537,17.4,84198.3633,17.3835,75348.465
591,20170330,600064.SH,17.2,17.27,16.62,16.7,17.67,-0.97,-5.49,232866.44,393102.417,3.0146,2.57,17.185,165215.645,17.3667,132684.1733,17.425,121709.3425,17.51,119657.788,17.5538,108609.0875,17.498,98969.504,17.4353,81421.222,17.42,73971.002
592,20170329,600064.SH,17.73,17.86,17.6,17.67,17.73,-0.06,-0.34,97564.85,172918.759,1.263,1.02,17.7,82593.04,17.6667,84656.9767,17.7125,91355.625,17.696,90511.578,17.6388,85803.31,17.57,82457.58,17.47,70095.8593,17.4555,64775.5005
593,20170328,600064.SH,17.69,17.92,17.62,17.73,17.6,0.13,0.74,67621.23,120166.982,0.8754,0.72,17.665,78203.04,17.7267,89285.8833,17.7025,88748.26,17.702,95361.316,17.5763,82407.9687,17.537,76569.827,17.4493,66443.1147,17.447,62185.459
594,20170327,600064.SH,17.87,17.92,17.59,17.6,17.85,-0.25,-1.4,88784.85,157406.049,1.1494,1.03,17.725,100118.21,17.6933,95790.6033,17.695,102296.3375,17.666,94164.036,17.5375,82423.715,17.495,74280.686,17.4267,65950.8727,17.434,60785.997
595,20170324,600064.SH,17.6,17.88,17.57,17.85,17.63,0.22,1.25,111451.57,198145.196,1.4428,1.42,17.74,99293.48,17.7267,106800.1667,17.6825,95508.8325,17.622,86491.11,17.505,76161.5237,17.463,70055.563,17.42,62969.9653,17.424,59484.2145
596,20170323,600064.SH,17.68,17.73,17.39,17.63,17.7,-0.07,-0.4,87135.39,153063.711,1.128,1.17,17.665,104474.465,17.6267,90194.5867,17.565,80250.995,17.486,78281.22,17.4375,67821.305,17.398,62302.939,17.39,58742.0733,17.4155,56513.8655
597,20170322,600064.SH,17.47,17.73,17.44,17.7,17.55,0.15,0.85,121813.54,214724.673,1.5769,2.11,17.625,91724.185,17.5433,77956.1967,17.45,76067.6775,17.444,74403.582,17.3938,62746.0837,17.357,59888.0,17.3753,56196.808,17.4175,56104.662
598,20170321,600064.SH,17.34,17.57,17.33,17.55,17.38,0.17,0.98,61634.83,107683.415,0.7979,1.13,17.465,56027.525,17.3667,60819.0567,17.38,62551.0925,17.372,57778.338,17.3313,51760.0575,17.323,51984.014,17.362,51126.84,17.4225,54081.764
599,20170320,600064.SH,17.2,17.39,17.19,17.38,17.17,0.21,1.22,50420.22,87238.245,0.6527,0.94,17.275,60411.17,17.3233,62856.5133,17.3275,56814.215,17.324,54397.336,17.29,51928.9537,17.307,51844.291,17.3567,49659.984,17.4305,55573.9265
600,20170317,600064.SH,17.45,17.5,17.16,17.17,17.42,-0.25,-1.44,70402.12,122374.337,0.9114,1.52,17.295,69074.66,17.31,58945.5467,17.31,55391.615,17.304,53620.016,17.2875,50973.1362,17.319,51209.393,17.358,50481.916,17.45,61122.812
601,20170316,600064.SH,17.32,17.5,17.32,17.42,17.34,0.08,0.46,67747.2,118099.237,0.877,1.49,17.38,53217.26,17.3567,50388.1133,17.3375,49424.49,17.31,46324.658,17.315,49702.5712,17.342,48972.5,17.392,49258.0807,17.4515,60157.3165
602,20170315,600064.SH,17.31,17.35,17.18,17.34,17.31,0.03,0.17,38687.32,66794.928,0.5008,0.84,17.325,41708.57,17.31,43316.92,17.2825,40969.0225,17.27,45372.418,17.325,46743.0762,17.341,47093.421,17.4087,50005.022,17.4485,59093.6385
603,20170314,600064.SH,17.29,17.4,17.22,17.31,17.28,0.03,0.17,44729.82,77506.798,0.579,0.91,17.295,45631.72,17.2633,41729.59,17.2525,47043.6925,17.274,46189.69,17.3325,47911.31,17.357,47801.091,17.4393,52849.5727,17.441,60171.3135
604,20170313,600064.SH,17.16,17.32,17.07,17.28,17.2,0.08,0.47,46533.62,80177.505,0.6024,0.95,17.24,40229.475,17.2333,47814.9833,17.265,46554.6575,17.29,49291.246,17.345,48439.6337,17.373,47291.308,17.466,55966.1233,17.4415,60291.4865
605,20170310,600064.SH,17.18,17.25,17.15,17.2,17.22,-0.02,-0.12,33925.33,58377.298,0.4392,0.66,17.21,48455.665,17.26,46561.67,17.2925,49980.6525,17.334,48798.77,17.3725,48343.4337,17.385,48912.866,17.4987,63623.744,17.4485,62056.1835
606,20170309,600064.SH,17.34,17.34,17.11,17.22,17.36,-0.14,-0.81,62986.0,108327.797,0.8154,1.29,17.29,52879.84,17.3233,55332.4267,17.3675,52517.13,17.374,51620.342,17.4063,49056.7662,17.433,50724.792,17.4987,64768.2027,17.457,64536.5225
607,20170308,600064.SH,17.39,17.45,17.32,17.36,17.39,-0.03,-0.17,42773.68,74328.013,0.5537,0.87,17.375,51505.64,17.4167,49027.5067,17.4125,48778.9275,17.412,48814.424,17.4288,49027.1662,17.478,52321.324,17.508,63667.3787,17.4635,66482.545
608,20170307,600064.SH,17.51,17.53,17.3,17.39,17.5,-0.11,-0.63,60237.6,104784.765,0.7798,1.33,17.445,52154.42,17.43,50780.6767,17.425,50324.61,17.44,49412.492,17.4688,50186.03,17.522,56179.514,17.4967,64831.8547,17.4525,66313.126
609,20170306,600064.SH,17.41,17.55,17.39,17.5,17.4,0.1,0.57,44071.24,77007.726,0.5705,0.9,17.45,46052.215,17.4367,47020.28,17.4525,46706.215,17.456,45291.37,17.5038,52525.245,17.554,59303.562,17.492,63958.2333,17.44,65736.897
610,20170303,600064.SH,17.36,17.42,17.23,17.4,17.41,-0.01,-0.06,48033.19,83165.679,0.6218,0.96,17.405,48494.8,17.4367,47584.54,17.445,45596.4025,17.436,49026.962,17.5413,57185.7875,17.581,71036.231,17.4867,66475.3213,17.415,65703.4835
611,20170302,600064.SH,17.52,17.55,17.36,17.41,17.5,-0.09,-0.51,48956.41,85450.904,0.6338,0.88,17.455,47360.215,17.46,44784.14,17.445,49275.405,17.492,49829.242,17.58,62616.3987,17.561,71342.133,17.4847,68841.916,17.393,65041.859
612,20170301,600064.SH,17.47,17.62,17.43,17.5,17.47,0.03,0.17,45764.02,80281.117,0.5924,0.73,17.485,42698.005,17.4567,49381.7367,17.5125,50047.45,17.544,55828.224,17.625,76671.5887,17.556,71093.856,17.4807,72371.9187,17.3815,64461.4255
613,20170228,600064.SH,17.39,17.52,17.36,17.47,17.4,0.07,0.4,39631.99,69123.705,0.5131,0.54,17.435,51190.595,17.5167,51475.26,17.555,58344.275,17.604,62946.536,17.5875,77337.6125,17.525,72541.536,17.4567,71946.6707,17.3655,63799.126
614,20170227,600064.SH,17.66,17.74,17.36,17.4,17.68,-0.28,-1.58,62749.2,110203.006,0.8123,0.67,17.54,57396.895,17.5833,64581.7033,17.6375,68775.1725,17.652,73315.754,17.5738,78192.8187,17.51,73291.665,17.4347,72552.0727,17.3525,64516.2415
615,20170224,600064.SH,17.67,17.69,17.53,17.68,17.67,0.01,0.06,52044.59,91641.937,0.6737,0.56,17.675,65497.955,17.7167,70783.83,17.715,75957.3925,17.726,93045.5,17.5475,77879.2712,17.512,75199.501,17.408,71262.324,17.337,63390.5535
616,20170223,600064.SH,17.78,17.79,17.53,17.67,17.8,-0.13,-0.73,78951.32,139083.813,1.0221,0.91,17.735,80153.45,17.7267,83928.3267,17.7375,103295.7275,17.63,92855.024,17.5025,77265.3575,17.481,78348.253,17.36,70112.7313,17.3075,62747.864
617,20170222,600064.SH,17.67,17.82,17.57,17.8,17.71,0.09,0.51,81355.58,143926.43,1.0532,0.99,17.755,86416.83,17.76,111410.53,17.62,96330.95,17.568,86359.488,17.4713,77624.8875,17.449,80643.766,17.3273,67339.1593,17.276,60703.3145
618,20170221,600064.SH,17.79,17.82,17.62,17.71,17.77,-0.06,-0.34,91478.08,161961.495,1.1842,1.25,17.74,126438.005,17.56,101322.74,17.51,87610.465,17.446,82136.536,17.4175,77896.9537,17.383,76446.738,17.286,64083.3227,17.2355,58740.2115
619,20170220,600064.SH,17.22,17.8,17.2,17.77,17.2,0.57,3.31,161397.93,283660.518,2.0894,2.81,17.485,106245.07,17.4433,86321.26,17.38,79801.15,17.368,73267.576,17.3725,79200.5,17.326,72170.232,17.2527,61583.0707,17.1925,55834.2925
620,20170217,600064.SH,17.34,17.43,17.19,17.2,17.36,-0.16,-0.92,51092.21,88391.274,0.6614,0.8,17.28,48782.925,17.25,52602.2233,17.2675,51234.9875,17.298,57353.502,17.2938,63948.9212,17.249,60370.736,17.2073,53505.5713,17.1505,52833.433
621,20170216,600064.SH,17.16,17.37,17.16,17.36,17.19,0.17,0.99,46473.64,80292.067,0.6016,0.62,17.275,53357.23,17.29,51282.58,17.3225,58918.825,17.332,63841.482,17.2863,63651.5225,17.225,58741.585,17.2,52712.144,17.133,52562.7945
622,20170215,600064.SH,17.29,17.49,17.17,17.19,17.32,-0.13,-0.75,60240.82,104331.823,0.7798,0.85,17.255,53687.05,17.31,63067.22,17.325,68183.4425,17.33,74928.044,17.2413,63267.6887,17.207,57828.995,17.1787,52151.2567,17.1025,52052.923
623,20170214,600064.SH,17.38,17.41,17.21,17.32,17.42,-0.1,-0.57,47133.28,81581.194,0.6102,0.66,17.37,64480.42,17.37,70830.9833,17.365,78599.85,17.32,70756.94,17.2125,60087.6737,17.206,55056.716,17.1653,50941.4367,17.086,50637.892
624,20170213,600064.SH,17.37,17.5,17.32,17.42,17.37,0.05,0.29,81827.56,142294.776,1.0593,1.29,17.395,82679.835,17.38,89088.7067,17.32,76662.855,17.284,71072.888,17.195,58864.4812,17.195,55740.818,17.134,50023.198,17.075,50025.645
625,20170210,600064.SH,17.38,17.44,17.26,17.37,17.35,0.02,0.12,83532.11,144892.587,1.0814,1.56,17.36,92719.28,17.2867,74941.2867,17.25,68384.22,17.2,63387.97,17.165,52700.79,17.162,51581.606,17.1013,51326.7433,17.064,48690.3235
626,20170209,600064.SH,17.14,17.4,17.11,17.35,17.14,0.21,1.23,101906.45,175665.442,1.3192,2.5,17.245,70645.875,17.21,63334.9233,17.1575,58351.935,17.118,53641.688,17.145,49006.0637,17.134,47147.475,17.0667,48803.232,17.0405,46247.171
627,20170208,600064.SH,17.1,17.16,16.99,17.14,17.14,0.0,0.0,39385.3,67296.418,0.5099,1.0,17.14,44049.16,17.0933,43833.7633,17.06,41575.4975,17.084,40729.946,17.1125,41297.1875,17.103,40762.863,17.0267,44427.8827,17.023,42950.497
628,20170207,600064.SH,17.0,17.15,16.9,17.14,17.0,0.14,0.82,48713.02,82808.704,0.6306,1.21,17.07,46057.995,17.0333,42305.5633,17.07,41066.1075,17.092,39356.492,17.1063,41272.875,17.088,41033.685,17.008,43931.5427,17.0165,43417.787
629,20170206,600064.SH,16.9,17.03,16.86,17.0,16.96,0.04,0.24,43402.97,73581.888,0.5619,1.09,16.98,39101.835,17.0467,38517.1367,17.08,37017.36,17.106,40408.748,17.0938,39941.2887,17.059,39498.353,17.0053,43009.8973,17.0055,43259.781
630,20170203,600064.SH,17.22,17.22,16.93,16.96,17.18,-0.22,-1.28,34800.7,59363.515,0.4505,0.86,17.07,36074.22,17.1067,34888.8233,17.1325,39660.1925,17.124,39775.242,17.0925,39777.6075,17.052,45296.13,17.0187,43791.108,16.993,42420.8385
631,20170126,600064.SH,17.17,17.24,17.12,17.18,17.18,0.0,0.0,37347.74,64163.011,0.4835,0.92,17.18,34932.885,17.19,41280.0233,17.165,41018.8775,17.15,40653.262,17.0788,39597.4825,17.041,46384.004,17.0147,43782.332,16.978,41837.203
632,20170125,600064.SH,17.21,17.25,17.11,17.18,17.21,-0.03,-0.17,32518.03,55864.137,0.421,0.76,17.195,43246.165,17.16,42242.59,17.1425,41479.6425,17.122,40795.78,17.0475,47601.6075,16.998,46276.851,17.0027,43690.6807,16.9545,40890.5085
633,20170124,600064.SH,17.07,17.29,17.05,17.21,17.09,0.12,0.7,53974.3,92793.555,0.6987,1.4,17.15,47104.87,17.13,44466.8467,17.1075,42865.2175,17.084,42710.878,17.0063,49246.7837,16.966,46219.068,16.9913,44771.552,16.932,41021.8275
634,20170123,600064.SH,17.09,17.2,17.06,17.09,17.09,0.0,0.0,40235.44,68846.062,0.5209,0.79,17.09,39713.12,17.0733,39162.19,17.0525,39895.0225,17.012,38587.958,16.9488,47034.5225,16.955,44310.472,16.972,44210.1253,16.9045,40529.515
635,20170120,600064.SH,17.02,17.13,16.99,17.09,17.04,0.05,0.29,39190.8,66881.781,0.5073,0.75,17.065,38625.565,17.04,39781.55,16.9925,38176.0875,16.98,50817.018,16.92,45997.6175,16.966,45799.041,16.9493,43302.704,16.8825,40123.778
636,20170119,600064.SH,16.99,17.15,16.95,17.04,16.99,0.05,0.29,38060.33,64931.267,0.4927,0.74,17.015,40076.925,16.96,37837.85,16.9525,53723.5725,16.932,52114.746,16.9213,45459.81,16.947,45346.867,16.9207,42231.85,16.866,40155.6655
637,20170118,600064.SH,16.83,17.02,16.8,16.99,16.85,0.14,0.83,42093.52,71384.007,0.5449,0.85,16.92,37726.61,16.9233,58944.6533,16.905,55628.35,16.874,51757.922,16.9413,47592.41,16.943,45138.131,16.8987,40922.0847,16.857,40223.228
638,20170117,600064.SH,16.86,16.92,16.71,16.85,16.93,-0.08,-0.47,33359.7,56103.794,0.4319,0.67,16.89,67370.22,16.8767,60139.96,16.845,54174.0225,16.848,49727.258,16.93,46664.3525,16.945,45801.889,16.8813,40458.8107,16.847,40002.437
639,20170116,600064.SH,16.73,16.98,16.52,16.93,16.85,0.08,0.47,101380.74,169864.491,1.3124,2.49,16.89,73530.09,16.8433,61112.13,16.8475,53819.1475,16.898,50032.986,16.9488,46991.0112,16.952,47021.209,16.8687,41176.7007,16.847,39938.9365
640,20170113,600064.SH,16.76,16.89,16.69,16.85,16.75,0.1,0.6,45679.44,76648.33,0.5913,1.18,16.8,40977.825,16.82,37965.2833,16.89,37196.0475,16.952,40781.064,16.9588,40409.8062,16.934,39545.547,16.85,36559.3647,16.8455,36850.7595
641,20170112,600064.SH,16.86,16.99,16.74,16.75,16.86,-0.11,-0.65,36276.21,61088.116,0.4696,0.94,16.805,34108.205,16.9033,34368.25,16.9775,39556.47,16.962,38578.988,16.9675,40393.9887,16.915,37290.402,16.844,36169.3053,16.844,37031.139
642,20170111,600064.SH,17.05,17.14,16.84,16.86,17.1,-0.24,-1.4,31940.2,54338.07,0.4135,0.76,16.98,33414.27,17.0533,40649.89,17.015,39154.6825,17.012,38518.34,16.9675,39187.4775,16.911,35504.166,16.8513,36378.33,16.8455,37481.688
643,20170110,600064.SH,17.22,17.26,17.1,17.1,17.2,-0.1,-0.58,34888.34,59955.756,0.4516,0.79,17.15,45004.735,17.0667,41559.51,17.05,40162.875,17.042,41876.52,16.9425,38085.9512,16.898,35824.587,16.8467,36760.83,16.848,38593.3975
644,20170109,600064.SH,16.88,17.21,16.81,17.2,16.9,0.3,1.78,55121.13,94227.328,0.7136,1.44,17.05,44895.095,17.0333,41921.0533,17.0275,43623.565,17.006,44009.432,16.8938,36026.64,16.854,36748.558,16.83,36574.2533,16.838,42835.5495
645,20170106,600064.SH,16.95,17.01,16.87,16.9,17.0,-0.1,-0.59,34669.06,58633.547,0.4488,0.96,16.95,35321.015,16.97,39791.0433,16.9575,41231.5075,16.916,38310.03,16.835,33529.55,16.799,34448.515,16.81,35540.658,16.8465,43573.284
646,20170105,600064.SH,17.02,17.06,16.95,17.0,17.01,-0.01,-0.06,35972.97,61120.631,0.4657,1.11,17.005,42352.035,16.9767,43418.99,16.92,39220.2725,16.868,36001.816,16.805,34711.9237,16.785,34964.464,16.8047,36515.1893,16.86,44798.335
647,20170104,600064.SH,16.89,17.03,16.89,17.01,16.92,0.09,0.53,48731.1,82726.293,0.6308,1.64,16.965,47142.0,16.8933,40302.7067,16.835,36009.0275,16.81,32489.992,16.7613,34230.39,16.771,35308.325,16.79,37136.1373,16.8785,45859.9325
648,20170103,600064.SH,16.77,16.97,16.76,16.92,16.75,0.17,1.01,45552.9,77068.799,0.5897,1.54,16.835,36088.51,16.7767,31768.3367,16.76,28429.715,16.754,29772.654,16.73,33117.5712,16.749,34202.985,16.7833,37499.0233,16.8895,46938.8015
649,20161230,600064.SH,16.67,16.79,16.67,16.75,16.66,0.09,0.54,26624.12,44505.066,0.3447,0.87,16.705,24876.055,16.7067,22721.9867,16.7125,25827.5925,16.702,29487.684,16.7225,32349.9062,16.742,32856.664,16.782,42444.2553,16.914,48889.481
650,20161229,600064.SH,16.73,16.75,16.65,16.66,16.71,-0.05,-0.3,23127.99,38607.868,0.2994,0.68,16.685,20770.92,16.7,25562.0833,16.69,30203.575,16.682,30587.0,16.7275,33731.6037,16.757,34155.972,16.8233,45327.702,16.957,54480.5945
651,20161228,600064.SH,16.73,16.75,16.67,16.71,16.73,-0.02,-0.12,18413.85,30744.079,0.2384,0.48,16.72,26779.13,16.7,32562.1033,16.6875,32451.7525,16.702,33927.112,16.7513,34851.8162,16.773,36771.876,16.8573,47730.508,17.025,64334.439
652,20161227,600064.SH,16.68,16.79,16.63,16.73,16.66,0.07,0.42,35144.41,58786.362,0.455,0.91,16.695,39636.23,16.68,37131.0533,16.7,37805.4275,16.732,38126.658,16.775,37502.235,16.78,39459.21,16.9013,50316.5793,17.064,67974.7525
653,20161226,600064.SH,16.6,16.68,16.42,16.66,16.65,0.01,0.06,44128.05,72969.313,0.5713,1.22,16.655,38124.375,16.69,38692.4333,16.7325,38872.22,16.744,38633.316,16.7863,39270.0625,16.798,41362.208,16.9347,52660.8507,17.1095,74094.4755
654,20161223,600064.SH,16.76,16.8,16.64,16.65,16.76,-0.11,-0.66,32120.7,53653.107,0.4158,0.85,16.705,35974.625,16.7567,37120.2767,16.765,37259.6325,16.782,36225.644,16.8013,39414.955,16.822,48922.541,16.9847,55356.7467,17.173,81839.368
655,20161222,600064.SH,16.85,16.86,16.7,16.76,16.86,-0.1,-0.59,39828.55,66771.981,0.5156,1.01,16.81,39620.065,16.8033,38972.61,16.815,37251.88,16.832,37724.944,16.8338,42171.6662,16.894,52698.053,17.0487,62445.126,17.221,88242.304
656,20161221,600064.SH,16.76,16.9,16.76,16.86,16.79,0.07,0.42,39411.58,66416.45,0.5102,0.97,16.825,38544.64,16.8333,36392.99,16.85,37199.0425,16.844,39616.64,16.8513,52159.52,16.935,54632.206,17.1327,74470.2147,17.2535,94376.9035
657,20161220,600064.SH,16.82,16.9,16.69,16.79,16.85,-0.06,-0.36,37677.7,63121.83,0.4878,0.85,16.82,34883.695,16.8467,36461.53,16.84,39667.905,16.828,40791.762,16.915,55967.55,16.986,56411.54,17.1747,77924.1173,17.2675,97378.3945
658,20161219,600064.SH,16.9,16.92,16.79,16.85,16.9,-0.05,-0.3,32089.69,54069.926,0.4154,0.52,16.875,35853.445,16.8567,40331.3067,16.8375,41570.2775,16.852,44091.1,16.9625,58654.0975,17.03,59674.618,17.2313,85914.862,17.283,99679.888
659,20161216,600064.SH,16.87,16.95,16.77,16.9,16.82,0.08,0.48,39617.2,66767.657,0.5129,0.59,16.86,44452.115,16.8333,44730.4733,16.8525,47091.4525,16.862,61619.438,17.0275,61793.5012,17.086,64922.298,17.3033,97043.9427,17.286,101233.1315
660,20161215,600064.SH,16.78,16.92,16.72,16.82,16.78,0.04,0.24,49287.03,82891.117,0.638,0.71,16.8,47287.11,16.8367,49582.87,16.8525,67119.9975,16.956,67671.162,17.0688,65629.9112,17.157,74805.217,17.3507,105081.424,17.281,101671.6465
661,20161214,600064.SH,16.9,16.98,16.77,16.78,16.91,-0.13,-0.77,45287.19,76449.175,0.5863,0.63,16.845,49730.79,16.8633,73064.32,16.99,72267.195,17.026,69647.772,17.1425,70039.8437,17.277,91897.002,17.39,112630.3247,17.2805,101051.104
662,20161213,600064.SH,16.88,16.99,16.68,16.91,16.9,0.01,0.06,54174.39,91271.329,0.7013,0.72,16.905,86952.885,17.06,81260.53,17.0875,75737.9175,17.144,72031.318,17.2463,81684.7437,17.348,96490.295,17.414,116240.6053,17.285,100955.102
663,20161212,600064.SH,17.42,17.47,16.75,16.9,17.37,-0.47,-2.71,119731.38,203915.377,1.55,1.75,17.135,94803.6,17.1467,82925.76,17.2025,76495.55,17.208,75258.136,17.385,102438.555,17.421,106826.743,17.4267,118209.484,17.2825,100870.8285
664,20161209,600064.SH,17.2,17.43,17.12,17.37,17.17,0.2,1.16,69875.82,120926.879,0.9046,0.85,17.27,64522.95,17.3033,62083.6067,17.285,64139.825,17.31,68225.158,17.4588,98874.6475,17.524,114756.195,17.4273,114437.696,17.283,98249.1065
665,20161208,600064.SH,17.36,17.39,17.14,17.17,17.37,-0.2,-1.15,59170.08,101945.065,0.766,0.52,17.27,58187.5,17.2567,62227.8267,17.295,67812.4925,17.358,81939.272,17.4925,109832.5287,17.548,123786.555,17.3893,113005.1413,17.259,97428.006
666,20161207,600064.SH,17.32,17.38,17.12,17.37,17.23,0.14,0.81,57204.92,98776.08,0.7405,0.47,17.3,63756.7,17.3367,70693.2967,17.405,87631.57,17.528,114146.232,17.5875,127314.5062,17.572,134121.601,17.3653,111518.8813,17.2405,97638.151
667,20161206,600064.SH,17.42,17.48,17.18,17.23,17.41,-0.18,-1.03,70308.48,121550.528,0.9102,0.51,17.32,77437.485,17.4167,97773.7867,17.5675,128381.56,17.552,120949.272,17.6175,140186.3187,17.549,138345.249,17.332,110596.3633,17.201,98339.4795
668,20161205,600064.SH,17.27,17.53,17.23,17.41,17.61,-0.2,-1.14,84566.49,146885.592,1.0948,0.52,17.51,111506.44,17.68,147739.2533,17.6325,133609.47,17.634,138395.35,17.64,151712.8262,17.536,139685.158,17.3073,109408.3927,17.176,97513.3245
669,20161202,600064.SH,18.01,18.06,17.48,17.61,18.02,-0.41,-2.28,138446.39,245182.768,1.7922,0.84,17.815,179325.635,17.7067,149957.13,17.69,151852.565,17.738,161287.232,17.6063,153572.19,17.486,137543.965,17.274,108257.0893,17.138,96150.5125
670,20161201,600064.SH,17.55,18.18,17.46,18.02,17.49,0.53,3.03,220204.88,394888.496,2.8506,1.43,17.755,155712.5,17.7167,156321.29,17.77,166997.4425,17.738,165633.838,17.5425,146729.8375,17.405,128538.076,17.226,102590.9173,17.0945,92143.1965
671,20161130,600064.SH,17.64,17.73,17.38,17.49,17.64,-0.15,-0.85,91220.12,160006.365,1.1809,0.59,17.565,124379.495,17.6867,149261.63,17.6675,151991.0775,17.616,154096.97,17.4038,127098.5475,17.284,110205.206,17.1447,92135.4573,17.032,84341.066
672,20161129,600064.SH,17.86,18.0,17.62,17.64,17.93,-0.29,-1.62,157538.87,279994.795,2.0394,1.12,17.785,178282.385,17.7267,172248.0633,17.6475,169816.1825,17.546,155741.226,17.3175,121744.47,17.222,105419.909,17.084,90802.882,16.992,85610.7905
673,20161128,600064.SH,17.6,18.15,17.57,17.93,17.61,0.32,1.82,199025.9,355665.895,2.5765,1.75,17.77,179602.66,17.65,173908.62,17.5225,155291.815,17.438,140974.966,17.2138,106661.6337,17.144,94914.914,17.0233,83885.9827,16.9605,81494.3875
674,20161125,600064.SH,17.45,17.85,17.4,17.61,17.41,0.2,1.15,160179.42,281508.579,2.0736,1.75,17.51,161349.98,17.3867,140713.7867,17.315,126462.2325,17.234,113800.698,17.0813,87204.29,17.042,81742.018,16.938,74438.2727,16.9115,77266.9
675,20161124,600064.SH,17.13,17.5,17.02,17.41,17.14,0.27,1.58,162520.54,281578.642,2.1039,2.45,17.275,130980.97,17.2167,115223.17,17.14,102206.0175,17.072,91442.314,16.9875,73742.9775,16.97,71069.457,16.88,67646.316,16.889,78735.8095
676,20161123,600064.SH,17.12,17.36,17.07,17.14,17.1,0.04,0.23,99441.4,171246.009,1.2873,1.8,17.12,91574.485,17.05,82101.1767,16.9875,73672.7575,16.952,66313.442,16.925,61840.0275,16.909,61154.701,16.8373,61089.098,16.9125,75671.6385
677,20161122,600064.SH,16.89,17.11,16.89,17.1,16.91,0.19,1.12,83707.57,142564.083,1.0836,1.71,17.005,73431.065,16.9367,65083.21,16.905,58031.4525,16.898,55098.592,16.8938,56091.5787,16.853,58333.71,16.8073,62233.9787,16.9335,74976.2205
678,20161121,600064.SH,16.78,16.93,16.75,16.91,16.8,0.11,0.65,63154.56,106660.438,0.8176,1.27,16.855,55771.03,16.84,49472.7467,16.8475,47946.3475,16.85,48854.862,16.8563,53549.755,16.816,55341.491,16.8013,61667.528,16.9505,73431.1625
679,20161118,600064.SH,16.81,16.92,16.78,16.8,16.81,-0.01,-0.06,48387.5,81497.275,0.6264,0.95,16.805,42631.84,16.8267,42876.9433,16.835,45279.9375,16.85,49683.338,16.815,54559.3712,16.79,54757.06,16.804,65088.9673,16.978,74865.5365
680,20161117,600064.SH,16.86,16.87,16.75,16.81,16.87,-0.06,-0.36,36876.18,61940.592,0.4774,0.66,16.84,40121.665,16.8467,44244.0833,16.8625,50007.2975,16.868,50696.6,16.8063,55234.1062,16.784,55748.317,16.828,74500.308,16.9975,75444.0775
681,20161116,600064.SH,16.9,16.91,16.81,16.87,16.86,0.01,0.06,43367.15,73093.567,0.5614,0.7,16.865,47928.035,16.88,54384.3367,16.8825,54151.705,16.866,55995.96,16.7863,57788.365,16.78,58476.926,16.8993,78791.0373,17.025,75702.8245
682,20161115,600064.SH,16.93,16.93,16.8,16.86,16.91,-0.05,-0.3,52488.92,88446.271,0.6795,0.85,16.885,59892.93,16.8867,57746.5567,16.865,59153.1625,16.808,61568.828,16.77,59654.98,16.762,65801.672,16.9453,81602.0967,17.049,76556.5955
683,20161114,600064.SH,16.9,16.95,16.82,16.91,16.89,0.02,0.12,67296.94,113770.592,0.8712,1.12,16.9,60375.375,16.8667,61374.5767,16.795,63838.805,16.782,61828.12,16.7588,61114.1487,16.777,68073.861,16.984,81623.2627,17.0805,79513.4745
684,20161111,600064.SH,16.8,16.92,16.72,16.89,16.8,0.09,0.54,53453.81,89916.519,0.692,0.88,16.845,58413.395,16.7567,62686.0933,16.75,60460.915,16.73,59830.782,16.7313,67278.8575,16.781,72791.782,17.0207,83259.6027,17.091,79702.465
685,20161110,600064.SH,16.69,16.86,16.69,16.8,16.58,0.22,1.33,63372.98,106430.273,0.8204,1.04,16.69,67302.235,16.7033,62796.6167,16.69,61425.025,16.7,60800.034,16.7463,69998.4825,16.808,86402.162,17.0407,83693.2367,17.098,79400.023
686,20161109,600064.SH,16.74,16.74,16.43,16.58,16.73,-0.15,-0.9,71231.49,118246.037,0.9221,1.02,16.655,62508.435,16.6533,60775.7067,16.675,60156.7975,16.694,60957.892,16.765,76386.3787,16.916,90188.576,17.078,82271.7793,17.1105,78556.372
687,20161108,600064.SH,16.72,16.77,16.61,16.73,16.65,0.08,0.48,53785.38,89786.168,0.6963,0.72,16.69,55547.815,16.7067,56465.2333,16.7225,58389.4925,16.716,70034.516,16.8375,91177.1437,17.014,91618.731,17.1293,81552.518,17.133,77450.4805
688,20161107,600064.SH,16.72,16.77,16.6,16.65,16.74,-0.09,-0.54,57310.25,95520.577,0.7419,0.67,16.695,57805.16,16.72,59924.1967,16.7125,74096.8,16.772,74319.602,16.9813,97108.6112,17.085,91520.834,17.18,85408.5927,17.152,77777.4025
689,20161104,600064.SH,16.8,16.83,16.66,16.74,16.77,-0.03,-0.18,58300.07,97614.321,0.7547,0.52,16.755,61231.17,16.7333,79692.3167,16.8025,78571.94,16.832,85752.782,17.095,100636.46,17.166,94974.013,17.2113,86326.3593,17.175,81683.299
690,20161103,600064.SH,16.65,16.89,16.63,16.77,16.69,0.08,0.48,64162.27,107790.9,0.8306,0.54,16.73,90388.44,16.8233,85329.23,16.855,92615.96,16.916,112004.29,17.1825,99949.7525,17.211,95139.838,17.2307,85600.0193,17.2135,83216.222
691,20161102,600064.SH,16.97,16.99,16.69,16.69,17.01,-0.32,-1.88,116614.61,195789.014,1.5096,1.03,16.85,95912.71,16.8833,102100.5233,16.9525,123964.795,17.138,119419.26,17.2688,103409.7237,17.27,92928.723,17.2493,84422.532,17.2385,83788.5245
692,20161101,600064.SH,16.96,17.05,16.89,17.01,16.95,0.06,0.35,75210.81,127487.032,0.9736,0.69,16.98,94843.48,17.04,126414.8567,17.25,120120.4225,17.312,113202.946,17.3313,96327.6875,17.336,87311.519,17.272,79922.4687,17.2615,81236.1465
693,20161031,600064.SH,17.05,17.11,16.85,16.95,17.16,-0.21,-1.22,114476.15,194178.697,1.4819,1.1,17.055,152016.88,17.33,135090.2933,17.3875,122700.98,17.398,108722.066,17.375,92182.7262,17.384,90953.088,17.2787,78930.0027,17.2585,79957.8015
694,20161028,600064.SH,17.58,17.64,17.13,17.16,17.88,-0.72,-4.03,189557.61,328644.223,2.4539,2.42,17.52,145397.365,17.5333,125442.59,17.51,107283.545,17.5,104195.244,17.425,85428.5287,17.401,86613.148,17.2893,80326.8047,17.2455,77611.6525
695,20161027,600064.SH,17.56,17.91,17.51,17.88,17.56,0.32,1.82,101237.12,179623.29,1.3106,1.52,17.72,93385.08,17.6267,79858.8567,17.585,82854.6525,17.506,78275.386,17.4663,75687.14,17.388,72397.884,17.3127,73620.1993,17.246,70751.703
696,20161026,600064.SH,17.48,17.77,17.41,17.56,17.44,0.12,0.69,85533.04,150558.468,1.1073,1.39,17.5,69169.725,17.4867,76727.1633,17.4125,72534.9525,17.402,66438.186,17.3713,71917.0937,17.305,66924.168,17.272,71911.6127,17.211,71166.545
697,20161025,600064.SH,17.42,17.49,17.31,17.44,17.46,-0.02,-0.11,52806.41,91882.324,0.6836,0.72,17.45,72324.225,17.3633,68202.2567,17.3625,61664.4725,17.36,61420.092,17.305,67151.085,17.252,63282.23,17.2447,70580.5467,17.1915,69844.562
698,20161024,600064.SH,17.19,17.53,17.11,17.46,17.19,0.27,1.57,91842.04,159553.634,1.1889,1.33,17.325,75900.18,17.3367,64617.16,17.34,63573.5125,17.37,73184.11,17.2563,66362.7787,17.219,64033.971,17.212,70369.7133,17.1745,70406.2145
699,20161021,600064.SH,17.38,17.41,17.09,17.19,17.36,-0.17,-0.98,59958.32,103451.293,0.7762,0.9,17.275,51004.72,17.3,54150.67,17.3475,68519.6275,17.302,69031.052,17.2025,61021.7312,17.184,68392.585,17.1607,68750.4553,17.145,67639.4805
700,20161020,600064.SH,17.34,17.43,17.3,17.36,17.35,0.01,0.06,42051.12,72992.053,0.5444,0.62,17.355,51246.845,17.4,71373.3967,17.33,71299.235,17.27,66520.382,17.1925,61067.4187,17.216,71292.606,17.1593,68243.8087,17.122,66648.4595
701,20161019,600064.SH,17.48,17.49,17.31,17.35,17.49,-0.14,-0.8,60442.57,105029.522,0.7825,0.93,17.42,86034.535,17.32,81048.6067,17.2475,72637.6975,17.208,67410.15,17.1613,72739.5512,17.207,74648.326,17.1473,72742.6647,17.0975,66640.4385
702,20161018,600064.SH,17.12,17.51,17.08,17.49,17.12,0.37,2.16,111626.5,194038.782,1.4451,2.03,17.305,91351.625,17.2133,76702.74,17.1725,69152.045,17.144,65144.368,17.1813,76304.0462,17.187,75160.774,17.1353,72652.7187,17.071,68088.1985
703,20161017,600064.SH,17.1,17.28,17.04,17.12,17.03,0.09,0.53,71076.75,122184.694,0.9201,1.05,17.075,59240.86,17.0667,54993.8933,17.0575,53523.835,17.068,54883.832,17.1538,71801.7737,17.133,68962.515,17.1093,69480.2493,17.0435,65606.404
704,20161014,600064.SH,17.02,17.08,16.92,17.03,17.05,-0.02,-0.12,47404.97,80555.401,0.6137,0.62,17.04,46952.465,17.0367,47672.8633,17.055,50835.6025,17.066,67754.118,17.1575,71113.0612,17.09,68610.157,17.0927,67175.6233,17.043,64782.708
705,20161013,600064.SH,17.02,17.11,16.98,17.05,17.03,0.02,0.12,46499.96,79245.932,0.602,0.57,17.04,47806.81,17.0633,51979.1467,17.075,72841.405,17.162,76064.83,17.1475,71392.9287,17.104,69105.522,17.0727,66691.152,17.0425,65589.048
706,20161012,600064.SH,17.1,17.1,16.97,17.03,17.11,-0.08,-0.47,49113.66,83545.772,0.6358,0.58,17.07,54718.74,17.0833,81621.8867,17.19,83456.0475,17.206,81886.502,17.1025,74024.58,17.117,75408.922,17.0607,66383.868,17.041,67876.755
707,20161011,600064.SH,17.07,17.26,17.0,17.11,17.11,0.0,0.0,60323.82,103410.106,0.7809,0.73,17.11,97876.0,17.2433,94903.51,17.25,90079.7125,17.23,85177.18,17.12,74430.2,17.131,76406.894,17.0467,69069.4753,17.038,68115.4325
708,20161010,600064.SH,17.49,17.49,16.81,17.11,17.51,-0.4,-2.28,135428.18,230328.408,1.7532,1.95,17.31,112193.355,17.2967,99998.3433,17.26,91390.52,17.198,83041.198,17.1288,80581.4675,17.13,76778.458,17.0353,69180.5947,17.0345,69001.299
709,20160930,600064.SH,17.25,17.55,17.25,17.51,17.27,0.24,1.39,88958.53,155373.537,1.1516,1.43,17.39,82283.425,17.31,76711.3,17.22,69944.4525,17.114,69466.196,17.1363,71039.6175,17.106,66886.376,17.0353,63792.238,17.026,66083.481
710,20160929,600064.SH,17.15,17.35,17.1,17.27,17.15,0.12,0.7,75608.32,130556.85,0.9788,1.1,17.21,70587.685,17.1233,63606.4267,17.015,64593.1125,17.046,62146.214,17.085,67924.7337,17.028,62004.313,17.0027,62097.1207,17.006,65663.3375
711,20160928,600064.SH,17.02,17.26,16.95,17.15,16.95,0.2,1.18,65567.05,112454.971,0.8488,0.97,17.05,57605.48,16.93,60921.3767,16.99,58780.6875,17.028,68931.342,17.035,63037.1137,16.988,58632.551,16.986,63206.8393,16.991,64494.3285
712,20160927,600064.SH,16.68,16.96,16.61,16.95,16.69,0.26,1.56,49643.91,83505.442,0.6427,0.7,16.82,58598.54,16.9367,56518.5667,16.9975,69772.415,17.032,67636.608,16.9825,59858.47,16.955,61015.623,16.974,62428.1833,16.9785,64662.074
713,20160926,600064.SH,17.1,17.11,16.67,16.69,17.17,-0.48,-2.8,67553.17,114027.712,0.8745,1.05,16.93,59955.895,17.0133,76481.9167,17.0525,72134.7825,17.062,70515.718,16.9725,58889.3187,16.954,62250.293,16.98,64321.3327,16.9815,66802.8475
714,20160923,600064.SH,17.2,17.36,17.15,17.17,17.18,-0.01,-0.06,52358.62,90151.636,0.6778,0.85,17.175,80946.29,17.1733,73661.9867,17.155,71256.355,17.098,64306.556,16.9888,61619.8937,16.996,60955.259,16.9967,64955.9093,16.9895,69213.795
715,20160922,600064.SH,17.24,17.49,17.17,17.18,17.17,0.01,0.06,109533.96,189826.71,1.418,2.27,17.175,84313.67,17.15,77555.6,17.08,67293.54,17.01,61862.412,16.96,62823.8925,16.981,62072.574,16.9927,66835.712,16.9915,70188.7295
716,20160921,600064.SH,17.17,17.22,17.0,17.17,17.1,0.07,0.41,59093.38,101078.703,0.765,1.09,17.135,61566.42,17.0467,53213.4,16.9675,49944.525,16.948,48333.76,16.9513,55957.5012,16.965,60344.588,16.9787,63015.324,16.996,68096.5505
717,20160920,600064.SH,16.87,17.16,16.81,17.1,16.87,0.23,1.36,64039.46,109126.307,0.829,1.19,16.985,50273.41,16.9,46894.9067,16.8925,45643.855,16.878,54394.638,16.9325,56512.3,16.945,59823.971,16.9607,63670.5627,17.0045,69050.5595
718,20160919,600064.SH,16.74,16.94,16.72,16.87,16.73,0.14,0.84,36507.36,61519.057,0.4726,0.63,16.8,38322.63,16.8233,39511.9867,16.8225,51983.4325,16.846,53984.868,16.9225,60039.13,16.939,61224.14,16.9547,65565.224,17.025,71866.444
719,20160914,600064.SH,16.74,16.84,16.6,16.73,16.87,-0.14,-0.83,40137.9,67153.727,0.5196,0.64,16.8,41014.3,16.8067,57142.1233,16.84,58354.245,16.894,57603.962,16.935,62211.6112,16.946,65280.586,16.9533,70849.5413,17.0695,79979.077
720,20160913,600064.SH,16.82,16.91,16.74,16.87,16.82,0.05,0.3,41890.7,70518.793,0.5423,0.58,16.845,65644.235,16.8767,64426.36,16.935,61970.4775,16.952,62282.736,16.9738,66949.5175,16.984,69322.362,16.9853,72964.1687,17.112,84816.557
721,20160912,600064.SH,16.69,16.83,16.5,16.82,16.94,-0.12,-0.71,89397.77,148783.118,1.1573,1.37,16.88,75694.19,16.9567,68663.7367,16.9725,67380.745,16.982,72355.416,16.9825,71347.1575,16.994,70356.106,17.012,74684.1473,17.144,92349.059
722,20160909,600064.SH,17.08,17.14,16.92,16.94,17.11,-0.17,-0.99,61990.61,105397.058,0.8025,0.91,17.025,58296.72,17.0233,60041.7367,17.0225,68094.8275,17.012,65253.304,17.0188,70241.8937,17.002,68308.525,17.0467,73935.8667,17.189,103947.637
723,20160908,600064.SH,17.01,17.16,16.97,17.11,17.02,0.09,0.53,54602.83,93301.019,0.7069,0.75,17.065,59067.3,17.05,70129.5667,17.03,66068.9775,17.032,68463.412,17.0225,69021.585,17.009,71355.402,17.0847,77826.9693,17.196,109698.136
724,20160907,600064.SH,16.99,17.12,16.96,17.02,17.02,0.0,0.0,63531.77,108378.84,0.8224,0.83,17.02,77892.935,17.0033,69891.0267,17.0125,71928.5575,16.998,72957.21,16.9963,70811.4762,16.983,77472.331,17.128,87437.4487,17.166,114178.541
725,20160906,600064.SH,17.0,17.07,16.65,17.02,16.97,0.05,0.29,92254.1,155620.577,1.1943,1.35,16.995,73070.655,17.01,74727.4867,16.9925,75313.57,17.016,76361.988,16.995,74427.4275,17.002,78304.885,17.1653,92327.8307,17.1555,118632.7585
726,20160905,600064.SH,17.09,17.15,16.9,16.97,17.04,-0.07,-0.41,53887.21,91776.328,0.6976,0.76,17.005,65964.18,16.9833,69666.7267,17.015,72388.96,17.006,68356.796,16.9738,77367.18,17.027,75848.513,17.198,99013.6067,17.164,121212.4355
727,20160902,600064.SH,16.99,17.17,16.95,17.04,16.94,0.1,0.59,78041.15,133066.471,1.0103,1.05,16.99,77556.485,17.03,78556.21,17.015,71974.1925,16.992,71363.746,17.0038,79613.4425,17.064,78277.148,17.248,116845.748,17.1815,128045.6855
728,20160901,600064.SH,17.05,17.15,16.91,16.94,17.11,-0.17,-0.99,77071.82,131236.607,0.9977,0.94,17.025,78813.74,17.0067,69951.8733,16.98,69694.395,16.986,74247.392,17.0325,78319.5962,17.111,82508.748,17.2507,123443.044,17.1715,131811.741
729,20160831,600064.SH,17.02,17.28,16.91,17.11,16.97,0.14,0.83,80555.66,137765.577,1.0428,1.0,17.04,66391.9,16.9933,67235.2533,16.9975,73541.285,16.968,81987.452,17.0825,78457.3137,17.193,94677.568,17.222,127918.9847,17.162,135396.12
730,20160830,600064.SH,16.96,17.12,16.87,16.97,16.9,0.07,0.41,52228.14,88933.188,0.6761,0.63,16.935,60575.05,16.96,71203.16,16.9325,82345.4,16.988,80247.782,17.1325,83432.5,17.24,100310.752,17.202,132723.0153,17.1405,142762.31
731,20160829,600064.SH,16.96,17.1,16.85,16.9,17.01,-0.11,-0.65,68921.96,116743.044,0.8922,0.81,16.955,80690.67,16.92,92384.4867,16.9925,87252.6925,17.048,83340.23,17.2313,101748.985,17.294,114342.012,17.2167,138830.982,17.128,148403.895
732,20160826,600064.SH,16.87,17.22,16.86,17.01,16.85,0.16,0.95,92459.38,157813.868,1.1969,1.02,16.93,104115.75,17.0233,93362.9367,17.085,86944.7975,17.136,85190.55,17.3163,110244.6775,17.376,139586.749,17.2447,146939.6653,17.1015,154124.278
733,20160825,600064.SH,17.1,17.12,16.68,16.85,17.21,-0.36,-2.09,115772.12,195862.346,1.4987,1.08,17.03,93814.715,17.11,85106.6033,17.1675,83373.3425,17.236,90770.104,17.3788,122754.8475,17.383,148040.87,17.2333,150999.8573,17.0785,164071.396
734,20160824,600064.SH,17.3,17.32,17.14,17.21,17.27,-0.06,-0.35,71857.31,123716.069,0.9302,0.6,17.24,69773.845,17.2733,72573.75,17.3325,84519.6,17.418,107367.684,17.4875,148454.4987,17.349,150884.751,17.2267,153199.0093,17.039,172313.5055
735,20160823,600064.SH,17.39,17.45,17.1,17.27,17.34,-0.07,-0.4,67690.38,117270.28,0.8763,0.47,17.305,72931.97,17.3733,88740.3633,17.47,116245.2775,17.492,120373.722,17.4713,161597.4087,17.309,158960.632,17.1913,163600.486,16.9495,175053.4465
736,20160822,600064.SH,17.5,17.63,17.33,17.34,17.51,-0.17,-0.97,78173.56,136597.419,1.012,0.4,17.425,99265.355,17.5367,132430.2433,17.5475,133544.5575,17.54,145343.794,17.3763,171162.4775,17.301,166576.358,17.1547,170091.7833,16.87,175641.603
737,20160819,600064.SH,17.76,17.76,17.37,17.51,17.76,-0.25,-1.41,120357.15,210918.53,1.5581,0.59,17.635,159558.585,17.6167,152001.5567,17.59,162136.3525,17.616,193982.948,17.31,180467.7975,17.299,177814.223,17.09,177102.1873,16.773,173416.4735
738,20160818,600064.SH,17.48,18.17,17.48,17.76,17.58,0.18,1.02,198760.02,354297.698,2.573,1.02,17.67,167823.76,17.6167,176062.7533,17.6425,212389.3975,17.53,205311.636,17.27,183404.1087,17.232,181114.734,17.026,188505.16,16.665,170167.045
739,20160817,600064.SH,17.54,17.84,17.44,17.58,17.51,0.07,0.4,136887.5,241541.052,1.7721,0.69,17.545,164714.12,17.6033,216932.5233,17.4725,206949.54,17.28,194401.818,17.215,182378.1325,17.131,176114.672,16.9127,193962.1127,16.551,163533.4425
740,20160816,600064.SH,17.74,17.82,17.38,17.51,17.72,-0.21,-1.19,192540.74,337786.215,2.4925,1.03,17.615,256955.035,17.4367,230303.5533,17.205,208780.3975,17.126,197547.542,17.1225,184437.4775,17.041,185213.868,16.7687,193280.0213,16.4415,158982.1925
741,20160815,600064.SH,17.09,17.94,17.06,17.72,17.08,0.64,3.75,321369.33,566613.953,4.1603,1.99,17.4,249184.96,17.1033,214193.6167,17.03,198799.2425,17.062,187808.922,17.0275,178964.81,16.962,182465.778,16.6467,185740.8727,16.337,152035.573
742,20160812,600064.SH,16.47,17.15,16.42,17.08,16.51,0.57,3.45,177000.59,297761.08,2.2913,1.13,16.795,160605.76,16.8,157942.5467,16.8975,154418.82,16.982,161645.498,16.8975,167278.5762,16.827,168661.807,16.492,166560.982,16.226,138905.609
743,20160811,600064.SH,16.76,16.97,16.48,16.51,16.81,-0.3,-1.78,144210.93,241340.091,1.8669,0.91,16.66,148413.525,16.8367,146891.5633,16.9575,157806.725,16.934,156917.832,16.8525,165785.9825,16.774,180101.922,16.3767,158452.1813,16.1435,133515.3895
744,20160810,600064.SH,17.16,17.26,16.79,16.81,17.19,-0.38,-2.21,152616.12,259077.496,1.9757,0.88,17.0,148231.88,17.1067,162338.6567,17.04,160094.5575,16.982,157827.526,16.835,170675.8187,16.729,193742.26,16.308,153243.984,16.0935,130644.0485
745,20160809,600064.SH,17.28,17.35,17.04,17.19,17.32,-0.13,-0.75,143847.64,246929.294,1.8622,0.81,17.255,167199.925,17.1167,162587.37,17.025,159130.3775,16.956,172880.194,16.8025,188024.0212,16.59,191146.261,16.2133,146127.076,16.035,131526.0395
746,20160808,600064.SH,16.82,17.36,16.81,17.32,16.84,0.48,2.85,190552.21,325579.776,2.4668,1.08,17.08,171957.235,16.97,164224.6233,16.8975,180138.3325,16.862,177122.634,16.6613,205119.855,16.439,184706.848,16.0953,140111.1233,15.9405,129685.042
747,20160805,600064.SH,16.77,17.07,16.63,16.84,16.75,0.09,0.54,153362.26,258317.559,1.9853,0.75,16.795,151060.83,16.7567,176667.04,16.7475,173765.24,16.672,175678.116,16.4238,197132.845,16.247,169018.724,15.974,131325.646,15.823,123493.72
748,20160804,600064.SH,16.55,16.83,16.35,16.75,16.68,0.07,0.42,148759.4,246450.783,1.9258,0.65,16.715,188319.43,16.7167,180566.2333,16.63,181257.08,16.614,203286.012,16.2788,187894.2512,16.098,159219.356,15.88,125714.5753,15.727,118319.5315
749,20160803,600064.SH,16.71,17.17,16.58,16.68,16.72,-0.04,-0.24,227879.46,384548.988,2.95,1.09,16.7,196469.65,16.59,192089.64,16.58,216917.665,16.476,229656.994,16.11,173508.1975,15.971,150952.213,15.7973,121582.8893,15.656,115251.419
750,20160802,600064.SH,16.29,16.74,16.15,16.72,16.37,0.35,2.14,165059.84,270989.201,2.1368,0.86,16.545,174194.73,16.5467,213263.7333,16.425,230101.3775,16.224,209412.328,15.9438,151944.3375,15.842,132750.517,15.728,117741.3213,15.5935,107359.0935
751,20160801,600064.SH,16.6,16.6,16.08,16.37,16.55,-0.18,-1.09,183329.62,298645.901,2.3733,1.13,16.46,237365.68,16.3267,251781.89,16.1,220500.45,16.016,192291.062,15.7888,139572.8537,15.712,121605.368,15.6333,113872.5113,15.5285,103233.0545
752,20160729,600064.SH,16.0,16.75,15.98,16.55,16.06,0.49,3.05,291401.74,477894.359,3.7723,2.53,16.305,286008.025,16.01,232890.7267,15.9275,194531.4225,15.822,162359.332,15.6663,122389.4637,15.625,109149.411,15.54,106098.9213,15.483,99024.398
753,20160728,600064.SH,15.81,16.35,15.81,16.06,15.42,0.64,4.15,280614.31,450401.362,3.6327,3.88,15.74,203635.22,15.72,162241.3167,15.64,130098.73,15.582,115152.7,15.525,92665.29,15.513,86928.857,15.4313,89997.3713,15.415,90156.524
754,20160727,600064.SH,15.7,15.78,15.01,15.42,15.68,-0.26,-1.66,126656.13,195254.002,1.6396,2.26,15.55,103054.82,15.5,79926.87,15.4625,73787.2975,15.466,72247.432,15.455,64934.7575,15.458,67545.837,15.3827,77116.2273,15.3595,78625.655
755,20160726,600064.SH,15.34,15.69,15.34,15.68,15.4,0.28,1.82,79453.51,123690.282,1.0286,1.56,15.54,56562.24,15.4767,56164.3533,15.4775,58645.2575,15.46,56088.706,15.4563,57752.2662,15.48,71905.818,15.3833,73341.3487,15.335,75823.074
756,20160725,600064.SH,15.4,15.45,15.32,15.4,15.35,0.05,0.33,33670.97,51785.63,0.4359,0.6,15.375,44519.775,15.41,51709.1733,15.405,50247.505,15.408,50919.674,15.435,58668.5912,15.442,74663.236,15.366,73547.052,15.2935,74920.035
757,20160722,600064.SH,15.46,15.5,15.29,15.35,15.48,-0.13,-0.84,55368.58,85098.973,0.7168,0.94,15.415,60728.275,15.4067,55773.0167,15.41,55231.85,15.428,55939.49,15.465,75741.7125,15.399,77968.716,15.37,77912.7533,15.26,75459.7575
758,20160721,600064.SH,15.4,15.57,15.39,15.48,15.39,0.09,0.58,66087.97,102448.15,0.8555,1.05,15.435,55975.235,15.43,55186.2733,15.4475,56082.2175,15.444,58705.014,15.4588,82199.1012,15.356,77419.707,15.3593,81824.4653,15.2175,76551.3405
759,20160720,600064.SH,15.44,15.49,15.37,15.39,15.42,-0.03,-0.19,45862.5,70709.305,0.5937,0.52,15.405,49735.425,15.4367,52746.9667,15.435,56859.275,15.45,62844.242,15.395,82278.8262,15.341,79550.625,15.324,80751.7293,15.1875,75782.3845
760,20160719,600064.SH,15.5,15.5,15.3,15.42,15.5,-0.08,-0.52,53608.35,82424.559,0.694,0.54,15.46,56189.2,15.45,60524.8667,15.465,67089.6775,15.5,87722.93,15.3363,82780.825,15.345,81967.67,15.2933,82401.1967,15.1655,76555.2775
761,20160718,600064.SH,15.4,15.57,15.38,15.5,15.43,0.07,0.45,58770.05,90953.776,0.7608,0.59,15.465,63983.125,15.48,71583.4533,15.52,96251.575,15.476,98406.798,15.325,87004.425,15.345,84860.741,15.2553,82920.1553,15.138,78397.0255
762,20160715,600064.SH,15.5,15.57,15.37,15.43,15.51,-0.08,-0.52,69196.2,107001.763,0.8958,0.72,15.47,77990.155,15.5267,108745.4167,15.47,108315.985,15.37,99997.942,15.3163,88412.2875,15.341,88899.385,15.204,81966.5133,15.0985,78006.3255
763,20160714,600064.SH,15.64,15.64,15.41,15.51,15.64,-0.13,-0.83,86784.11,134603.063,1.1235,0.9,15.575,128520.025,15.4833,121355.9133,15.355,107698.3775,15.268,96134.4,15.315,90080.145,15.317,93384.191,15.142,82500.116,15.0545,77628.483
764,20160713,600064.SH,15.38,15.76,15.36,15.64,15.3,0.34,2.22,170255.94,264964.374,2.204,2.23,15.47,138641.815,15.3033,114669.8,15.2075,98471.9725,15.232,96257.008,15.3088,91626.6925,15.261,89705.473,15.1,80095.0987,15.0,75768.067
765,20160712,600064.SH,15.02,15.3,14.9,15.3,14.97,0.33,2.2,107027.69,161696.863,1.3855,1.5,15.135,86876.73,15.0633,74543.9833,15.13,77757.275,15.19,76212.41,15.2525,84600.2325,15.19,79740.33,15.054,72832.7267,14.9475,70057.2525
766,20160711,600064.SH,14.96,15.14,14.88,14.97,14.92,0.05,0.34,66725.77,100069.078,0.8638,0.86,14.945,58302.13,15.0733,68000.47,15.1625,68508.59,15.214,71314.684,15.2088,77471.3875,15.145,75176.834,15.0253,71727.1013,14.8995,66479.6735
767,20160708,600064.SH,15.04,15.04,14.88,14.92,14.98,-0.06,-0.4,49878.49,74442.143,0.6457,0.55,15.125,68637.82,15.2267,69102.8633,15.275,72461.9125,15.312,77800.828,15.2038,77956.23,15.121,72950.799,15.008,70675.7867,14.8675,66518.991
768,20160707,600064.SH,15.4,15.45,15.24,15.33,15.43,-0.1,-0.65,87397.15,133978.658,1.1314,1.05,15.38,78715.05,15.3933,79989.72,15.41,84781.4125,15.366,90633.982,15.195,79395.51,15.079,75682.974,14.9833,71459.844,14.8685,66770.7105
769,20160706,600064.SH,15.39,15.52,15.3,15.43,15.42,0.01,0.06,70032.95,107795.635,0.9066,0.84,15.425,76286.005,15.4367,83909.5,15.375,91443.19,15.29,83153.938,15.12,74029.0437,15.034,72014.144,14.9227,68938.42,14.8445,65763.259
770,20160705,600064.SH,15.48,15.53,15.29,15.42,15.46,-0.04,-0.26,82539.06,127034.157,1.0685,1.04,15.44,90847.775,15.3567,98579.9367,15.255,86434.185,15.19,83268.25,15.0038,74924.955,14.986,71142.885,14.8667,68005.5333,14.8195,65009.9645
771,20160704,600064.SH,15.11,15.47,15.11,15.46,15.19,0.27,1.78,99156.49,152338.854,1.2836,1.46,15.325,106600.375,15.2,87732.56,15.1325,83450.5475,15.076,79038.984,14.9363,70946.1787,14.931,71933.31,14.7947,64868.0033,14.8005,63966.357
772,20160701,600064.SH,14.95,15.32,14.93,15.19,14.95,0.24,1.61,114044.26,173154.503,1.4764,1.88,15.07,82020.595,15.0233,78215.2333,14.98,74009.6075,14.93,68100.77,14.8725,66216.6625,14.856,67113.266,14.7193,62758.3787,14.7725,61916.229
773,20160630,600064.SH,14.96,14.97,14.81,14.95,14.93,0.02,0.13,49996.93,74578.616,0.6472,0.82,14.94,60300.72,14.91,60664.7233,14.865,56614.8975,14.792,60731.966,14.8325,63266.5437,14.792,61872.775,14.7027,58816.2867,14.758,60040.4535
774,20160629,600064.SH,14.9,14.97,14.83,14.93,14.85,0.08,0.54,70604.51,105319.646,0.914,1.2,14.89,65998.62,14.8367,58820.8867,14.7525,63415.725,14.778,60874.35,14.8025,63386.4337,14.739,61830.661,14.696,59966.366,14.757,63611.2345
775,20160628,600064.SH,14.65,14.87,14.58,14.85,14.73,0.12,0.81,61392.73,90270.66,0.7948,0.95,14.79,52929.075,14.6933,61019.4633,14.74,58441.81,14.782,59017.52,14.755,62265.7887,14.705,60374.175,14.696,58923.8693,14.7275,61870.555
776,20160627,600064.SH,14.4,14.74,14.4,14.73,14.5,0.23,1.59,44465.42,65120.403,0.5756,0.67,14.615,60832.83,14.7033,57458.17,14.765,58423.7175,14.786,64827.636,14.7013,60788.6712,14.654,57782.513,14.7087,58942.148,14.7055,60896.1535
777,20160624,600064.SH,14.84,14.94,14.2,14.5,14.88,-0.38,-2.55,77200.24,112762.968,0.9994,1.23,14.69,63954.545,14.7767,63076.4833,14.8,69918.19,14.782,66125.762,14.6838,62235.45,14.614,60087.183,14.72,59854.7153,14.6825,60457.7385
778,20160623,600064.SH,14.95,14.98,14.73,14.88,14.95,-0.07,-0.47,50708.85,75324.262,0.6564,0.81,14.915,56014.605,14.9,67490.84,14.8525,63357.1425,14.792,63013.584,14.6638,57019.9337,14.658,57858.447,14.7467,59809.9493,14.6735,58528.253
779,20160622,600064.SH,14.79,14.96,14.7,14.95,14.87,0.08,0.54,61320.36,91013.782,0.7938,0.99,14.91,75881.835,14.8433,67573.24,14.77,66089.7675,14.7,62786.972,14.595,59120.3425,14.655,59512.374,14.75,64523.5293,14.643,57495.0595
780,20160621,600064.SH,14.79,14.97,14.67,14.87,14.71,0.16,1.09,90443.31,133971.968,1.1708,1.78,14.79,70699.68,14.71,67679.57,14.6375,63153.625,14.628,61730.83,14.5938,58319.4075,14.653,58877.044,14.7093,62821.5667,14.618,56921.725
781,20160620,600064.SH,14.56,14.72,14.38,14.71,14.55,0.16,1.1,50956.05,74073.917,0.6596,0.94,14.63,56297.7,14.56,54057.0633,14.5675,54552.71,14.522,50737.39,14.5913,55420.0087,14.67,55999.404,14.6787,59585.6593,14.588,53845.4
782,20160617,600064.SH,14.42,14.64,14.42,14.55,14.42,0.13,0.9,61639.35,89474.973,0.7979,1.17,14.485,55607.57,14.52,55751.5967,14.475,50682.725,14.446,54048.604,14.6188,55921.385,14.689,56719.192,14.6493,58568.3973,14.559,53125.0275
783,20160616,600064.SH,14.56,14.58,14.33,14.42,14.59,-0.17,-1.17,49575.79,71703.449,0.6418,0.88,14.505,52807.72,14.45,47030.5167,14.42,52150.9175,14.524,52703.31,14.68,55924.83,14.724,58208.132,14.634,57033.1427,14.5385,53040.706
784,20160615,600064.SH,14.19,14.68,14.16,14.59,14.34,0.25,1.74,56039.65,81440.208,0.7255,1.0,14.465,45757.88,14.42,53009.2933,14.55,53485.19,14.61,56237.776,14.74,56997.0975,14.775,65391.808,14.624,55731.0887,14.535,52783.1775
785,20160614,600064.SH,14.45,14.47,14.22,14.34,14.33,0.01,0.07,35476.11,50892.282,0.4593,0.58,14.335,51494.115,14.5367,52633.7033,14.615,56287.3075,14.678,56023.258,14.7788,59558.235,14.75,63366.935,14.6147,55318.69,14.5265,52143.5465
786,20160613,600064.SH,14.69,14.96,14.31,14.33,14.94,-0.61,-4.08,67512.12,99105.972,0.874,1.14,14.635,61212.5,14.7067,63224.3733,14.7625,61160.045,14.818,61261.418,14.8525,70300.29,14.757,64009.794,14.61,54881.4033,14.5225,52245.888
787,20160608,600064.SH,14.82,14.98,14.7,14.94,14.85,0.09,0.61,54912.88,81589.397,0.7109,0.86,14.895,61080.5,14.9067,59042.6867,14.94,59698.7425,14.932,59389.78,14.8538,66335.14,14.751,60828.294,14.5967,52817.1687,14.515,51387.502
788,20160607,600064.SH,14.93,14.96,14.69,14.85,14.93,-0.08,-0.54,67248.12,99471.351,0.8706,0.9,14.89,61107.59,14.94,61294.03,14.93,60509.005,14.924,63712.954,14.7875,64709.1175,14.689,59198.059,14.5433,53153.1713,14.4815,50837.287
789,20160606,600064.SH,15.15,15.17,14.9,14.93,15.04,-0.11,-0.73,54967.06,82460.983,0.7116,0.78,14.985,58316.985,14.9567,58262.6333,14.9425,62829.1625,14.94,74545.84,14.715,60765.2425,14.631,55477.745,14.51,51631.6447,14.453,49236.9755
790,20160603,600064.SH,15.0,15.06,14.85,15.04,14.9,0.14,0.94,61666.91,92229.939,0.7983,0.92,14.97,59910.42,14.9467,65449.8633,14.9425,79440.535,14.822,70710.612,14.6388,58720.6762,14.583,54966.406,14.476,50850.3093,14.4205,49951.421
791,20160602,600064.SH,14.95,14.99,14.81,14.9,14.9,0.0,0.0,58153.93,86573.538,0.7528,0.93,14.9,67341.34,14.91,85365.0767,14.7675,72971.5375,14.696,66758.17,14.5425,54767.935,14.506,51691.396,14.424,49240.7113,14.4105,51449.176
792,20160601,600064.SH,14.99,15.1,14.87,14.9,14.93,-0.03,-0.2,76528.75,114555.677,0.9907,1.4,14.915,98970.65,14.7233,77910.74,14.645,68909.23,14.57,62266.808,14.4863,53730.4025,14.429,49530.863,14.376,48720.076,14.439,51599.519
793,20160531,600064.SH,14.35,14.95,14.33,14.93,14.34,0.59,4.11,121412.55,179729.749,1.5717,3.33,14.635,78601.735,14.56,66369.39,14.4875,58701.3225,14.454,54683.164,14.4075,47778.91,14.353,47873.28,14.334,46545.398,14.47,51212.804
794,20160530,600064.SH,14.4,14.44,14.22,14.34,14.41,-0.07,-0.49,35790.92,51323.386,0.4633,0.91,14.375,38847.81,14.34,37797.58,14.335,38000.8175,14.322,36409.65,14.3075,37170.9162,14.295,40174.547,14.2907,40800.6873,14.5005,50501.6285
795,20160527,600064.SH,14.25,14.49,14.15,14.41,14.27,0.14,0.98,41904.7,60115.338,0.5425,1.14,14.34,38800.91,14.3333,38737.45,14.3175,36564.3325,14.344,39222.2,14.2825,40191.1662,14.303,40920.158,14.2867,43031.6907,14.543,51647.8525
796,20160526,600064.SH,14.35,14.44,14.06,14.27,14.32,-0.05,-0.35,35697.12,50612.628,0.4621,0.97,14.295,37153.825,14.2867,34784.21,14.3275,38551.575,14.316,36624.622,14.275,40506.2312,14.288,40481.982,14.3153,46346.178,14.5945,53735.4915
797,20160525,600064.SH,14.39,14.55,14.3,14.32,14.27,0.05,0.35,38610.53,55697.31,0.4998,0.94,14.295,34327.755,14.3467,39503.06,14.3275,36856.4975,14.288,36794.918,14.2938,41449.97,14.279,41946.71,14.3953,48043.756,14.6355,54416.082
798,20160524,600064.SH,14.4,14.42,14.17,14.27,14.45,-0.18,-1.25,30044.98,42980.296,0.3889,0.68,14.36,39949.325,14.33,36271.82,14.28,36341.015,14.252,41063.396,14.2863,41314.0212,14.274,42476.515,14.4753,50056.0173,14.6775,54654.178
799,20160523,600064.SH,14.33,14.53,14.29,14.45,14.27,0.18,1.26,49853.67,71907.27,0.6454,1.17,14.36,39385.24,14.2833,38439.6933,14.2475,43818.0,14.268,43939.444,14.275,43851.4487,14.275,42996.206,14.56,55198.9547,14.712,55604.5565
800,20160520,600064.SH,14.03,14.28,13.96,14.27,14.13,0.14,0.99,28916.81,40929.975,0.3743,0.65,14.2,32732.705,14.18,41806.11,14.2225,42460.8875,14.262,42618.116,14.2525,43108.3125,14.258,44936.436,14.6093,55789.7367,14.752,55499.96
801,20160519,600064.SH,14.03,14.34,14.03,14.13,14.14,-0.01,-0.07,36548.6,51974.778,0.4731,0.78,14.135,48250.76,14.2067,46975.58,14.26,46043.4425,14.26,44339.342,14.2538,43898.9475,14.315,51206.956,14.6873,59439.1147,14.7905,57954.7315
802,20160518,600064.SH,14.33,14.35,13.96,14.14,14.35,-0.21,-1.46,59952.92,84483.178,0.7761,1.37,14.245,52189.07,14.3033,49208.39,14.2925,46287.0275,14.27,47098.502,14.2725,47987.3687,14.449,53668.175,14.7513,60289.8033,14.855,63254.902
803,20160517,600064.SH,14.46,14.48,14.31,14.35,14.42,-0.07,-0.49,44425.22,63931.651,0.5751,1.06,14.385,43836.125,14.3433,41731.73,14.3025,43884.8975,14.296,43889.634,14.36,51946.005,14.587,54552.328,14.8193,59184.4387,14.9615,62837.317
804,20160516,600064.SH,14.19,14.44,14.05,14.42,14.26,0.16,1.12,43247.03,61787.05,0.5599,0.92,14.34,40384.985,14.2867,43704.79,14.2825,43755.7375,14.282,42052.968,14.5,54037.9512,14.706,60828.71,14.86,59492.9273,15.0485,63753.0815
805,20160513,600064.SH,14.16,14.34,14.14,14.26,14.18,0.08,0.56,37522.94,53474.146,0.4858,0.65,14.22,43933.67,14.2367,43925.3067,14.2475,41754.4525,14.254,47254.756,14.6375,57231.3787,14.783,62375.547,14.9153,59793.908,15.1515,64956.2235
806,20160512,600064.SH,14.18,14.26,13.93,14.18,14.27,-0.09,-0.63,50344.4,70958.843,0.6517,0.84,14.225,47126.49,14.2433,43164.9567,14.2525,49687.71,14.37,58074.57,14.7975,65939.6412,14.901,66989.001,14.9673,62493.1947,15.269,68325.9925
807,20160511,600064.SH,14.36,14.48,14.16,14.27,14.28,-0.01,-0.07,43908.58,63000.145,0.5684,0.67,14.275,39575.235,14.2767,49468.8133,14.4175,60007.1125,14.628,60237.848,14.9238,66986.0162,14.992,66885.454,15.05,68640.3687,15.381,72963.4245
808,20160510,600064.SH,14.29,14.37,14.2,14.28,14.28,0.0,0.0,35241.89,50306.894,0.4562,0.44,14.28,52248.93,14.4667,65373.29,14.7175,64320.165,14.878,65215.022,15.07,71954.6287,15.081,66831.841,15.1833,69153.2113,15.474,74899.959
809,20160509,600064.SH,14.78,14.79,14.23,14.28,14.84,-0.56,-3.77,69255.97,100080.273,0.8965,0.89,14.56,80438.99,14.8633,74012.9233,15.0275,72708.305,15.13,79604.452,15.1713,73713.0087,15.149,68212.907,15.304,70986.4527,15.581,77937.3535
810,20160506,600064.SH,15.5,15.54,14.81,14.84,15.47,-0.63,-4.07,91622.01,138731.436,1.1861,1.21,15.155,76391.4,15.2767,73859.0833,15.3425,82191.5725,15.312,77496.338,15.2813,70477.5687,15.246,66063.484,15.4507,70856.7127,15.6835,80167.0405
811,20160505,600064.SH,15.41,15.52,15.32,15.47,15.52,-0.05,-0.32,61160.79,94454.61,0.7918,0.83,15.495,64977.62,15.51,79048.0933,15.43,73964.92,15.432,75903.432,15.2963,65156.3862,15.266,64702.507,15.5687,71743.1333,15.7555,84112.2095
812,20160504,600064.SH,15.5,15.63,15.41,15.52,15.54,-0.02,-0.13,68794.45,106792.683,0.8906,1.01,15.53,87991.745,15.4167,78232.9633,15.4225,79589.0925,15.356,73533.06,15.2688,63481.505,15.261,72841.629,15.632,77205.2833,15.827,90701.421
813,20160503,600064.SH,15.27,15.66,15.16,15.54,15.19,0.35,2.3,107189.04,166050.893,1.3876,1.89,15.365,82952.22,15.39,83187.3067,15.315,74717.7125,15.284,68448.66,15.2088,64633.7287,15.336,71122.306,15.6727,78128.2713,15.9095,102556.6395
814,20160429,600064.SH,15.3,15.36,15.16,15.19,15.44,-0.25,-1.62,58715.4,89576.38,0.7601,1.07,15.315,71186.44,15.24,63893.9367,15.22,58763.565,15.168,56821.362,15.1938,69054.1,15.391,66677.453,15.7313,77381.654,15.9965,116251.905
815,20160428,600064.SH,15.19,15.5,15.11,15.44,15.09,0.35,2.32,83657.48,128170.769,1.083,1.56,15.265,66483.205,15.23,58779.62,15.1625,56347.8525,15.18,54630.63,15.3288,68164.8275,15.52,67536.9,15.8073,81057.2747,16.0615,127413.0175
816,20160427,600064.SH,15.03,15.28,15.03,15.09,15.16,-0.07,-0.46,49308.93,74722.231,0.6383,0.68,15.125,46340.69,15.07,47244.6433,15.115,47373.9175,15.1,53501.582,15.41,65550.2062,15.637,69662.984,15.8633,86848.4687,16.064,128972.1985
817,20160426,600064.SH,14.99,15.17,14.94,15.16,14.96,0.2,1.34,43372.45,65211.239,0.5615,0.59,15.06,46212.5,15.1233,46728.9133,15.1025,54549.745,15.166,72150.198,15.5838,67800.3237,15.77,79041.395,15.984,96424.208,16.0645,129226.322
818,20160425,600064.SH,15.23,15.23,14.9,14.96,15.25,-0.29,-1.9,49052.55,73502.719,0.635,0.64,15.105,48407.145,15.0833,58275.51,15.1675,79344.635,15.388,73795.952,15.765,75493.5575,15.867,82968.077,16.118,113925.966,16.071,131078.8675
819,20160422,600064.SH,15.07,15.25,15.0,15.25,15.04,0.21,1.4,47761.74,72181.025,0.6183,0.59,15.145,62886.99,15.2367,89441.9967,15.495,79981.8025,15.614,76533.544,15.9475,87248.6187,16.013,87661.8,16.2727,136062.086,16.088,131236.558
820,20160421,600064.SH,15.32,15.48,14.98,15.04,15.42,-0.38,-2.46,78012.24,119135.887,1.0099,0.91,15.23,110282.125,15.5767,90721.8233,15.705,83726.495,15.86,80443.17,16.0575,91608.31,16.121,94270.597,16.3553,151673.8133,16.084,132723.8925
821,20160420,600064.SH,16.34,16.37,15.02,15.42,16.27,-0.85,-5.22,142552.01,222123.632,1.8454,1.66,15.845,97076.615,15.9267,85631.2467,16.065,81050.9025,16.174,85824.386,16.23,93855.5025,16.245,103521.912,16.3853,154129.0707,16.1055,132458.9065
822,20160419,600064.SH,16.2,16.32,16.09,16.27,16.09,0.18,1.12,51601.22,83581.705,0.668,0.56,16.18,57170.865,16.28,60550.5333,16.3625,71642.48,16.374,85932.592,16.3438,90267.715,16.393,108561.213,16.364,148251.6967,16.108,131264.5445
823,20160418,600064.SH,16.34,16.37,16.08,16.09,16.48,-0.39,-2.37,62740.51,101441.896,0.8122,0.64,16.285,65025.19,16.3933,78322.9,16.4,94515.435,16.346,92140.202,16.345,105133.2362,16.483,133990.973,16.2987,150173.1727,16.0705,138218.634
824,20160415,600064.SH,16.61,16.69,16.39,16.48,16.61,-0.13,-0.78,67309.87,111031.015,0.8714,0.62,16.545,86114.095,16.5033,105107.0767,16.41,99490.125,16.412,98790.056,16.4463,121408.8,16.602,165826.357,16.246,149470.896,16.0175,142800.586
825,20160414,600064.SH,16.56,16.81,16.44,16.61,16.42,0.19,1.16,104918.32,174363.985,1.3582,0.87,16.515,124005.68,16.3867,110216.8767,16.395,106660.1025,16.382,108098.024,16.5325,151232.4187,16.603,187289.135,16.1587,150150.8,15.9285,143965.7465
826,20160413,600064.SH,16.32,16.62,16.2,16.42,16.13,0.29,1.8,143093.04,236046.552,1.8524,1.09,16.275,112866.155,16.3233,107240.6967,16.325,108892.95,16.316,121219.438,16.6163,185754.4225,16.491,188281.413,16.0827,148003.7467,15.816,142510.388
827,20160412,600064.SH,16.31,16.5,15.96,16.13,16.42,-0.29,-1.77,82639.27,133985.355,1.0698,0.47,16.275,89314.525,16.2933,97492.92,16.29,115751.0375,16.412,131189.834,16.625,203109.9987,16.359,179411.249,16.0193,146375.1953,15.709,138227.2625
828,20160411,600064.SH,16.6,16.66,16.38,16.42,16.33,0.09,0.55,95989.78,158314.079,1.2426,0.41,16.375,104919.745,16.3433,126788.2933,16.4825,143327.475,16.62,175841.744,16.545,207135.2275,16.275,179189.658,15.9787,153578.1113,15.6235,138071.08
829,20160408,600064.SH,16.13,16.55,16.07,16.33,16.28,0.05,0.31,113849.71,185527.01,1.4738,0.43,16.305,142187.55,16.5033,159106.7067,16.67,195804.735,16.792,232862.658,16.38,201935.43,16.163,174811.316,15.886,157470.7627,15.5005,135311.124
830,20160407,600064.SH,16.91,16.97,16.23,16.28,16.9,-0.62,-3.67,170525.39,280864.15,2.2075,0.67,16.59,181735.205,16.7833,223123.0767,16.9075,262615.895,16.824,266480.246,16.25,197757.1362,16.047,171177.188,15.7773,155921.654,15.388,132130.4495
831,20160406,600064.SH,16.93,16.99,16.65,16.9,17.17,-0.27,-1.57,192945.02,324888.977,2.4978,0.85,17.035,249421.92,17.1167,293312.73,16.96,290468.96,16.666,255343.388,16.1275,182967.2575,15.966,161395.901,15.6493,149607.3713,15.298,127644.355
832,20160405,600064.SH,17.0,17.41,16.79,17.17,17.28,-0.11,-0.64,305898.82,522241.316,3.96,1.68,17.225,343496.585,16.98,322976.94,16.6075,270942.98,16.306,227632.664,15.9113,168537.6837,15.823,153967.876,15.4747,140573.072,15.1845,122333.711
833,20160401,600064.SH,16.28,17.49,16.22,17.28,16.49,0.79,4.79,381094.35,648019.236,4.9334,3.26,16.885,331516.0,16.42,259291.0333,16.09,208066.125,15.93,182537.572,15.6988,139389.3962,15.658,142446.295,15.2913,125480.8587,15.0695,111722.8295
834,20160331,600064.SH,15.68,16.87,15.67,16.49,15.49,1.0,6.46,281937.65,458661.616,3.6498,3.72,15.99,198389.375,15.6933,150390.05,15.5925,132898.3775,15.534,116759.974,15.4725,106585.6987,15.433,119774.815,15.07,102793.946,14.9425,100838.436
835,20160330,600064.SH,15.17,15.53,15.1,15.49,15.1,0.39,2.58,114841.1,175719.131,1.4867,1.7,15.295,84616.25,15.2933,83218.62,15.295,75465.555,15.27,75874.13,15.3513,95178.8687,15.254,100642.358,14.9093,87347.184,14.86,98011.709
836,20160329,600064.SH,15.21,15.32,14.96,15.1,15.29,-0.19,-1.24,54391.4,82273.218,0.7041,0.68,15.195,67407.38,15.23,62340.3733,15.215,66132.3875,15.266,67448.414,15.2938,100121.175,15.141,96739.363,14.842,85078.0107,14.836,103893.8435
837,20160328,600064.SH,15.34,15.66,15.21,15.29,15.3,-0.01,-0.07,80423.36,124206.86,1.0411,0.79,15.295,66314.86,15.2533,70046.05,15.3075,70712.6675,15.34,80303.088,15.2438,104648.885,15.059,97043.276,14.8107,87234.06,14.766,107065.551
838,20160325,600064.SH,15.15,15.31,15.11,15.3,15.17,0.13,0.86,52206.36,79465.566,0.6758,0.43,15.235,64857.395,15.3133,67475.77,15.3525,80273.02,15.386,102355.018,15.1275,104072.3587,14.972,96952.502,14.7827,88117.9153,14.6655,108061.2385
839,20160324,600064.SH,15.38,15.44,15.15,15.17,15.47,-0.3,-1.94,77508.43,118503.784,1.0034,0.62,15.32,75110.475,15.37,89628.5733,15.4075,114892.1825,15.332,122789.656,15.0,104725.38,14.838,95810.932,14.7453,95531.2567,14.571,108342.4455
840,20160323,600064.SH,15.47,15.52,15.26,15.47,15.47,0.0,0.0,72712.52,111914.242,0.9413,0.58,15.47,95688.645,15.4867,127353.4333,15.3725,134109.9625,15.238,125410.586,14.9063,104976.2787,14.729,93083.711,14.7233,105390.902,14.4665,109258.91
841,20160322,600064.SH,15.37,15.61,15.25,15.47,15.52,-0.05,-0.32,118664.77,183317.244,1.5362,1.04,15.495,154673.89,15.34,154575.7767,15.18,138585.1025,15.016,126030.312,14.7175,100986.0462,14.63,93892.809,14.6927,116042.32,14.413,108987.289
842,20160321,600064.SH,15.33,15.65,15.11,15.52,15.03,0.49,3.26,190683.01,293750.417,2.4685,2.08,15.275,172531.28,15.0833,145225.2133,14.9025,127871.6975,14.778,113783.464,14.5438,92432.4775,14.546,90699.546,14.5747,115986.372,14.3535,105870.0825
843,20160318,600064.SH,14.7,15.09,14.61,15.03,14.7,0.33,2.24,154379.55,230519.304,1.9985,2.24,14.865,122496.315,14.6967,106934.5933,14.5925,94558.5775,14.558,91549.986,14.4138,78697.5387,14.481,80999.364,14.4253,109963.312,14.3045,100941.7835
844,20160317,600064.SH,14.37,14.75,14.37,14.7,14.36,0.34,2.37,90613.08,132363.466,1.173,1.49,14.53,83212.115,14.4467,74618.2533,14.44,75842.595,14.344,68832.208,14.3638,70241.6125,14.452,81902.057,14.3173,103526.7087,14.257,95687.6295
845,20160316,600064.SH,14.3,14.43,14.21,14.36,14.28,0.08,0.56,75811.15,108554.676,0.9814,1.23,14.32,66620.84,14.3533,70919.1,14.255,63386.99,14.22,60756.836,14.385,70625.1262,14.466,95381.06,14.2093,103875.018,14.226,94719.242
846,20160315,600064.SH,14.41,14.44,14.11,14.28,14.42,-0.14,-0.97,57430.53,81727.132,0.7435,0.85,14.35,68473.075,14.22,59245.6033,14.185,56993.2575,14.244,61755.306,14.4325,81574.5425,14.531,111048.324,14.212,103306.2813,14.2155,94947.7105
847,20160314,600064.SH,14.09,14.56,14.08,14.42,13.96,0.46,3.3,79515.62,114711.362,1.0294,1.13,14.19,60153.14,14.1533,56847.5,14.235,62836.5,14.314,67615.628,14.5025,102571.115,14.473,117087.826,14.212,103232.2887,14.2065,95879.6765
848,20160311,600064.SH,13.9,14.08,13.78,13.96,14.08,-0.12,-0.85,40790.66,56742.218,0.5281,0.43,14.02,45513.44,14.1733,57276.7933,14.2875,64640.63,14.404,70448.742,14.5763,121692.1362,14.359,119169.975,14.22,104072.3827,14.158,94084.098
849,20160310,600064.SH,14.45,14.54,14.01,14.08,14.48,-0.4,-2.76,50236.22,71937.06,0.6503,0.39,14.28,65519.86,14.3967,72590.62,14.515,77863.2625,14.56,94971.906,14.5438,131321.4975,14.304,120873.959,14.228,104639.4367,14.142,94496.995
850,20160309,600064.SH,14.64,14.64,14.2,14.48,14.63,-0.15,-1.03,80803.5,116283.742,1.046,0.5,14.555,83767.82,14.66,87072.2767,14.68,106155.8275,14.712,130005.284,14.4438,137584.1087,14.204,125434.109,14.228,106040.044,14.128,95877.9005
851,20160308,600064.SH,14.86,14.87,14.04,14.63,14.87,-0.24,-1.61,86732.14,124745.607,1.1228,0.52,14.75,90206.665,14.7467,114606.6033,14.77,142305.73,14.818,160341.342,14.31,134712.4837,14.196,124081.769,14.206,106011.8453,14.087,96634.3405
852,20160307,600064.SH,14.83,15.14,14.69,14.87,14.74,0.13,0.88,93681.19,139678.341,1.2127,0.56,14.805,128543.835,14.8167,160830.26,14.865,178743.6425,14.632,166560.024,14.1163,135850.6812,14.161,121040.619,14.1707,105301.026,14.026,95646.9115
853,20160304,600064.SH,14.71,15.05,14.37,14.74,14.84,-0.1,-0.67,163406.48,241413.423,2.1154,1.11,14.79,194404.795,14.8633,207097.7933,14.5725,184779.7325,14.314,167891.208,14.0575,132550.545,14.128,120884.203,14.076,101962.55,13.9335,93398.579
854,20160303,600064.SH,15.03,15.45,14.8,14.84,15.01,-0.17,-1.13,225403.11,340083.954,2.9179,1.86,14.925,228943.45,14.5167,191904.15,14.2075,169012.39,14.048,146776.012,14.0,119164.815,14.062,109473.202,14.0027,94338.6913,13.855,88172.0775
855,20160302,600064.SH,13.85,15.07,13.66,15.01,13.7,1.31,9.56,232483.79,338705.688,3.0096,2.65,14.355,175154.67,13.9967,150215.4833,13.85,127119.2375,13.696,120862.934,13.9625,102504.055,13.986,94057.424,13.9333,84502.106,13.749,79591.7625
856,20160301,600064.SH,13.37,13.88,13.08,13.7,13.28,0.42,3.16,117825.55,160049.024,1.5253,1.56,13.49,109081.33,13.4633,91997.72,13.3675,92957.72,13.574,87822.196,13.8463,79605.64,13.9,78847.097,13.8433,75398.6733,13.66,72694.495
857,20160229,600064.SH,13.53,13.7,12.68,13.28,13.41,-0.13,-0.97,100337.11,131511.916,1.2989,1.36,13.345,79083.805,13.2567,84668.4433,13.5425,80321.3575,13.69,75521.214,13.8938,73783.1125,13.94,74671.527,13.824,72009.2073,13.64,71889.526
858,20160226,600064.SH,13.26,13.52,12.96,13.41,13.08,0.33,2.52,57830.5,76675.61,0.7486,0.8,13.245,76834.11,13.63,73649.44,13.7925,69317.24,13.942,73877.198,14.0025,71288.5387,13.957,68998.221,13.8067,68567.7027,13.714,69487.1975
859,20160225,600064.SH,14.32,14.34,13.04,13.08,14.4,-1.32,-9.17,95837.72,131348.115,1.2407,1.43,13.74,81558.91,13.92,73146.1533,14.075,77888.8725,14.076,72170.392,14.0888,73568.4575,13.98,68120.031,13.7907,68637.4327,13.777,70349.268
860,20160224,600064.SH,14.1,14.44,14.01,14.4,14.28,0.12,0.84,67280.1,95775.285,0.871,0.96,14.34,61800.37,14.4067,71905.9233,14.325,66253.56,14.276,67251.914,14.135,67039.2487,14.052,66321.692,13.7667,65834.7053,13.848,69443.238
861,20160223,600064.SH,14.53,14.53,14.13,14.28,14.54,-0.26,-1.79,56320.64,80682.337,0.7291,0.76,14.41,74218.835,14.3,65911.38,14.245,67244.8675,14.226,69871.998,14.04,64760.3112,13.978,69186.912,13.6887,67651.928,13.889,70586.0355
862,20160222,600064.SH,14.48,14.56,14.3,14.54,14.08,0.46,3.27,92117.03,132913.22,1.1925,1.44,14.31,70706.75,14.2333,70886.2767,14.2125,73259.8375,14.19,73821.84,13.98,67452.0225,13.891,70253.204,13.6233,70678.9633,13.9415,71626.3535
863,20160219,600064.SH,14.07,14.15,13.96,14.08,14.08,0.0,0.0,49296.47,69306.106,0.6382,0.77,14.08,60270.9,14.1033,66974.1067,14.1025,69248.0425,13.972,64119.244,13.87,67928.9312,13.739,65912.955,13.638,68023.864,13.958,70441.753
864,20160218,600064.SH,14.31,14.36,14.06,14.08,14.15,-0.07,-0.49,71245.33,101344.88,0.9223,1.09,14.115,75812.925,14.11,75898.5667,13.945,67824.9375,13.884,64069.67,13.7863,70139.8175,13.648,66870.953,13.6773,69742.2267,13.991,72128.6905
865,20160217,600064.SH,14.15,14.18,13.9,14.15,14.1,0.05,0.35,80380.52,113100.812,1.0406,1.17,14.125,78225.185,13.9,66684.8067,13.835,62275.755,13.828,65391.47,13.6538,67323.4687,13.512,65126.101,13.7053,70173.6793,14.057,72795.4385
866,20160216,600064.SH,13.54,14.11,13.53,14.1,13.45,0.65,4.83,76069.85,105936.914,0.9848,1.14,13.775,59836.95,13.73,56240.8333,13.7475,61644.2075,13.73,68501.826,13.5313,64635.46,13.42,66541.893,13.7767,70824.048,14.1035,73143.8105
867,20160215,600064.SH,13.01,13.55,12.91,13.45,13.64,-0.19,-1.39,43604.05,58076.382,0.5645,0.64,13.545,46326.325,13.63,56835.66,13.6375,66609.82,13.592,66684.568,13.3588,61851.33,13.34,69107.525,13.8587,70894.5247,14.1795,73453.841
868,20160205,600064.SH,13.8,13.84,13.62,13.64,13.8,-0.16,-1.16,49048.6,67422.194,0.635,0.7,13.72,63451.465,13.7,74278.41,13.6275,72454.6975,13.506,67706.666,13.3313,68218.1287,13.471,69976.174,13.9533,72549.256,14.277,77247.5735
869,20160204,600064.SH,13.69,13.99,13.61,13.8,13.66,0.14,1.02,77854.33,107348.913,1.0079,1.2,13.73,86893.315,13.6233,80256.73,13.4725,72371.1825,13.412,69672.236,13.2888,74802.825,13.574,72578.505,14.0267,74815.0307,14.411,81584.162
870,20160203,600064.SH,13.41,13.75,13.31,13.66,13.41,0.25,1.86,95932.3,130505.199,1.2419,1.49,13.535,81457.93,13.3633,70543.4667,13.315,67626.7125,13.196,64860.732,13.4088,71607.3512,13.644,72564.784,14.1333,75263.428,14.5225,79343.037
871,20160202,600064.SH,13.1,13.48,13.05,13.41,13.02,0.39,3.0,66983.56,89556.778,0.8671,0.94,13.215,57849.05,13.2,58191.5167,13.08,57092.84,13.11,64581.96,13.535,68999.8025,13.8,71985.159,14.228,74691.1387,14.711,81175.7105
872,20160201,600064.SH,13.25,13.29,12.88,13.02,13.17,-0.15,-1.14,48714.54,64072.66,0.6306,0.67,13.095,53795.495,12.97,53795.9333,13.035,63981.56,13.088,71530.482,13.6713,70341.4975,13.992,72999.503,14.3753,75710.2653,14.8955,87426.8455
873,20160129,600064.SH,12.73,13.31,12.71,13.17,12.72,0.45,3.54,58876.45,77130.55,0.7622,0.78,12.945,56336.63,13.04,69070.5667,13.105,77234.4675,13.436,72245.682,13.9463,75519.1862,14.177,74970.551,14.534,80427.876,15.1045,90844.259
874,20160128,600064.SH,13.09,13.27,12.7,12.72,13.23,-0.51,-3.85,53796.81,70029.203,0.6964,0.67,12.975,74167.625,13.0833,83353.8067,13.5025,75587.99,13.736,75484.774,14.2163,77800.505,14.334,77386.428,14.744,85554.804,15.3935,94530.7815
875,20160127,600064.SH,13.3,13.44,12.76,13.23,13.3,-0.07,-0.53,94538.44,124070.706,1.2238,1.19,13.265,98132.305,13.7633,82851.7167,13.99,80906.765,14.092,80268.836,14.485,79629.0312,14.602,80464.776,14.9647,84170.472,15.7375,97173.0545
876,20160126,600064.SH,14.6,14.68,13.28,13.3,14.76,-1.46,-9.89,101726.17,141835.056,1.3169,1.37,14.03,77008.355,14.2433,76362.8733,14.3075,76701.435,14.49,79388.358,14.6738,78191.1287,14.787,79745.728,15.2447,86706.9607,16.06,97537.451
877,20160125,600064.SH,14.78,14.94,14.65,14.76,14.67,0.09,0.61,52290.54,77273.241,0.6769,0.67,14.715,63681.225,14.6433,68359.8567,14.7875,73803.905,14.896,74468.524,14.9363,76047.8937,15.019,77800.157,15.498,92725.6333,16.368,104395.187
878,20160122,600064.SH,14.69,14.86,14.39,14.67,14.5,0.17,1.17,75071.91,109848.841,0.9718,0.95,14.585,76394.515,14.7967,80975.0267,14.93,80013.02,14.918,77695.42,14.9763,80430.0712,15.083,84518.973,15.6607,97043.7847,16.66,110972.487
879,20160121,600064.SH,14.88,15.29,14.46,14.5,15.22,-0.72,-4.73,77717.12,115717.204,1.0061,0.96,14.86,83926.585,15.0167,81660.0567,14.98,78351.2975,14.932,79288.082,15.095,81329.89,15.248,90589.819,15.946,100879.4507,16.943,116361.206
880,20160120,600064.SH,15.25,15.49,14.9,15.22,15.33,-0.11,-0.72,90136.05,137128.945,1.1669,1.13,15.275,83631.525,15.14,78562.69,15.04,79680.8225,15.112,80660.716,15.2075,86550.0875,15.401,86121.29,16.286,102807.794,17.2185,124132.926
881,20160119,600064.SH,14.78,15.4,14.69,15.33,14.87,0.46,3.09,77127.0,116677.221,0.9984,0.95,15.1,72776.01,14.98,76195.7467,15.085,78291.8825,15.084,80103.098,15.345,92255.6275,15.622,90366.262,16.5833,103587.1487,17.4485,126844.244
882,20160118,600064.SH,14.32,15.05,14.2,14.87,14.74,0.13,0.88,68425.02,100754.735,0.8858,0.75,14.805,75730.12,15.0033,78680.1767,15.0225,80847.1225,15.142,81131.79,15.4325,86743.7312,15.799,101854.188,16.8587,114370.7413,17.673,132212.5675
883,20160115,600064.SH,15.25,15.39,14.65,14.74,15.4,-0.66,-4.29,83035.22,124540.269,1.0749,0.81,15.07,83807.755,15.0733,84987.8233,15.21,84308.4825,15.248,91342.526,15.7525,94763.825,16.032,106717.967,17.2407,122064.8427,17.8925,135380.438
884,20160114,600064.SH,14.8,15.46,14.65,15.4,15.08,0.32,2.12,84580.29,127510.143,1.0949,0.92,15.24,85964.125,15.3667,84732.9033,15.375,93419.3525,15.564,101891.556,16.0475,108385.205,16.453,111675.135,17.6133,128718.914,18.1305,139674.319
885,20160113,600064.SH,15.76,15.88,15.01,15.08,15.62,-0.54,-3.46,87347.96,135216.484,1.1308,0.87,15.35,84809.21,15.3667,96365.7067,15.605,106219.3725,15.69,91581.864,16.2725,112445.52,16.873,113881.333,17.9207,138623.6627,18.302,139203.8855
886,20160112,600064.SH,15.42,15.71,15.3,15.62,15.4,0.22,1.43,82270.46,127942.692,1.065,0.67,15.51,100874.58,15.78,112509.8433,15.8425,92640.34,16.16,100629.426,16.7563,118102.8875,17.333,115329.174,18.2367,142424.626,18.496,139290.845
887,20160111,600064.SH,15.97,16.13,15.37,15.4,16.32,-0.92,-5.64,119478.7,188680.74,1.5467,0.98,15.86,127629.535,15.9167,96096.9667,16.295,105219.1675,16.456,122576.586,17.2538,121149.3637,17.717,130990.217,18.5167,149239.4933,18.659,139217.7445
888,20160108,600064.SH,16.48,16.64,15.6,16.32,16.03,0.29,1.81,135780.37,221364.997,1.7577,1.12,16.175,84406.1,16.5933,100465.99,16.72,123351.0575,16.816,122093.408,17.7888,118942.8225,18.237,137426.001,18.774,150059.742,18.8165,137611.537
889,20160107,600064.SH,17.03,17.03,15.91,16.03,17.43,-1.4,-8.03,33031.83,54707.29,0.4276,0.24,16.73,82808.8,16.8533,119207.9533,16.94,118671.6675,17.342,121458.714,18.1813,131830.3875,18.638,142132.593,18.986,152268.5733,18.947,135200.3725
890,20160106,600064.SH,17.2,17.52,16.97,17.43,17.1,0.33,1.93,132585.77,227853.73,1.7164,1.02,17.265,162296.015,17.2433,147218.28,17.67,143565.435,18.056,136180.802,18.7525,150680.9762,19.036,162144.562,19.1727,155077.8927,19.0915,137806.4555
891,20160105,600064.SH,16.75,17.28,16.3,17.1,17.2,-0.1,-0.58,192006.26,324256.722,2.4856,1.38,17.15,154534.535,17.75,147225.3233,18.2125,137079.56,18.506,130028.922,19.115,156963.5412,19.275,163322.226,19.2747,152177.9847,19.165,138911.4405
892,20160104,600064.SH,18.98,19.04,17.18,17.2,18.95,-1.75,-9.23,117062.81,212765.014,1.5118,0.77,18.075,124834.855,18.5833,118770.66,18.8575,114534.5875,18.978,139403.848,19.4788,162106.6987,19.547,162570.947,19.3933,144764.7973,19.302,139250.9695
893,20151231,600064.SH,19.56,19.68,18.88,18.95,19.6,-0.65,-3.32,132606.9,256155.052,1.7125,0.81,19.275,119624.585,19.41,113691.8467,19.4225,144989.1075,19.658,152758.594,19.8063,165519.1487,19.753,164042.909,19.4833,142784.2467,19.3865,138399.085
894,20151230,600064.SH,19.68,19.82,19.38,19.6,19.68,-0.08,-0.41,106642.27,208769.077,1.3772,0.57,19.64,104234.32,19.58,149116.51,19.835,157796.5175,19.934,162806.472,19.915,172004.97,19.808,167673.503,19.482,139780.9253,19.407,137702.268
895,20151229,600064.SH,19.41,19.74,19.24,19.68,19.46,0.22,1.13,101826.37,198426.032,1.315,0.52,19.57,170353.63,19.9133,174847.9333,20.0175,176847.5225,20.016,188108.322,19.8725,175147.49,19.731,164526.438,19.4367,138348.34,19.387,139288.4605
896,20151228,600064.SH,20.81,20.9,19.38,19.46,20.6,-1.14,-5.53,238880.89,478441.113,3.085,1.29,20.03,211358.715,20.13,201854.5733,20.1,209678.81,20.044,196615.53,19.85,183533.2987,19.659,163252.516,19.3847,141872.28,19.343,140958.248
897,20151225,600064.SH,20.25,20.94,20.24,20.6,20.33,0.27,1.33,183836.54,378462.049,2.3741,1.05,20.465,183341.415,20.3133,199944.7833,20.19,186049.19,20.116,185738.046,19.7712,163069.64,19.601,147445.272,19.41,139200.01,19.2825,135578.8885
898,20151224,600064.SH,19.86,20.38,19.82,20.33,20.01,0.32,1.6,182846.29,368652.723,2.3614,1.06,20.17,207998.905,20.0533,186786.74,19.995,186213.4225,19.848,175327.224,19.5663,151225.9662,19.396,137797.073,19.296,133612.582,19.1685,135627.0065
899,20151223,600064.SH,20.0,20.46,19.85,20.01,19.82,0.19,0.96,233151.52,472247.429,3.011,1.65,19.915,188756.965,19.8833,187335.8,19.7275,173447.4575,19.682,172540.534,19.385,138471.2362,19.256,128268.152,19.2313,129334.2,19.15,132880.566
900,20151222,600064.SH,19.9,20.08,19.6,19.82,19.82,0.0,0.0,144362.41,285885.595,1.8644,1.11,19.82,164427.94,19.6333,153546.1033,19.6,157387.7875,19.446,140944.554,19.2025,120246.615,19.147,113468.349,19.1773,123015.1733,19.158,128117.365
901,20151221,600064.SH,19.25,19.93,19.11,19.82,19.26,0.56,2.91,184493.47,362656.61,2.3826,1.69,19.54,158137.95,19.5267,161729.58,19.3525,140090.09,19.274,129889.502,19.0913,113145.9487,19.055,114500.655,19.1093,122405.8207,19.1655,126843.674
902,20151218,600064.SH,19.5,19.59,19.17,19.26,19.5,-0.24,-1.23,131782.43,255608.346,1.7019,1.31,19.38,150347.635,19.1967,125288.9633,19.1375,116238.51,19.086,109152.498,18.9788,100728.4512,19.057,115930.992,19.0047,118859.1693,19.1815,128998.0145
903,20151217,600064.SH,19.09,19.65,18.95,19.5,18.83,0.67,3.56,168912.84,327034.218,2.1814,2.01,19.165,122042.23,19.0967,111057.2033,19.0425,103495.015,18.944,100266.922,18.9338,103591.3312,19.02,112755.261,18.942,122393.6007,19.2185,128530.986
904,20151216,600064.SH,19.11,19.16,18.78,18.83,18.96,-0.13,-0.69,75171.62,142441.288,0.9708,0.87,18.895,82129.385,18.89,81689.0733,18.805,83105.4425,18.83,83995.77,18.9763,107326.8312,19.006,107731.033,18.9727,119660.5767,19.2445,124918.437
905,20151215,600064.SH,19.0,19.25,18.92,18.96,18.88,0.08,0.42,89087.15,169996.815,1.1505,0.9,18.92,84947.8,18.7967,85750.05,18.83,86201.8075,18.848,85992.144,18.9838,110433.5187,19.043,114050.483,19.062,123841.6353,19.2915,129236.5785
906,20151214,600064.SH,18.3,18.9,18.22,18.88,18.55,0.33,1.78,80808.45,149741.489,1.0436,0.66,18.715,84081.5,18.7867,85240.0267,18.82,85218.3925,18.836,99111.808,19.0338,114131.445,19.027,118663.98,19.1293,125828.398,19.3505,138679.21
907,20151211,600064.SH,18.8,18.92,18.49,18.55,18.93,-0.38,-2.01,87354.55,163118.574,1.1281,0.7,18.74,87455.815,18.8,86688.3733,18.825,103687.6475,19.028,122709.486,19.0738,121326.1537,18.964,123712.505,19.2133,135613.1867,19.4405,145556.0155
908,20151210,600064.SH,19.01,19.25,18.8,18.93,18.92,0.01,0.05,87557.08,166976.418,1.1307,0.67,18.925,86355.285,18.9167,109132.0133,19.1475,131548.22,19.096,125243.6,19.105,127309.6,18.941,133456.94,19.31,137952.3407,19.531,154025.669
909,20151209,600064.SH,18.73,19.12,18.67,18.92,18.9,0.02,0.11,85153.49,161161.84,1.0997,0.6,18.91,119919.48,19.22,146211.9333,19.1375,134665.23,19.182,131466.296,19.02,132776.6775,19.044,137492.98,19.3827,138559.326,19.58,156883.433
910,20151208,600064.SH,19.55,19.78,18.88,18.9,19.84,-0.94,-4.74,154685.47,297364.454,1.9977,1.12,19.37,176741.155,19.21,151169.1433,19.2475,143044.4975,19.238,142108.822,18.945,145232.3537,19.169,142766.381,19.4393,143651.39,19.641,161580.2915
911,20151207,600064.SH,19.0,19.99,18.8,19.84,18.89,0.95,5.03,198796.84,385831.863,2.5673,1.59,19.365,149410.98,19.3633,139164.1733,19.3225,138964.66,19.218,138216.152,19.0775,141886.355,19.276,139186.693,19.522,151868.344,19.707,164325.9515
912,20151204,600064.SH,19.15,19.2,18.79,18.89,19.36,-0.47,-2.43,100025.12,189818.693,1.2918,0.71,19.125,109347.84,19.15,119020.6,19.0625,123070.98,18.9,124715.524,19.1188,134272.6875,19.306,142065.037,19.578,153171.5253,19.738,171380.7955
913,20151203,600064.SH,19.17,19.37,18.92,19.36,19.2,0.16,0.83,118670.56,227363.695,1.5326,0.83,19.28,128518.34,19.12,130752.9333,18.9025,130888.125,18.786,141670.28,19.2538,136630.6212,19.417,144306.711,19.676,163619.692,19.7795,177628.958
914,20151202,600064.SH,18.85,19.26,18.51,19.2,18.8,0.4,2.13,138366.12,262622.622,1.7869,0.96,19.0,136794.12,18.75,134960.6467,18.6425,147420.21,18.906,143519.664,19.3513,150244.3362,19.483,142105.841,19.7127,165355.812,19.777,187847.3175
915,20151201,600064.SH,18.3,19.17,18.0,18.8,18.25,0.55,3.01,135222.12,252492.521,1.7463,0.96,18.525,133257.91,18.4567,150438.24,18.8325,144808.05,19.1,143423.94,19.4513,148253.8037,19.54,144422.674,19.7753,168070.7813,19.7915,193661.035
916,20151130,600064.SH,18.42,18.64,16.95,18.25,18.32,-0.07,-0.38,131293.7,237254.251,1.6956,0.82,18.285,158046.3,18.8433,148003.36,19.175,145474.395,19.334,140157.234,19.6038,143433.7712,19.674,158694.44,19.87,173029.218,19.7775,194739.097
917,20151127,600064.SH,19.9,19.96,18.02,18.32,19.96,-1.64,-8.22,184798.9,352828.541,2.3866,1.26,19.14,156358.19,19.4833,150201.2933,19.605,142373.1175,19.712,159414.55,19.7938,147213.865,19.917,167399.526,20.0173,186935.886,19.7675,194175.879
918,20151126,600064.SH,20.28,20.5,19.9,19.96,20.17,-0.21,-1.04,127917.48,257827.545,1.652,0.91,20.065,132902.49,20.0333,128231.19,20.06,153068.4625,20.048,146943.142,20.0213,158856.475,20.121,174594.398,20.1107,189615.184,19.7785,193018.763
919,20151125,600064.SH,19.95,20.42,19.9,20.17,19.97,0.2,1.0,137887.5,278209.211,1.7807,0.95,20.07,128388.045,20.0933,161452.1233,20.07,151699.5575,20.06,140692.018,20.1113,170159.86,20.116,176273.886,20.0673,202623.202,19.6925,190930.0945
920,20151124,600064.SH,20.05,20.1,19.73,19.97,20.14,-0.17,-0.84,118888.59,236409.798,1.5354,0.67,20.055,173234.435,20.0367,156303.5767,20.0325,141393.1475,19.98,145421.408,20.135,185017.375,20.113,180394.202,20.022,210406.7333,19.5925,190940.953
921,20151123,600064.SH,20.59,20.95,20.01,20.14,20.0,0.14,0.7,227580.28,467665.647,2.9391,1.3,20.07,175011.07,20.0533,148894.6667,19.9825,152054.6125,20.014,177231.646,20.1275,188245.3462,20.138,189465.21,19.9253,212933.0513,19.526,192676.429
922,20151120,600064.SH,20.03,20.26,19.92,20.0,20.02,-0.02,-0.1,122441.86,246050.846,1.5813,0.61,20.01,109551.86,19.93,126879.39,19.9825,164644.4875,20.122,175384.502,20.1275,182184.1437,20.17,200696.554,19.786,205762.9887,19.459,195094.3225
923,20151119,600064.SH,19.85,20.08,19.68,20.02,19.77,0.25,1.26,96661.86,191940.255,1.2483,0.46,19.895,129098.155,19.9767,178712.03,20.1525,188620.1625,20.194,202245.654,20.155,193078.745,20.142,210951.205,19.6887,208377.3033,19.3855,201551.073
924,20151118,600064.SH,20.1,20.44,19.6,19.77,20.14,-0.37,-1.84,161534.45,322925.189,2.0861,0.75,19.955,219737.115,20.1967,219272.93,20.2375,228641.6025,20.172,211855.754,20.21,223482.7275,20.071,233588.794,19.57,207676.12,19.25,201910.4345
925,20151117,600064.SH,20.9,20.98,20.11,20.14,20.68,-0.54,-2.61,277939.78,570171.074,3.5894,1.38,20.41,248142.17,20.3933,251010.6533,20.2725,224436.08,20.246,215366.996,20.2038,231414.4675,20.043,242899.396,19.4633,206114.1347,19.1025,202551.944
926,20151116,600064.SH,19.74,20.83,19.74,20.68,20.36,0.32,1.57,218344.56,447201.389,2.8198,0.97,20.52,237546.09,20.3167,206601.5133,20.2725,199723.8,20.262,201698.774,20.1,237051.7137,19.881,230783.754,19.3633,197824.69,19.0,196047.8725
927,20151113,600064.SH,19.64,20.88,19.36,20.36,19.91,0.45,2.26,256747.62,517747.268,3.3157,1.17,20.135,200729.99,20.1367,193516.88,20.1575,197537.3275,20.218,226008.606,19.9513,241588.7025,19.618,220952.232,19.238,201664.2627,18.8525,192702.7545
928,20151112,600064.SH,20.1,20.14,19.64,19.91,20.14,-0.23,-1.14,144712.36,287330.037,1.8689,0.57,20.025,161901.51,20.09,177800.5633,20.1825,218323.8525,20.09,219656.756,19.7213,229093.17,19.436,211443.128,19.116,201319.546,18.7375,187718.742
929,20151111,600064.SH,20.02,20.21,19.75,20.14,20.22,-0.08,-0.4,179090.66,357088.184,2.3129,0.66,20.18,194344.665,20.2733,242861.0167,20.135,238392.855,19.97,255321.834,19.4888,226007.7925,19.269,205586.303,18.9427,198595.328,18.637,187739.8395
930,20151110,600064.SH,20.2,20.56,19.96,20.22,20.46,-0.24,-1.17,209598.67,423640.073,2.7068,0.81,20.34,274746.195,20.1333,258160.2533,19.9275,274379.6275,19.84,270431.796,19.2888,223828.5325,19.072,201487.704,18.7213,198280.26,18.4895,184832.174
931,20151109,600064.SH,20.7,21.5,20.42,20.46,19.72,0.74,3.75,339893.72,707612.649,4.3895,1.57,20.09,282441.045,19.83,295973.28,19.745,285640.0775,19.5,259868.734,19.0413,208396.7125,18.914,195887.648,18.5793,194164.2387,18.353,179949.9045
932,20151106,600064.SH,19.28,19.87,19.12,19.72,19.31,0.41,2.12,224988.37,439083.842,2.9056,1.11,19.515,274013.06,19.5067,267555.53,19.26,239862.4875,19.018,215895.858,18.755,183173.0812,18.748,189492.091,18.3973,181600.804,18.203,171369.3745
933,20151105,600064.SH,19.41,20.38,19.22,19.31,19.49,-0.18,-0.92,323037.75,634098.336,4.1718,2.07,19.4,288839.11,19.1067,244820.5267,18.8425,213622.73,18.782,203229.5,18.62,174249.2987,18.629,192150.941,18.2867,177072.7373,18.0525,165554.6645
934,20151104,600064.SH,18.51,19.5,18.42,19.49,18.52,0.97,5.24,254640.47,486926.477,3.2885,1.92,19.005,205711.915,18.6867,177151.0567,18.65,173277.4375,18.568,155850.772,18.5563,168361.8487,18.429,170232.075,18.1927,165212.508,17.9155,154364.3145
935,20151103,600064.SH,18.19,18.81,18.0,18.52,18.05,0.47,2.6,156783.36,289265.007,2.0248,1.19,18.285,138406.35,18.37,146156.4267,18.3375,131153.3475,18.304,132543.612,18.4363,167978.8987,18.162,162204.492,18.0393,156298.9667,17.7375,143658.364
936,20151102,600064.SH,18.1,18.68,17.92,18.05,18.54,-0.49,-2.64,120029.34,218702.381,1.5501,0.74,18.295,140842.96,18.2767,122610.01,18.25,126483.675,18.328,131906.562,18.285,161362.115,18.119,161311.991,17.9707,153310.2947,17.6045,138473.098
937,20151030,600064.SH,18.69,18.98,18.51,18.54,18.24,0.3,1.64,161656.58,303527.986,2.0877,0.89,18.39,123900.345,18.3167,128635.12,18.3975,134875.8675,18.478,163088.324,18.1313,168154.0275,18.087,164453.277,17.9313,156527.2133,17.5115,135492.4635
938,20151029,600064.SH,18.31,18.5,18.1,18.24,18.17,0.07,0.39,86144.11,157716.087,1.1125,0.47,18.205,112124.39,18.35,125948.9633,18.4625,163446.26,18.476,181072.382,18.075,166429.2487,18.039,163994.356,17.8093,152996.386,17.378,131666.292
939,20151028,600064.SH,18.58,18.96,18.09,18.17,18.64,-0.47,-2.52,138104.67,256414.438,1.7835,0.72,18.405,145851.39,18.5367,189213.6433,18.535,204804.45,18.29,184613.378,18.0113,174591.51,18.005,169893.376,17.698,153868.8287,17.2885,130316.349
940,20151027,600064.SH,18.51,18.8,17.91,18.64,18.8,-0.16,-0.85,153598.11,281468.15,1.9836,0.81,18.72,214768.13,18.6567,227037.71,18.32,196240.555,18.02,191865.372,17.9975,176961.8475,17.907,168176.644,17.5487,147363.2813,17.1965,128493.1125
941,20151026,600064.SH,19.43,19.45,18.61,18.8,18.53,0.27,1.46,275938.15,527684.504,3.5636,1.66,18.665,263757.51,18.2133,210454.7033,17.865,201432.1875,17.91,190717.42,17.905,175903.8725,17.792,164012.161,17.3633,140661.9433,17.108,127913.076
942,20151023,600064.SH,17.47,18.86,17.46,18.53,17.31,1.22,7.05,251576.87,456873.67,3.249,1.71,17.92,177712.98,17.5533,176596.8667,17.6875,169412.2375,17.696,165818.23,17.7037,156528.7725,17.658,153246.658,17.1893,126293.8433,16.996,118888.9655
943,20151022,600064.SH,16.95,17.4,16.81,17.31,16.82,0.49,2.91,103849.09,177967.76,1.3412,0.67,17.065,139106.865,17.4067,142024.0267,17.4875,144378.57,17.602,146916.33,17.5738,139075.8237,17.476,138958.388,17.012,115197.5953,16.8795,111019.8845
944,20151021,600064.SH,18.1,18.1,16.79,16.82,18.09,-1.27,-7.02,174364.64,304615.59,2.2518,1.21,17.455,161111.495,17.5467,157888.3967,17.675,157683.14,17.72,155173.374,17.5925,147130.0775,17.402,138496.554,16.9547,112217.3393,16.8205,114326.0915
945,20151020,600064.SH,17.65,18.18,17.55,18.09,17.73,0.36,2.03,147858.35,264130.908,1.9095,1.08,17.91,149650.275,17.96,152122.64,17.945,150375.5575,17.794,144487.916,17.5788,138921.2687,17.313,125112.236,16.922,107369.026,16.823,113379.725
946,20151019,600064.SH,18.38,18.38,17.52,17.73,18.06,-0.33,-1.83,151442.2,271863.047,1.9558,1.08,17.895,154254.785,17.8967,151214.6267,17.72,143645.3075,17.674,137306.902,17.3888,132842.8187,17.09,115634.205,16.8407,106978.2947,16.6955,113274.5025
947,20151016,600064.SH,17.99,18.22,17.63,18.06,17.9,0.16,0.89,157067.37,282343.509,2.0284,1.2,17.98,151100.84,17.7167,141046.3433,17.66,133773.0775,17.62,140675.086,17.1638,118977.7262,16.936,106531.65,16.7627,103245.8773,16.6155,113600.296
948,20151015,600064.SH,17.13,17.96,17.08,17.9,17.19,0.71,4.13,145134.31,254391.593,1.8743,1.19,17.545,133035.83,17.5267,126008.3133,17.51,136577.015,17.35,131000.446,16.8888,105979.06,16.717,99338.228,16.6387,99054.4027,16.5855,111646.811
949,20151014,600064.SH,17.45,17.63,17.15,17.19,17.49,-0.3,-1.72,120937.35,210740.774,1.5618,1.14,17.34,116445.315,17.38,133724.5833,17.2125,127466.98,17.084,121819.734,16.675,95389.3525,16.572,90739.322,16.5207,100710.3307,16.5705,110767.87
950,20151013,600064.SH,17.41,17.65,17.22,17.49,17.46,0.03,0.17,111953.28,195467.37,1.4458,1.19,17.475,140118.2,17.22,129643.5233,17.0575,122040.33,16.832,105736.556,16.51,90913.8275,16.486,88809.581,16.4993,103010.328,16.629,116344.8145
951,20151012,600064.SH,16.82,17.64,16.8,17.46,16.71,0.75,4.49,168283.12,291337.927,2.1733,2.32,17.085,138488.645,16.9133,125402.68,16.6675,104182.375,16.506,93961.508,16.38,84312.8237,16.424,91813.991,16.3693,105263.7027,16.648,117385.4805
952,20151009,600064.SH,16.6,16.83,16.43,16.71,16.57,0.14,0.84,108694.17,181024.088,1.4037,1.61,16.64,103962.46,16.4033,82815.46,16.2675,75381.105,16.252,72388.214,16.2387,75982.4262,16.334,84531.273,16.2807,104575.366,16.635,117718.464
953,20151008,600064.SH,16.55,16.68,16.36,16.57,15.93,0.64,4.02,99230.75,163870.056,1.2815,1.66,16.25,69876.105,16.12,64276.75,16.1375,63311.725,16.084,67676.01,16.2587,80145.3275,16.283,83081.381,16.3307,105195.5993,16.65,122776.6575
954,20150930,600064.SH,15.99,16.11,15.89,15.93,15.86,0.07,0.44,40521.46,64762.365,0.5233,0.56,15.895,46799.75,15.9933,51338.7167,15.9625,59787.325,16.06,59658.91,16.2575,79673.4762,16.239,90155.629,16.3993,107083.9153,16.66,128148.0285
955,20150929,600064.SH,16.0,16.06,15.8,15.86,16.19,-0.33,-2.04,53078.04,84436.742,0.6855,0.59,16.025,56747.345,15.9733,66209.28,16.0925,64443.2725,16.14,71882.606,16.2912,86382.7,16.333,101647.214,16.5613,119880.9007,16.739,135898.3015
956,20150928,600064.SH,16.17,16.29,15.83,16.19,15.87,0.32,2.02,60416.65,97445.548,0.7802,0.62,16.03,72774.9,16.17,68231.6833,16.21,76583.7475,16.342,89666.474,16.325,100994.5987,16.301,110914.8,16.6953,125193.4713,16.8785,146638.004
957,20150925,600064.SH,16.31,16.41,15.78,15.87,16.45,-0.58,-3.53,85133.15,136724.555,1.0994,0.86,16.16,72139.2,16.2167,81972.78,16.38,96978.93,16.416,96674.332,16.41,112872.1812,16.295,120668.942,16.7627,132828.5473,16.9515,154471.539
958,20150924,600064.SH,16.36,16.57,16.33,16.45,16.33,0.12,0.73,59145.25,97198.776,0.7638,0.49,16.39,80392.595,16.55,100927.5233,16.5525,99559.6275,16.482,98486.752,16.3687,120449.775,16.454,123955.394,16.8387,141143.54,16.991,164092.59
959,20150923,600064.SH,16.5,16.67,16.2,16.33,16.87,-0.54,-3.2,101639.94,166995.809,1.3126,0.77,16.6,121818.66,16.5867,113031.0867,16.49,108322.1275,16.418,120652.348,16.3287,132801.3775,16.569,130796.418,16.86,150977.7347,16.9795,178085.7685
960,20150922,600064.SH,16.66,17.07,16.48,16.87,16.56,0.31,1.87,141997.38,238232.985,1.8338,1.07,16.715,118726.66,16.5433,110549.5233,16.44,125405.45,16.526,131411.822,16.47,134846.0937,16.772,143880.048,16.9387,157236.8667,17.063,188375.1865
961,20150921,600064.SH,16.03,16.66,16.0,16.56,16.2,0.36,2.22,95455.94,156311.417,1.2328,0.66,16.38,94825.595,16.2967,119874.8067,16.44,128765.4325,16.26,132163.126,16.5612,133040.8575,16.872,142956.97,17.0573,165628.514,17.2195,192482.7935
962,20150918,600064.SH,16.33,16.45,15.95,16.2,16.13,0.07,0.43,94195.25,152398.69,1.2165,0.63,16.165,132084.24,16.4,139868.5967,16.185,141339.9225,16.174,144663.552,16.7862,150168.395,16.936,150905.655,17.13,173737.2747,17.451,199204.7795
963,20150917,600064.SH,16.5,17.0,16.09,16.13,16.87,-0.74,-4.39,169973.23,283361.252,2.1951,1.21,16.5,162705.27,16.18,157054.8133,16.1675,157280.6275,16.426,149424.036,16.995,154989.8137,17.017,162471.934,17.1607,185961.2027,17.782,212530.6445
964,20150916,600064.SH,15.5,17.08,15.38,16.87,15.54,1.33,8.56,155437.31,251322.806,2.0074,0.99,16.205,150595.605,16.18,153049.76,16.5,144286.7375,16.72,140940.488,17.1287,155611.0087,17.081,166140.428,17.1667,197230.242,18.099,227507.2805
965,20150915,600064.SH,16.01,16.49,15.21,15.54,16.13,-0.59,-3.66,145753.9,232917.724,1.8823,0.95,15.835,151855.985,16.3767,140569.88,16.6825,137316.2825,17.018,156348.274,17.1462,162413.6,17.145,170149.389,17.242,207362.9747,18.504,244073.5445
966,20150914,600064.SH,17.6,17.62,16.0,16.13,17.46,-1.33,-7.62,157958.07,264362.35,2.0399,1.01,16.795,137977.87,17.0633,134503.7433,17.3875,158996.8675,17.484,153750.814,17.3,170026.6337,17.456,182361.208,17.5393,212589.3493,18.922,262023.507
967,20150911,600064.SH,17.6,17.89,17.15,17.46,17.6,-0.14,-0.8,117997.67,206169.259,1.5239,0.67,17.53,122776.58,17.8067,159343.1333,17.8225,152699.0,17.698,157147.758,17.4725,174722.74,17.608,188274.136,17.8767,217385.1887,19.2255,264710.182
968,20150910,600064.SH,18.0,18.19,17.52,17.6,18.36,-0.76,-4.14,127555.49,228230.742,1.6473,0.67,17.98,180015.865,17.9433,164266.11,17.7575,166935.28,17.608,175519.832,17.6212,193457.0425,17.528,204229.786,18.234,233566.1807,19.436,270585.8435
969,20150909,600064.SH,17.88,18.47,17.67,18.36,17.87,0.49,2.74,232476.24,422426.424,3.0023,1.26,18.115,182621.42,17.81,180061.8767,17.61,187510.9175,17.442,191340.368,17.6275,204648.525,17.39,225375.119,18.5587,256362.878,19.673,280908.6785
970,20150908,600064.SH,16.99,17.98,16.82,17.87,17.2,0.67,3.9,132766.6,231407.417,1.7146,0.63,17.535,153854.695,17.36,172522.4767,17.2125,181056.4,17.272,183950.504,17.415,210283.2662,17.354,232870.325,18.9993,273315.3013,19.862,284459.181
971,20150907,600064.SH,17.29,18.18,16.82,17.2,17.01,0.19,1.12,174942.79,307421.474,2.2593,0.8,17.105,192400.415,16.9933,197153.0,17.1225,196746.48,17.428,210971.602,17.2087,236063.5437,17.567,242008.617,19.4013,298114.4047,20.0075,288202.699
972,20150902,600064.SH,16.2,17.46,16.01,17.01,16.77,0.24,1.43,209858.04,353085.195,2.7102,0.9,16.89,208258.105,17.0967,204014.3767,17.485,219978.805,17.518,219400.514,17.3087,252624.2325,17.966,247503.904,19.7347,300564.3233,20.152,288630.2525
973,20150901,600064.SH,17.7,18.18,16.68,16.77,17.51,-0.74,-4.23,206658.17,362321.843,2.6689,0.8,17.14,201092.545,17.6433,223352.3933,17.645,221786.1325,17.448,232939.74,17.6825,254410.6675,18.547,262589.355,20.0453,302274.514,20.3315,293663.089
974,20150831,600064.SH,18.35,18.35,17.4,17.51,18.65,-1.14,-6.11,195526.92,348704.788,2.5251,0.69,18.08,231699.505,17.9367,226828.7867,17.6175,239510.1325,17.338,259409.87,18.235,257315.3537,19.117,288874.133,20.4167,310764.782,20.541,297940.057
975,20150828,600064.SH,18.02,18.98,17.72,18.65,17.65,1.0,5.67,267872.09,487660.031,3.4594,0.98,18.15,242479.72,17.6533,254171.2033,17.295,275380.6075,17.436,281790.146,18.8987,277963.5575,19.863,317997.7,20.7253,317962.0733,20.6465,306073.4115
976,20150827,600064.SH,17.08,17.69,16.45,17.65,16.66,0.99,5.94,217087.35,372669.79,2.8036,0.79,17.155,247320.76,16.8433,277883.4467,17.1325,285269.66,17.706,273045.632,19.3762,303167.79,20.388,341685.806,20.8673,313946.398,20.804,308788.866
977,20150826,600064.SH,16.97,17.5,16.23,16.66,16.22,0.44,2.71,277554.17,469041.094,3.5845,0.95,16.44,308281.495,16.96,307997.0967,17.72,287035.2025,18.414,275607.294,20.2912,336877.195,20.843,341146.228,21.03,311706.832,21.0865,322955.897
978,20150825,600064.SH,16.35,17.67,16.2,16.22,18.0,-1.78,-9.89,339008.82,562091.152,4.3781,1.06,17.11,323218.56,18.0733,290195.5467,18.8525,275120.575,19.646,292238.97,21.1962,365277.0675,21.344,336941.901,21.2927,313904.2053,21.482,334129.226
979,20150824,600064.SH,19.0,19.45,18.0,18.0,20.0,-2.0,-10.0,307428.3,558416.859,3.9703,0.87,19.0,265788.91,19.73,253824.4933,20.5025,280546.5075,20.896,318338.396,21.9437,349362.4112,21.956,336442.238,21.6087,310783.4527,21.788,340808.0005
980,20150821,600064.SH,20.3,21.02,19.8,20.0,21.19,-1.19,-5.62,224149.52,458131.956,2.8948,0.55,20.595,227022.59,21.3367,271585.91,21.62,321065.92,22.29,354205.254,22.4025,340372.7362,22.37,336048.037,21.7167,314167.8333,22.04,367933.01
981,20150820,600064.SH,22.38,22.66,21.1,21.19,22.82,-1.63,-7.14,229895.66,505603.796,2.969,0.57,22.005,295304.105,22.16,353371.3867,22.8625,386719.1875,23.07,410325.98,22.695,354105.57,22.448,334396.781,21.8367,320703.2773,22.2255,373970.5105
982,20150819,600064.SH,21.17,23.27,20.3,22.82,22.47,0.35,1.56,360712.55,782738.772,4.6584,0.95,22.645,415109.25,23.42,438993.6967,23.54,455433.56,23.272,406685.162,22.8137,363304.3987,22.338,329756.601,21.9773,338738.7647,22.2435,374490.8605
983,20150818,600064.SH,24.97,25.32,22.47,22.47,24.97,-2.5,-10.01,469505.95,1101452.997,6.0634,1.32,23.72,478134.27,23.78,487007.23,23.385,418178.315,23.042,381644.832,22.5587,344169.95,22.116,324736.823,22.094,348092.6447,22.147,365073.5165
984,20150817,600064.SH,24.29,25.28,24.11,24.97,23.9,1.07,4.48,486762.59,1208802.781,6.2863,1.53,24.435,495757.87,23.69,401069.1033,23.185,359679.5525,23.016,354546.08,22.2613,308418.4387,21.965,307005.981,22.0853,348297.8687,22.079,349486.7585
985,20150814,600064.SH,22.82,24.4,22.82,23.9,22.2,1.7,7.66,504753.15,1198107.897,6.5186,1.95,23.05,358222.36,22.59,317318.54,22.5275,321491.9525,22.45,317890.82,21.715,286387.4612,21.43,294149.123,21.9567,372508.9287,21.893,338354.7015
986,20150813,600064.SH,21.48,22.21,21.36,22.2,21.67,0.53,2.45,211691.57,463578.565,2.7339,0.84,21.935,223601.235,22.07,260404.8867,22.0875,271175.2375,21.826,258467.582,21.3475,259818.0087,21.22,275891.926,21.944,361852.0207,21.779,325261.097
987,20150812,600064.SH,22.01,22.34,21.65,21.67,22.34,-0.67,-3.0,235510.9,517926.794,3.0415,0.88,22.005,284761.545,22.05,291003.1267,21.7325,270161.585,21.404,252828.04,21.025,278130.8137,21.33,304765.566,21.9007,363759.4267,21.6885,326492.1065
988,20150811,600064.SH,22.3,22.85,22.0,22.34,22.14,0.2,0.9,334012.19,751075.48,4.3136,1.29,22.24,318749.24,21.7533,281711.8133,21.3375,257157.325,21.19,267828.814,21.0413,288964.5987,21.62,331316.551,21.8487,359549.7447,21.5975,329908.559
989,20150810,600064.SH,21.05,22.35,21.05,22.14,20.78,1.36,6.54,303486.29,659545.408,3.9193,1.12,21.46,255561.625,21.0033,231539.0367,20.9025,251282.97,20.914,259465.882,21.1613,309766.5712,21.62,345173.763,21.7667,347800.318,21.5835,338123.5085
990,20150807,600064.SH,20.23,20.88,20.23,20.78,20.09,0.69,3.43,207636.96,429265.395,2.6815,0.71,20.435,195565.41,20.49,233881.8633,20.6075,248460.78,20.41,270407.426,21.465,334458.3787,21.71,399817.983,21.7073,345175.9953,21.569,343402.3875
991,20150806,600064.SH,19.8,20.54,19.79,20.09,20.6,-0.51,-2.48,183493.86,369490.261,2.3697,0.51,20.345,247004.315,20.55,262068.72,20.3175,286100.0425,20.614,293316.27,21.66,367576.7975,22.003,413544.24,21.7633,347525.602,21.523,342749.645
992,20150805,600064.SH,20.97,21.84,20.42,20.6,20.96,-0.36,-1.72,310514.77,653574.529,4.0101,0.79,20.78,301356.15,20.3933,320302.1033,20.745,320771.8725,21.256,356703.092,22.0288,450881.1263,22.149,419225.12,21.7833,351046.7953,21.421,345131.688
993,20150804,600064.SH,19.62,21.0,19.62,20.96,19.62,1.34,6.83,292197.53,595519.598,3.7736,0.68,20.29,325195.77,20.7933,324190.9067,21.42,368250.1725,22.05,394804.288,22.4175,455179.2213,22.178,405410.21,21.7333,350601.8073,21.2115,370697.614
994,20150803,600064.SH,21.2,21.46,19.62,19.62,21.8,-2.18,-10.0,358194.01,719760.711,4.6259,0.68,20.71,340187.595,21.5733,393601.0533,22.3225,420455.9775,22.326,430881.644,22.4913,448692.3625,22.193,391967.536,21.8067,364342.7173,21.071,378368.609
995,20150731,600064.SH,22.83,23.28,21.15,21.8,23.3,-1.5,-6.44,322181.18,718088.134,4.1608,0.6,22.55,411304.575,23.2233,441209.9667,23.0025,449053.5525,23.01,529228.54,22.65,425463.82,22.356,382560.28,21.9553,367734.0413,21.0975,391699.194
996,20150730,600064.SH,24.48,24.88,23.0,23.3,24.57,-1.27,-5.17,500427.97,1209220.697,6.4627,1.04,23.935,500724.36,23.4033,491344.3433,23.3125,580990.38,23.392,533772.21,22.5638,404912.5213,22.338,374630.268,21.826,359227.4367,20.9285,396053.2045
997,20150729,600064.SH,23.0,24.57,22.31,24.57,22.34,2.23,9.98,501020.75,1176654.24,6.4704,1.2,23.455,486802.53,23.3167,607844.5167,23.415,542108.27,23.042,481747.148,22.3075,375374.2063,22.047,348218.647,21.476,341274.5533,20.667,386281.78
998,20150728,600064.SH,22.55,24.08,20.74,22.34,23.04,-0.7,-3.04,472584.31,1047272.536,6.1032,1.34,22.69,661256.4,23.03,555804.11,22.66,476928.7475,22.306,416016.132,21.9388,343106.745,21.575,328500.567,20.932,362662.056,20.3775,378041.8105
999,20150727,600064.SH,23.9,25.78,22.67,23.04,23.71,-0.67,-2.83,849928.49,2075178.139,10.9763,3.6,23.375,597414.01,22.7667,478376.8933,22.2975,401874.0875,22.06,353053.428,21.695,313572.6763,21.547,331073.254,20.6527,360864.264,20.2355,374571.029
1000,20150724,600064.SH,23.0,23.71,22.55,23.71,21.55,2.16,10.02,344899.53,813263.206,4.4542,1.6,22.63,292601.095,22.05,252522.62,21.815,228834.6625,21.702,235892.02,21.2963,245311.6088,21.428,286986.792,20.46,345856.0787,19.978,347379.6695
1001,20150723,600064.SH,20.75,21.57,20.75,21.55,20.89,0.66,3.16,240302.66,512676.262,3.1034,1.12,21.22,206334.165,21.1833,190146.3733,21.2,208640.1425,21.284,215488.326,21.09,264488.065,21.043,271955.05,20.1073,350146.8693,19.783,342625.78
1002,20150722,600064.SH,21.21,21.48,20.52,20.89,21.11,-0.22,-1.04,172365.67,362252.848,2.226,0.72,21.0,165068.23,21.0833,198085.97,21.2175,209284.7425,21.052,214690.146,21.1275,285583.2163,20.693,271038.256,19.8753,354459.9907,19.806,344911.715
1003,20150721,600064.SH,20.8,21.43,20.51,21.11,21.25,-0.14,-0.66,157770.79,331738.969,2.0375,0.51,21.18,210946.12,21.3267,221591.1,21.0925,225271.265,20.844,240985.002,20.9988,288360.2713,20.245,335985.018,19.7347,365383.7033,19.887,347625.419
1004,20150720,600064.SH,21.65,22.01,20.68,21.25,21.62,-0.37,-1.71,264121.45,567196.674,3.411,0.78,21.435,253501.255,21.0867,247771.4233,20.7775,261788.555,21.034,309093.08,20.6163,297530.7625,19.949,364769.682,19.6273,381743.5627,19.9345,350830.511
1005,20150717,600064.SH,20.5,21.9,20.43,21.62,20.39,1.23,6.03,242881.06,513096.238,3.1367,0.74,21.005,239596.41,20.62,261010.9233,20.98,320335.9875,21.154,338081.564,20.0113,367244.7425,19.839,400838.108,19.4033,384542.2193,19.9875,348714.241
1006,20150716,600064.SH,19.85,21.02,18.08,20.39,19.85,0.54,2.72,236311.76,477413.632,3.0518,0.72,20.12,270075.855,20.7667,346154.2967,21.0375,361881.69,20.802,328421.774,19.5775,392586.7888,19.519,417476.141,19.2827,385004.9313,20.136,345679.5225
1007,20150715,600064.SH,21.13,21.71,19.85,19.85,22.06,-2.21,-10.02,303839.95,626352.551,3.9239,0.7,20.955,401075.565,21.2533,403738.3333,20.905,351449.2775,20.334,327386.366,19.5475,441148.5325,19.287,424344.913,19.3907,388318.9047,20.3995,343914.3595
1008,20150714,600064.SH,22.5,23.82,21.2,22.06,21.85,0.21,0.96,498311.18,1118639.73,6.4354,1.19,21.955,453687.525,21.2567,367319.0533,20.455,333272.97,19.646,430985.034,19.3688,454326.2125,19.18,427583.054,19.568,383172.2247,20.696,339962.846
1009,20150713,600064.SH,20.95,21.85,20.5,21.85,19.86,1.99,10.02,409063.87,876807.112,5.2828,0.88,20.855,301822.99,19.92,278260.2333,19.0425,414153.4975,18.864,420446.284,18.87,430162.25,18.924,418068.804,19.568,364742.988,20.8945,329708.689
1010,20150710,600064.SH,19.27,19.86,19.27,19.86,18.05,1.81,10.03,194582.11,383651.926,2.5129,0.38,18.955,212858.415,18.1067,415850.04,18.1175,423291.8875,18.524,463594.652,18.4863,421056.9363,18.528,407772.547,19.5987,352258.4667,21.1725,323154.7735
1011,20150709,600064.SH,16.4,18.05,16.4,18.05,16.41,1.64,9.99,231134.72,405152.255,2.985,0.44,17.23,526484.005,17.5367,499528.48,18.19,530847.7875,18.236,506530.508,18.4413,447130.2575,18.523,413296.51,19.914,351432.1053,21.558,327675.5635
1012,20150708,600064.SH,16.34,17.4,16.34,16.41,18.15,-1.74,-9.59,821833.29,1373795.703,10.6135,1.94,17.28,633725.36,18.2367,630752.1433,18.2825,575379.455,18.24,521303.46,18.4213,456501.08,18.919,418785.174,20.4213,349423.6907,22.0575,340233.8955
1013,20150707,600064.SH,19.45,20.72,18.14,18.15,20.15,-2.0,-9.93,445617.43,854642.653,5.7549,1.07,19.15,535211.57,18.9067,493228.1767,18.6975,446171.0025,18.714,424181.074,18.8463,384999.6362,19.529,359265.82,21.046,309622.1167,22.5765,315204.9755
1014,20150706,600064.SH,20.26,20.26,17.4,20.15,18.42,1.73,9.39,624805.71,1213311.667,8.069,1.78,19.285,517033.55,18.88,446355.5267,18.855,418821.985,18.984,415691.324,19.3287,365050.1275,19.92,336891.34,21.5713,299462.824,22.988,309131.813
1015,20150703,600064.SH,17.8,19.65,16.74,18.42,18.07,0.35,1.94,409261.39,751602.68,5.2854,1.28,18.245,357130.435,18.4233,350160.7433,18.6925,363412.7275,18.532,351950.442,19.6237,315279.3825,20.136,296590.374,22.0553,276341.4807,23.319,297181.4145
1016,20150702,600064.SH,19.16,19.51,17.33,18.07,18.78,-0.71,-3.78,304999.48,569148.653,3.9389,0.96,18.425,320610.42,18.7833,348129.84,18.56,337622.705,18.81,320062.512,20.0787,291855.7875,20.753,273882.904,22.6653,268057.2487,23.712,292529.277
1017,20150701,600064.SH,19.2,20.41,18.63,18.78,19.5,-0.72,-3.69,336221.36,664984.241,4.3421,1.14,19.14,369695.02,18.7233,348497.1133,18.995,323828.27,19.598,316266.888,20.6088,281455.3587,21.512,263483.806,23.33,279877.374,24.1525,298748.8425
1018,20150630,600064.SH,18.1,19.55,16.3,19.5,17.89,1.61,9.0,403168.68,729894.109,5.2067,1.56,18.695,354634.99,19.0667,319697.24,19.8025,311278.27,20.344,294350.566,21.335,262201.025,22.212,252342.638,23.864,278879.6093,24.606,305270.837
1019,20150629,600064.SH,20.5,20.5,17.83,17.89,19.81,-1.92,-9.69,306101.3,577779.816,3.9531,1.27,18.85,277961.52,19.9033,280648.1333,20.555,267146.0375,20.856,258091.356,22.105,236931.0025,22.865,241348.574,24.3227,273611.976,24.993,308415.6735
1020,20150626,600064.SH,20.99,21.57,19.81,19.81,22.01,-2.2,-10.0,249821.74,511411.303,3.2263,1.1,20.91,267921.55,21.4433,254160.95,21.5975,246088.87,21.74,241230.306,23.0913,226769.55,23.817,238537.0,24.9147,278925.072,25.397,322714.7285
1021,20150625,600064.SH,22.8,23.46,21.56,22.01,22.51,-0.5,-2.22,286021.36,653095.187,3.6938,1.36,22.26,256330.555,22.1933,244844.58,22.2225,239082.4475,22.696,227703.296,23.8688,232195.3375,24.593,242054.617,25.346,283351.532,25.6285,343023.869
1022,20150624,600064.SH,22.49,22.66,21.8,22.51,22.06,0.45,2.04,226639.75,506769.045,2.9269,1.08,22.285,224256.19,22.2933,223436.1433,22.8675,213123.78,23.426,210700.724,24.5438,231190.8625,25.196,261682.617,25.6707,292909.494,25.7775,361059.4565
1023,20150623,600064.SH,22.21,22.49,20.4,22.06,22.31,-0.25,-1.12,221872.63,479217.652,2.8654,0.99,22.185,221834.34,22.9867,208618.4567,23.655,206715.9675,24.08,210334.71,25.1763,238485.6325,25.624,271144.131,26.0267,308910.9273,25.8,373576.912
1024,20150619,600064.SH,24.3,24.49,22.13,22.31,24.59,-2.28,-9.27,221796.05,516746.397,2.8644,0.94,23.45,201991.37,24.1867,201663.7467,24.585,207450.23,24.874,224605.792,25.9238,271039.2237,26.056,281372.286,26.372,325190.446,25.84,381115.2365
1025,20150618,600064.SH,25.5,26.1,24.49,24.59,25.66,-1.07,-4.17,182186.69,463917.668,2.3528,0.71,25.125,191597.595,25.3433,202668.29,25.515,225308.2275,25.894,235843.694,26.4838,283471.5787,26.502,297772.455,26.616,349876.2027,25.836,385512.799
1026,20150617,600064.SH,25.76,26.16,24.51,25.66,25.78,-0.12,-0.47,201008.5,509377.923,2.5959,0.64,25.72,212909.09,25.8233,239682.0733,26.22,249257.945,26.49,256405.938,26.7075,301217.515,26.671,311175.65,26.606,381464.06,25.71,388477.5575
1027,20150616,600064.SH,25.57,26.48,25.44,25.78,26.03,-0.25,-0.96,224809.68,584299.005,2.9033,0.68,25.905,259018.86,26.4067,265341.0933,26.6975,270255.2975,26.966,312664.51,26.8463,324316.17,26.793,334013.879,26.5613,411179.034,25.5115,395641.3215
1028,20150615,600064.SH,27.3,27.41,25.87,26.03,27.41,-1.38,-5.03,293228.04,777511.252,3.7869,0.87,26.72,285606.8,27.0033,285403.8367,27.2625,334628.2175,27.168,331953.552,26.9088,335742.29,27.0,358199.036,26.3733,427990.9793,25.2665,394793.4875
1029,20150612,600064.SH,27.78,27.97,27.12,27.41,27.57,-0.16,-0.58,277985.56,763457.185,3.59,0.77,27.49,281491.735,27.6733,348428.2767,27.4525,341634.93,27.238,338138.78,27.015,352762.6337,27.121,375482.773,26.162,433285.0513,24.9705,386778.46
1030,20150611,600064.SH,27.8,28.2,27.22,27.57,28.04,-0.47,-1.68,284997.91,785295.275,3.6806,0.78,27.805,383649.635,27.4667,362851.3867,27.195,353177.085,27.11,359701.216,27.07,376347.095,26.977,406892.457,25.8167,435402.5007,24.6,381593.9515
1031,20150610,600064.SH,26.51,28.77,26.06,28.04,26.79,1.25,4.67,482301.36,1335516.356,6.2286,1.36,27.415,401778.125,27.07,375903.4767,26.995,378377.0425,26.852,365945.362,27.0288,398980.5325,26.664,443993.121,25.45,432501.4307,24.2505,375461.8105
1032,20150609,600064.SH,26.34,27.35,26.05,26.79,26.38,0.41,1.55,321254.89,857851.985,4.1488,0.84,26.585,322704.535,26.6467,343735.6033,26.555,336856.3625,26.62,355363.248,26.77,412703.1625,26.359,460436.296,25.0267,423300.2587,23.9,362575.9725
1033,20150608,600064.SH,26.69,26.69,25.78,26.38,26.77,-0.39,-1.46,324154.18,849995.244,4.1863,0.79,26.575,354975.96,26.4767,342056.8533,26.5775,363890.3375,26.832,384444.52,26.4763,454546.87,25.976,476009.693,24.6327,415740.1327,23.633,357317.7935
1034,20150605,600064.SH,27.14,27.5,26.17,26.77,26.28,0.49,1.86,385797.74,1038395.669,4.9824,0.85,26.525,351008.19,26.6433,377135.7233,26.945,399517.105,27.004,412826.766,26.3025,494869.2362,25.624,480858.187,24.2147,402991.6867,23.3815,352808.473
1035,20150604,600064.SH,26.78,26.78,24.68,26.28,26.88,-0.6,-2.23,316218.64,817688.769,4.0838,0.61,26.58,372804.715,27.0033,404090.2267,27.0625,419584.0225,26.844,454083.698,25.8263,506268.1262,25.17,473253.143,23.7633,388891.53,23.097,341746.456
1036,20150603,600064.SH,27.8,27.8,26.16,26.88,27.85,-0.97,-3.48,429390.79,1151980.687,5.5453,0.76,27.365,448026.02,27.3233,454039.15,26.985,488549.9625,26.476,522040.88,25.3988,513320.6862,24.749,465779.465,23.3833,378633.96,22.811,338951.402
1037,20150602,600064.SH,28.5,29.2,27.01,27.85,27.24,0.61,2.24,466661.25,1310845.526,6.0267,0.82,27.545,466363.33,27.02,508269.6867,26.375,545203.4025,26.098,565509.344,24.8175,498365.25,24.23,457268.764,22.9933,364980.214,22.482,328915.0545
1038,20150601,600064.SH,26.25,27.38,26.25,27.24,25.97,1.27,4.89,466065.41,1247123.019,6.019,0.85,26.605,529073.905,25.8833,571384.12,25.66,590221.3675,25.12,567574.866,24.095,470217.8262,23.533,431387.939,22.5667,348275.5513,22.1415,320057.84
1039,20150529,600064.SH,24.63,26.08,22.48,25.97,24.44,1.53,6.26,592082.4,1488388.845,7.6464,1.2,25.205,624043.475,25.1333,631606.6867,24.59,592952.23,24.244,548889.608,23.4013,454995.1225,22.82,398074.147,22.174,332802.3753,21.903,307095.8645
1040,20150528,600064.SH,25.0,27.0,24.3,24.44,24.99,-0.55,-2.2,656004.55,1692286.096,8.4719,1.6,24.715,651368.83,24.13,593242.1733,23.8125,538091.41,23.496,492422.588,22.765,406966.4475,22.223,356295.446,21.848,304300.7087,21.7545,298409.318
1041,20150527,600064.SH,22.96,25.26,22.32,24.99,22.96,2.03,8.84,646733.11,1519854.283,8.3522,1.85,23.975,561860.985,23.6033,498787.03,23.26,451527.0975,23.022,409518.05,22.2238,341581.815,21.837,306930.5,21.5893,277921.576,21.6285,272268.034
1042,20150526,600064.SH,23.11,23.23,22.54,22.96,22.86,0.1,0.44,476988.86,1089189.199,6.16,1.62,22.91,424813.99,22.6833,386458.4267,22.53,350214.285,22.362,349028.184,21.6,282527.1,21.441,264715.649,21.2767,250050.2913,22.0115,249749.0785
1043,20150525,600064.SH,22.28,23.04,22.28,22.86,22.23,0.63,2.83,372639.12,844798.714,4.8124,1.51,22.545,341193.21,22.3867,307956.0933,22.2125,317038.015,21.946,295201.012,21.3025,243197.8787,21.29,238625.894,21.1487,237552.1647,22.5365,236676.1465
1044,20150522,600064.SH,22.53,22.68,22.0,22.23,22.07,0.16,0.73,309747.3,690016.224,4.0002,1.41,22.15,275614.58,21.9967,298504.3133,21.7175,275841.485,21.396,247258.686,21.0737,224691.0637,21.139,224758.759,21.1227,226497.95,23.0575,230576.005
1045,20150521,600064.SH,21.76,22.34,21.76,22.07,21.69,0.38,1.75,241481.86,531285.897,3.1186,1.18,21.88,292882.82,21.5467,264539.5467,21.1875,231636.5325,20.95,220168.304,20.9762,212984.065,21.024,210239.769,21.174,233738.228,23.4705,225244.865
1046,20150520,600064.SH,21.18,22.57,20.92,21.69,20.88,0.81,3.88,344283.78,752656.906,4.4462,1.91,21.285,276068.39,20.8933,228354.7567,20.67,214839.915,20.652,204342.95,20.8862,212044.8037,20.873,212123.339,21.164,226518.0287,23.8355,226288.0765
1047,20150519,600064.SH,20.0,20.97,19.9,20.88,20.11,0.77,3.83,207853.0,426741.516,2.6843,1.14,20.495,170390.245,20.33,171691.96,20.3925,169357.7425,20.52,180403.114,20.81,189579.0062,20.734,200561.345,21.8947,216656.0433,24.16,216504.2835
1048,20150518,600064.SH,19.58,20.39,19.52,20.11,20.0,0.11,0.55,132927.49,266583.104,1.7167,0.66,20.055,153611.44,20.23,156525.99,20.43,173540.6425,20.634,182050.776,20.77,196137.0762,20.75,208727.741,22.7333,217167.858,24.4635,212792.3685
1049,20150515,600064.SH,20.48,20.48,19.75,20.0,20.58,-0.58,-2.82,174295.39,349210.431,2.2509,0.87,20.29,168325.24,20.5367,187078.36,20.765,194331.5975,20.882,202258.832,20.7937,208104.12,20.986,216117.582,23.6113,225015.1113,24.8255,212818.299
1050,20150514,600064.SH,21.1,21.19,20.53,20.58,21.03,-0.45,-2.14,162355.09,336370.881,2.0967,0.74,20.805,193469.845,21.02,201010.3333,21.1025,209249.6925,21.098,200311.234,20.9237,222506.8162,21.286,240523.19,24.3107,226937.052,25.202,208322.3255
1051,20150513,600064.SH,21.45,21.45,20.87,21.03,21.45,-0.42,-1.96,224584.6,473344.892,2.9004,1.02,21.24,220337.955,21.2767,224881.2267,21.2275,209800.27,21.094,219903.728,21.16,228065.6675,21.42,237605.568,24.8967,233603.1187,25.515,206116.9745
1052,20150512,600064.SH,21.35,21.56,21.03,21.45,21.35,0.1,0.47,216091.31,460402.956,2.7907,0.92,21.4,225029.54,21.2933,204872.16,21.11,218733.51,20.948,220719.576,21.4062,252286.5262,22.582,234782.508,25.3733,228538.0067,25.858,200606.7965
1053,20150511,600064.SH,21.4,21.49,20.82,21.35,21.08,0.27,1.28,233967.77,497747.664,3.0216,1.02,21.215,199262.585,20.9967,219614.2433,20.8225,221876.6425,20.866,235404.706,21.465,241922.4712,23.783,234726.399,25.74,223039.566,26.2175,198428.86
1054,20150508,600064.SH,20.82,21.18,20.42,21.08,20.56,0.52,2.53,164557.4,342273.215,2.1252,0.59,20.82,212437.48,20.6467,217846.2667,20.745,235763.94,21.09,229976.332,22.8775,237220.75,24.976,236393.251,26.14,216338.1213,26.5425,192741.297
1055,20150507,600064.SH,19.84,20.96,19.3,20.56,20.3,0.26,1.28,260317.56,531208.906,3.3619,1.02,20.43,244490.7,20.6333,259499.4533,21.0925,246331.065,21.474,280735.146,24.425,243592.3525,25.917,240249.961,26.57,210992.6893,26.8545,191660.5
1056,20150506,600064.SH,21.06,21.37,20.14,20.3,21.04,-0.74,-3.52,228663.84,476550.28,2.9531,0.92,20.67,259090.4,21.27,241668.9,21.7025,285839.5425,21.746,255307.408,26.015,242382.1937,26.798,240452.814,26.9887,201521.39,27.1845,187018.5195
1057,20150505,600064.SH,22.45,22.47,20.76,21.04,22.47,-1.43,-6.36,289516.96,623785.852,3.7389,1.24,21.755,248171.43,22.17,304898.11,22.1075,261968.3,24.216,248845.44,27.2887,239189.7762,27.586,232447.222,27.4947,193902.5367,27.5695,181644.9145
1058,20150504,600064.SH,22.95,23.13,22.26,22.47,23.0,-0.53,-2.3,206825.9,468502.367,2.671,0.85,22.735,312588.685,22.4633,252785.4133,25.01,238677.56,26.7,234048.092,28.33,235793.4175,28.177,216856.996,28.0013,186103.578,27.913,175696.552
1059,20150430,600064.SH,21.79,23.44,21.0,23.0,21.92,1.08,4.93,418351.47,929167.731,5.4028,2.09,22.46,275765.17,25.8567,249294.78,27.7575,240853.64,28.862,242810.17,29.0437,228516.17,28.665,209519.016,28.36,180329.6187,28.134,174497.209
1060,20150429,600064.SH,21.53,22.52,21.2,21.92,21.7,0.22,1.01,133178.87,293519.975,2.5799,0.59,27.285,164766.435,29.3433,181687.6967,30.3275,198924.845,30.36,199764.776,29.5375,192924.0737,29.118,176121.461,28.648,161968.9513,28.256,159106.3675
1061,20150428,600064.SH,33.46,33.8,31.8,32.65,33.46,-0.81,-2.42,196354.0,636415.859,3.8037,0.91,33.055,205942.11,33.13,220840.17,32.47,216411.2525,31.85,225598.22,30.2163,192957.4775,29.61,174628.381,28.9973,164255.5567,28.4105,159996.4255
1062,20150427,600064.SH,33.33,35.58,33.02,33.46,33.28,0.18,0.54,215530.22,732860.921,4.1752,1.08,33.37,233083.255,32.41,223097.0033,31.65,232909.275,30.956,216049.004,29.5762,178960.2175,29.134,166431.085,28.6873,159244.7393,28.0475,160738.294
1063,20150424,600064.SH,30.2,33.33,29.8,33.28,30.49,2.79,9.15,250636.29,809267.665,4.8552,1.42,31.885,226880.395,31.0467,238702.2933,30.33,216178.7,29.654,199665.9,28.7487,166799.9487,28.652,162131.321,28.3173,156246.0387,27.6145,155624.3585
1064,20150423,600064.SH,30.24,30.51,29.4,30.49,29.37,1.12,3.81,203124.5,608621.263,3.9349,1.33,29.93,232735.295,29.3467,204692.8367,28.7475,186923.3025,28.468,176227.862,28.075,149768.0425,28.109,149089.343,27.8913,151726.222,27.1525,148392.7945
1065,20150422,600064.SH,29.2,30.18,29.18,29.37,28.18,1.19,4.22,262346.09,775182.995,5.0821,2.12,28.775,205477.005,28.1667,181522.9033,27.9625,169503.7025,27.876,152478.146,27.8438,145944.0525,27.792,143071.039,27.5547,145553.5647,26.858,145199.1515
1066,20150421,600064.SH,27.06,28.28,26.63,28.18,26.95,1.23,4.56,148607.92,410679.476,2.8788,1.27,27.565,141111.31,27.4933,138556.24,27.5025,125011.16,27.37,123658.542,27.6537,128177.855,27.571,133584.225,27.264,138129.1607,26.651,143182.1095
1067,20150420,600064.SH,27.51,27.7,26.72,26.95,27.35,-0.4,-1.46,133614.7,364645.331,2.5883,1.07,27.15,133530.4,27.2767,117145.5733,27.1675,117421.1975,27.312,116813.166,27.5462,127469.5475,27.553,130842.607,27.078,142301.3907,26.459,141301.6375
1068,20150417,600064.SH,27.89,27.98,27.12,27.35,27.53,-0.18,-0.65,133446.1,366680.327,2.5851,1.09,27.44,108911.01,27.24,112023.3633,27.4025,112612.7825,27.65,124596.742,27.5725,131702.4537,27.649,134536.108,26.9347,140943.8447,26.3225,142610.889
1069,20150416,600064.SH,26.62,27.59,26.39,27.53,26.84,0.69,2.57,84375.92,229413.088,1.6345,0.63,27.185,101311.995,27.42,105668.3433,27.725,122384.4025,27.75,121950.824,27.6537,130170.6587,27.603,139475.402,26.714,139114.4387,26.194,146022.271
1070,20150415,600064.SH,27.67,27.7,26.48,26.84,27.89,-1.05,-3.76,118248.07,320143.775,2.2907,0.82,27.365,116314.555,27.79,135053.8967,27.805,131344.55,27.708,133663.932,27.7012,140942.3825,27.394,142091.274,26.5187,142772.82,25.9855,148086.7815
1071,20150414,600064.SH,28.47,28.58,27.7,27.89,28.64,-0.75,-2.62,114381.04,320132.016,2.2157,0.79,28.265,143456.81,28.1267,135710.0433,27.925,137517.8975,27.772,143509.908,27.7075,149016.2538,27.211,145364.47,26.4113,149689.9653,25.8005,151131.1835
1072,20150413,600064.SH,27.98,28.98,27.61,28.64,27.85,0.79,2.84,172532.58,487114.341,3.3422,1.19,28.245,146374.545,27.9367,145230.1833,27.7425,150792.125,27.794,144872.048,27.4012,148535.4537,26.961,155045.503,26.1747,149464.4613,25.5885,154219.7735
1073,20150410,600064.SH,27.24,28.09,27.01,27.85,27.32,0.53,1.94,120216.51,333860.461,2.3288,0.77,27.585,131578.985,27.4433,143545.3067,27.5825,137956.915,27.648,144475.474,26.9475,145841.385,26.577,149117.396,25.88,148615.6047,25.3125,152430.645
1074,20150409,600064.SH,27.27,27.66,26.3,27.32,27.16,0.16,0.59,142941.46,385269.198,2.769,0.95,27.24,155209.705,27.4933,143870.3833,27.5975,150540.215,27.456,156999.98,26.64,157213.2425,26.196,147696.246,25.6753,154046.0867,25.0965,155715.999
1075,20150408,600064.SH,28.02,28.14,26.8,27.16,28.0,-0.84,-3.0,167477.95,458150.031,3.2443,1.14,27.58,144334.845,27.69,153073.1333,27.49,160514.61,27.08,150518.616,26.325,153501.9987,25.924,147327.264,25.4113,152894.398,24.835,156666.326
1076,20150407,600064.SH,28.46,28.5,27.58,28.0,27.91,0.09,0.32,121191.74,339176.661,2.3477,0.73,27.955,145870.725,27.6,158193.4967,27.06,146278.7825,26.65,147219.032,25.935,145817.8812,25.731,152779.994,25.1433,153671.6087,24.535,155770.817
1077,20150403,600064.SH,26.5,28.39,26.35,27.91,26.89,1.02,3.79,170549.71,472860.262,3.3038,1.11,27.4,176694.375,26.7467,154641.13,26.3125,153725.855,26.128,165218.958,25.51,148075.3687,25.365,151760.668,24.8533,157335.682,24.1975,158252.261
1078,20150402,600064.SH,25.55,27.14,25.55,26.89,25.44,1.45,5.7,182839.04,479778.674,3.5419,1.32,26.165,146686.84,25.78,148117.9033,25.6825,163886.27,25.506,153759.318,25.175,154507.3112,24.996,150685.67,24.534,155082.3687,23.854,162920.752
1079,20150401,600064.SH,25.1,25.53,25.08,25.44,25.01,0.43,1.72,110534.64,279634.945,2.1412,0.77,25.225,130757.335,25.28,157568.68,25.16,146489.3875,24.936,138392.512,24.8562,145527.2412,24.785,152569.14,24.31,155288.0053,23.482,165471.924
1080,20150331,600064.SH,25.8,26.0,24.92,25.01,25.39,-0.38,-1.5,150980.03,384677.309,2.9247,0.95,25.2,181085.7,25.0667,158474.3033,24.81,145356.98,24.768,144135.912,24.7037,151685.3775,24.577,154082.289,24.0867,158715.5627,23.1165,163741.203
1081,20150330,600064.SH,25.78,25.88,25.07,25.39,24.8,0.59,2.38,211191.37,536912.194,4.0911,1.53,25.095,162221.44,24.7433,143482.63,24.7075,142424.8825,24.812,158340.956,24.675,158022.0912,24.39,156897.897,23.83,158621.412,22.7675,161901.707
1082,20150327,600064.SH,24.2,24.85,24.02,24.8,24.04,0.76,3.16,113251.51,278654.464,2.1939,0.77,24.42,109628.26,24.48,119502.72,24.6675,145128.3525,24.602,138302.378,24.4213,147331.4362,24.216,153394.044,23.554,155930.0287,22.4005,155247.592
1083,20150326,600064.SH,24.5,24.54,23.69,24.04,24.6,-0.56,-2.28,106005.01,256361.941,2.0535,0.64,24.32,122628.325,24.6233,155753.9667,24.5525,144565.095,24.486,147612.022,24.2137,155567.0112,24.048,155743.894,23.3033,165974.5633,22.0555,152496.8615
1084,20150325,600064.SH,24.83,25.13,24.26,24.6,25.23,-0.63,-2.5,139251.64,343122.5,2.6975,0.85,24.915,180628.445,24.7233,157418.4567,24.5975,158013.775,24.634,166745.768,24.165,164335.49,23.997,163735.752,22.9973,174498.3947,21.759,150926.797
1085,20150324,600064.SH,24.95,25.8,24.2,25.23,24.34,0.89,3.66,222005.25,555740.854,4.3006,1.43,24.785,166501.865,24.5967,164267.82,24.6425,173619.3,24.386,164028.666,23.98,164022.7862,23.746,166005.388,22.566,170276.3,21.4115,145659.238
1086,20150323,600064.SH,24.4,24.49,24.08,24.34,24.22,0.12,0.5,110998.48,269432.381,2.1502,0.66,24.28,135399.105,24.4467,157490.65,24.175,149534.52,23.968,155454.838,23.7675,159512.5787,23.339,158761.64,22.086,163088.624,21.0385,137176.8015
1087,20150320,600064.SH,24.5,24.83,23.96,24.22,24.78,-0.56,-2.26,159799.73,388385.62,3.0956,0.98,24.5,180736.735,24.12,162379.8667,23.875,166568.9275,23.83,168485.71,23.4863,165881.2687,23.03,164743.854,21.6667,160895.9967,20.708,134926.682
1088,20150319,600064.SH,23.37,24.81,23.0,24.78,23.36,1.42,6.08,201673.74,479973.661,3.9067,1.25,24.07,163669.935,23.76,168825.3267,23.7325,170657.205,23.61,163875.766,23.1038,164602.2737,22.712,175155.834,21.2453,154125.1413,20.364,130260.938
1089,20150318,600064.SH,23.18,23.65,22.91,23.36,23.14,0.22,0.95,125666.13,292312.108,2.4344,0.75,23.25,152401.12,23.3833,160318.36,23.3175,154426.2725,23.36,160725.736,22.6625,160745.6337,22.179,178374.708,20.8007,145653.8067,19.9755,121642.94
1090,20150317,600064.SH,23.7,23.88,22.93,23.14,23.65,-0.51,-2.16,179136.11,417330.671,3.4702,1.11,23.395,177644.475,23.3033,164012.9867,23.36,169490.6375,23.106,167982.11,22.3725,178027.3087,21.656,173400.117,20.42,139536.0953,19.648,116820.3415
1091,20150316,600064.SH,23.95,24.4,23.16,23.65,23.12,0.53,2.29,176152.84,419407.097,3.4124,1.09,23.385,156451.425,23.4333,166275.48,23.0975,165193.61,22.71,162068.442,21.9113,184868.105,21.145,166905.517,20.062,131084.1227,19.328,109778.9535
1092,20150313,600064.SH,23.62,23.95,22.76,23.12,23.53,-0.41,-1.74,136750.01,316483.155,2.6491,0.73,23.325,161336.8,22.9133,161540.5333,22.475,158547.3425,22.23,161001.998,21.2213,172339.0275,20.585,157101.14,19.6673,123740.3393,18.9755,102713.4465
1093,20150312,600064.SH,22.14,24.11,22.14,23.53,22.09,1.44,6.52,185923.59,434138.951,3.6016,0.95,22.81,173935.795,22.26,165813.12,22.0075,167064.995,21.814,186435.902,20.585,169519.04,20.063,149249.829,19.282,119055.9953,18.6495,97907.4115
1094,20150311,600064.SH,21.61,22.2,21.15,22.09,21.16,0.93,4.4,161948.0,352401.641,3.1372,0.91,21.625,155757.885,21.5,160778.7967,21.385,186563.98,20.998,196023.68,19.9,156042.225,19.521,138117.842,18.8473,108615.3413,18.3195,91993.165
1095,20150310,600064.SH,21.21,22.18,21.01,21.16,21.25,-0.09,-0.42,149567.77,323344.589,2.8974,0.87,21.205,160194.195,21.15,194769.3067,20.725,204542.6,20.206,178818.124,19.3763,143078.3375,19.077,125313.088,18.4953,99766.4187,18.0615,87003.7355
1096,20150309,600064.SH,20.95,21.87,20.24,21.25,21.04,0.21,1.0,170820.62,356244.921,3.3091,1.12,21.145,217370.075,20.58,222867.5433,19.9675,186130.7125,19.58,171742.592,18.995,133707.8312,18.738,115591.963,18.2007,92349.124,17.8655,82131.863
1097,20150306,600064.SH,19.5,21.4,19.41,21.04,19.45,1.59,8.17,263919.53,540423.394,5.1126,2.36,20.245,248891.005,19.54,191234.0767,19.1625,171973.085,18.94,153200.282,18.545,116592.8112,18.386,105109.51,17.8907,83283.9293,17.6515,75926.243
1098,20150305,600064.SH,18.02,19.91,18.02,19.45,18.13,1.32,7.28,233862.48,449562.933,4.5303,2.92,18.79,154891.35,18.5367,141324.27,18.415,125520.47,18.312,112063.756,18.1363,90147.435,18.016,85366.042,17.5947,68397.9147,17.4665,65594.875
1099,20150304,600064.SH,18.07,18.18,17.9,18.13,18.03,0.1,0.55,75920.22,136846.681,1.4707,1.06,18.08,95055.165,18.07,89406.4667,18.0275,81614.075,18.044,80212.004,17.9213,69164.1362,17.772,64911.172,17.4267,57316.3267,17.376,56923.4015
1100,20150303,600064.SH,17.89,18.45,17.78,18.03,18.05,-0.02,-0.11,114190.11,207145.172,2.212,1.92,18.04,96149.59,17.9933,83512.0267,18.0225,81284.95,17.948,71808.052,17.8225,67984.715,17.64,60240.566,17.3467,56398.9393,17.365,56568.7285
1101,20150302,600064.SH,18.16,18.16,17.91,18.05,17.9,0.15,0.84,78109.07,140877.985,1.5131,1.37,17.975,68172.985,18.02,70316.5633,17.9275,61212.5375,17.896,59441.334,17.695,57375.1737,17.511,52652.39,17.294,52261.62,17.3605,56634.7475
1102,20150227,600064.SH,18.15,18.15,17.86,17.9,18.11,-0.21,-1.16,58236.9,104655.924,1.1281,0.99,18.005,66420.31,17.8867,55580.36,17.8575,54774.4,17.832,57018.738,17.54,51263.31,17.366,48325.753,17.222,50168.23,17.3655,59801.7325
1103,20150226,600064.SH,17.78,18.18,17.63,18.11,17.65,0.46,2.61,74603.72,133821.278,1.4452,1.5,17.88,54252.09,17.8433,53620.2333,17.815,56714.1975,17.72,58668.328,17.395,48772.2412,17.236,46564.994,17.1847,50105.248,17.3395,60583.617
1104,20150225,600064.SH,17.77,17.95,17.6,17.65,17.77,-0.12,-0.68,33900.46,60201.349,0.6567,0.7,17.71,43128.49,17.7167,50751.0233,17.6225,54684.48,17.5,49610.34,17.2063,43802.1137,17.118,45868.488,17.1533,49160.534,17.3155,61282.451
1105,20150217,600064.SH,17.77,17.95,17.58,17.77,17.73,0.04,0.23,52356.52,92968.437,1.0142,1.14,17.75,59176.305,17.6133,61612.4867,17.4625,53537.81,17.332,48673.08,17.075,44643.22,17.046,48694.383,17.1707,51488.954,17.302,65637.0365
1106,20150216,600064.SH,17.35,18.03,17.35,17.73,17.34,0.39,2.25,65996.09,117201.837,1.2785,1.67,17.535,66240.47,17.36,53931.5733,17.2225,47752.22,17.126,45863.446,16.97,46553.4875,16.993,48671.763,17.182,55699.2187,17.238,67046.908
1107,20150213,600064.SH,17.24,17.54,17.11,17.34,17.01,0.33,1.94,66484.85,115459.953,1.2879,1.93,17.175,47899.315,17.0533,41670.93,16.975,40830.285,16.9,39632.768,16.87,46073.9025,16.917,46742.976,17.21,60729.3973,17.146,70638.805
1108,20150212,600064.SH,16.85,17.16,16.72,17.01,16.81,0.2,1.19,29313.78,49651.684,0.5679,0.7,16.91,29263.97,16.8533,32278.7633,16.79,32919.7475,16.752,34461.66,16.8575,44279.5862,16.917,45823.708,17.2127,61222.0467,17.135,71333.0135
1109,20150211,600064.SH,16.87,16.87,16.69,16.81,16.74,0.07,0.42,29214.16,49028.948,0.5659,0.6,16.775,33761.255,16.7167,34121.7367,16.6875,35748.63,16.736,42126.636,16.8525,46453.8912,16.98,48935.631,17.254,65173.1547,17.149,73373.4475
1110,20150210,600064.SH,16.54,16.83,16.52,16.74,16.6,0.14,0.84,38308.35,63986.032,0.7421,0.74,16.67,36575.525,16.6467,37926.7867,16.7175,45354.755,16.76,48715.686,16.9188,49963.6425,17.09,52896.891,17.292,71291.6887,17.142,74410.405
1111,20150209,600064.SH,16.53,16.75,16.42,16.6,16.6,0.0,0.0,34842.7,57875.337,0.675,0.65,16.6,37736.005,16.71,47703.5567,16.765,51317.52,16.86,51480.08,17.0313,52729.225,17.21,60617.105,17.2753,74108.062,17.143,75040.09
1112,20150206,600064.SH,16.83,16.96,16.52,16.6,16.93,-0.33,-1.95,40629.31,68001.439,0.7871,0.71,16.765,54133.985,16.82,56809.1267,16.925,55639.425,16.934,53853.184,17.195,56977.2325,17.365,71277.712,17.228,80974.1507,17.148,77404.917
1113,20150205,600064.SH,17.42,17.42,16.91,16.93,16.93,0.0,0.0,67638.66,116366.511,1.3103,1.21,16.93,64899.035,17.0333,60642.7967,17.0175,57159.1525,17.082,57185.756,17.3625,66337.38,17.443,74602.24,17.2627,83623.4647,17.18,80038.552
1114,20150204,600064.SH,17.28,17.59,16.9,16.93,17.24,-0.31,-1.8,62159.41,107007.674,1.2041,1.09,17.085,57144.865,17.0467,53665.9833,17.12,54572.53,17.224,55744.626,17.515,75563.6437,17.513,76696.414,17.2867,83789.0513,17.1915,80313.0875
1115,20150203,600064.SH,17.0,17.29,16.92,17.24,16.97,0.27,1.59,52130.32,89095.151,1.0098,0.75,17.105,49419.27,17.1833,52043.57,17.2975,54140.93,17.42,57078.096,17.5713,77028.0412,17.558,82579.69,17.2693,82975.3113,17.2165,82099.6045
1116,20150202,600064.SH,16.87,17.34,16.78,16.97,17.34,-0.37,-2.13,46708.22,79380.662,0.9048,0.53,17.155,52000.195,17.3167,54811.1333,17.465,58315.04,17.56,69754.13,17.62,81584.3012,17.483,85422.053,17.2373,82893.4267,17.2375,88374.6315
1117,20150130,600064.SH,17.61,17.77,17.21,17.34,17.64,-0.3,-1.7,57292.17,100085.847,1.1098,0.62,17.49,58862.59,17.63,62183.98,17.7075,75515.6075,17.796,88702.24,17.6713,90869.795,17.375,94534.634,17.2193,85255.4947,17.3055,93018.064
1118,20150129,600064.SH,17.66,17.88,17.43,17.64,17.91,-0.27,-1.51,60433.01,106597.478,1.1707,0.62,17.775,64629.885,17.83,81590.0867,17.91,96554.7575,17.804,92018.724,17.565,93777.5175,17.353,96842.319,17.2127,87656.1507,17.338,93941.431
1119,20150128,600064.SH,17.97,18.29,17.75,17.91,17.94,-0.03,-0.17,68826.76,124309.39,1.3333,0.64,17.925,92168.625,18.0,108595.34,17.845,99915.1525,17.802,97648.202,17.3463,103452.645,17.318,97811.264,17.1807,88502.5747,17.3415,94438.568
1120,20150127,600064.SH,18.1,18.33,17.6,17.94,18.15,-0.21,-1.16,115510.49,207362.582,2.2376,1.14,18.045,128479.63,17.8233,110277.95,17.775,104853.5625,17.696,108081.284,17.2475,104895.4275,17.194,95923.919,17.1487,90440.1073,17.342,99304.478
1121,20150126,600064.SH,17.42,18.25,17.29,18.15,17.38,0.77,4.43,141448.77,252599.269,2.7401,1.41,17.765,107661.68,17.72,101301.2533,17.635,106223.9825,17.406,101089.976,17.1663,99221.9237,17.076,89463.075,17.13,94581.4653,17.334,99861.76
1122,20150123,600064.SH,17.68,17.78,17.29,17.38,17.63,-0.25,-1.42,73874.59,129761.353,1.4311,0.73,17.505,81227.495,17.4633,94482.3867,17.22,91000.2775,16.954,100367.028,16.9813,87784.9912,16.931,83532.122,17.142,94456.672,17.278,97342.589
1123,20150122,600064.SH,17.32,17.76,17.21,17.63,17.38,0.25,1.44,88580.4,155300.38,1.7159,0.9,17.505,104786.285,17.1667,96708.84,16.8475,106990.1375,16.902,101665.914,16.9038,84913.4237,16.917,85474.864,17.1827,94582.3333,17.232,98699.6095
1124,20150121,600064.SH,16.6,17.46,16.5,17.38,16.49,0.89,5.4,120992.17,208097.987,2.3438,1.44,16.935,100773.06,16.5867,113126.7167,16.72,104937.2925,16.834,97974.326,16.7875,84108.2787,16.87,83929.761,17.188,93368.69,17.1845,98314.271
1125,20150120,600064.SH,16.0,16.57,16.0,16.49,15.89,0.6,3.78,80553.95,131451.312,1.5605,1.03,16.19,109193.99,16.5,99585.6667,16.6975,92219.865,16.692,83766.554,16.77,80647.0087,16.875,81619.519,17.224,96378.876,17.1705,99455.056
1126,20150119,600064.SH,16.47,16.92,15.6,15.89,17.12,-1.23,-7.18,137834.03,225282.271,2.6701,2.07,16.505,109101.525,16.7667,96108.5033,16.7425,84569.705,16.746,77836.174,16.8538,79718.9362,16.992,91327.21,17.31,99452.3547,17.2305,102103.4885
1127,20150116,600064.SH,17.38,17.45,16.93,17.12,17.29,-0.17,-0.98,80369.02,137669.598,1.5569,1.16,17.205,75245.74,17.0267,66814.93,16.96,62836.71,16.908,66697.216,17.0463,74725.9012,17.236,91501.494,17.386,96334.4427,17.337,103548.1215
1128,20150115,600064.SH,16.77,17.33,16.67,17.29,16.67,0.62,3.72,70122.46,119522.268,1.3584,1.0,16.98,60037.885,16.9067,56992.6067,16.855,63279.265,16.932,69283.814,17.1138,86883.6312,17.323,91040.543,17.342,97710.8413,17.424,110946.1425
1129,20150114,600064.SH,16.76,16.95,16.55,16.67,16.76,-0.09,-0.54,49953.31,83720.152,0.9677,0.63,16.715,50427.68,16.71,60998.2,16.8425,69074.1525,16.906,69885.196,17.2438,95565.4325,17.365,91065.872,17.3013,98427.586,17.494,117155.1
1130,20150113,600064.SH,16.71,16.89,16.61,16.76,16.7,0.06,0.36,50902.05,85199.994,0.9861,0.49,16.73,66520.645,16.9,75447.7667,16.965,74868.1675,17.058,79472.484,17.4088,98791.2075,17.49,102685.037,17.33,104684.5567,17.562,120159.041
1131,20150112,600064.SH,17.08,17.1,16.6,16.7,17.24,-0.54,-3.13,82139.24,138073.181,1.5912,0.71,16.97,87720.625,17.0333,82856.8733,17.1325,86615.0925,17.238,104818.246,17.5275,101225.42,17.592,110260.445,17.392,110192.5933,17.61,121975.108
1132,20150109,600064.SH,17.11,17.67,17.1,17.24,17.16,0.08,0.47,93302.01,162261.101,1.8074,0.83,17.2,83215.69,17.2767,88107.0433,17.3725,110487.9975,17.564,116305.772,17.68,111726.135,17.625,111153.056,17.48,115831.7567,17.648,125305.5325
1133,20150108,600064.SH,17.65,17.66,17.08,17.16,17.43,-0.27,-1.55,73129.37,126567.232,1.4166,0.65,17.295,85509.56,17.4167,116216.66,17.645,122056.7125,17.714,112797.272,17.7475,115895.4,17.547,111924.355,17.588,124833.5853,17.6805,128247.859
1134,20150107,600064.SH,17.48,17.84,17.25,17.43,17.66,-0.23,-1.3,97889.75,171427.837,1.8963,0.78,17.545,137760.305,17.8067,138365.8267,17.8525,122714.2475,17.824,112246.548,17.7313,118137.3975,17.499,112698.781,17.69,132911.7347,17.693,141434.8765
1135,20150106,600064.SH,18.1,18.19,17.3,17.66,18.33,-0.67,-3.66,177630.86,314126.24,3.441,1.54,17.995,158603.865,17.9933,130989.08,17.9225,115835.7475,17.922,125897.59,17.61,118528.0537,17.466,117290.593,17.73,133721.2267,17.758,149957.427
1136,20150105,600064.SH,18.27,18.57,18.06,18.33,17.99,0.34,1.89,139576.87,256321.94,2.7038,1.32,18.16,107668.19,18.01,95237.3767,17.9875,112964.2725,17.946,115702.644,17.4875,106433.4,17.469,112879.767,17.734,127694.062,17.7915,157636.2725
1137,20141231,600064.SH,17.68,18.13,17.59,17.99,17.71,0.28,1.58,75759.51,135204.545,1.4676,0.68,17.85,73067.63,17.8733,104093.4067,17.85,109734.0875,17.686,106000.34,17.3338,106962.275,17.438,115594.749,17.676,128305.4527,17.799,166186.852
1138,20141230,600064.SH,17.94,18.02,17.64,17.71,17.92,-0.21,-1.17,70375.75,125380.707,1.3633,0.62,17.815,118260.355,17.8033,121058.9467,17.61,113560.5475,17.38,111051.438,17.2963,114182.6612,17.525,130851.742,17.6693,133398.0547,17.7665,174560.775
1139,20141229,600064.SH,18.27,18.46,17.79,17.92,17.78,0.14,0.79,166144.96,300776.77,3.2185,1.53,17.85,146400.545,17.5767,127955.48,17.2975,121220.36,17.174,113151.014,17.335,126226.5287,17.623,143244.328,17.6493,151164.3193,17.751,180149.2195
1140,20141226,600064.SH,17.05,17.81,17.0,17.78,17.03,0.75,4.4,126656.13,221109.805,2.4535,1.15,17.405,108860.74,17.09,106245.4933,16.9875,99902.5275,17.01,108683.596,17.4525,133999.5887,17.634,137633.045,17.7033,157977.3727,17.707,182258.203
1141,20141225,600064.SH,16.56,17.38,16.56,17.03,16.46,0.57,3.46,91065.35,154476.328,1.7641,0.73,16.745,96040.175,16.7233,90984.66,16.8175,104190.4625,16.992,110056.89,17.5663,142455.2737,17.628,133689.771,17.74,171614.1487,17.684,187511.874
1142,20141224,600064.SH,16.8,16.98,16.18,16.46,16.68,-0.22,-1.32,101015.0,166796.201,1.9568,0.67,16.57,90944.315,16.7467,108565.5,16.9825,114804.775,17.19,125189.158,17.6913,144826.1212,17.671,139458.009,17.8367,186249.0227,17.683,189789.397
1143,20141223,600064.SH,17.01,17.2,16.65,16.68,17.1,-0.42,-2.46,80873.63,136478.566,1.5667,0.47,16.89,112340.75,17.1567,119401.3667,17.3725,131232.6975,17.67,150652.046,17.8488,143102.17,17.814,144571.363,17.8953,195730.554,17.7075,191381.914
1144,20141222,600064.SH,17.68,18.0,16.95,17.1,17.69,-0.59,-3.34,143807.87,251370.116,2.7858,0.86,17.395,138665.235,17.6033,148019.0533,17.9175,168096.65,18.072,173337.642,17.9463,151586.4325,17.887,170170.972,17.9433,202481.9547,17.7135,192416.6015
1145,20141219,600064.SH,17.99,18.19,17.29,17.69,18.02,-0.33,-1.83,133522.6,236328.808,2.5866,0.85,17.855,150124.645,18.19,176192.91,18.315,180720.085,18.258,166582.494,18.045,152629.0162,18.05,182624.261,17.9393,206783.072,17.698,195242.7425
1146,20141218,600064.SH,18.75,18.75,18.0,18.02,18.86,-0.84,-4.45,166726.69,306074.639,3.2298,1.08,18.44,197528.065,18.5233,196452.58,18.4,174847.4675,18.264,157322.652,18.01,178047.4062,18.114,202392.778,17.9147,213330.202,17.618,193362.5595
1147,20141217,600064.SH,18.87,19.17,18.37,18.86,18.69,0.17,0.91,228329.44,427891.986,4.4231,1.65,18.775,211315.525,18.5267,177554.3933,18.325,154971.6425,18.152,153726.86,18.0988,190749.165,18.16,216778.955,17.8473,211322.81,17.4915,188041.567
1148,20141216,600064.SH,18.02,18.69,18.0,18.69,18.03,0.66,3.66,194301.61,357607.744,3.7639,1.16,18.36,152166.87,18.1467,130519.0433,17.975,135076.215,17.958,138490.68,18.0325,203608.9562,18.008,218269.808,17.72,204958.5367,17.3085,178308.934
1149,20141215,600064.SH,17.62,18.07,17.41,18.03,17.72,0.31,1.75,110032.13,195642.35,2.1315,0.55,17.875,98627.76,17.7367,115334.4167,17.775,124537.9475,17.702,167004.302,18.0063,218144.8125,17.879,217054.111,17.594,198776.2547,17.1385,170748.3405
1150,20141212,600064.SH,17.43,17.86,17.41,17.72,17.46,0.26,1.49,87223.39,153981.83,1.6897,0.35,17.59,117985.56,17.69,129373.22,17.62,181247.345,17.842,198666.028,17.92,234795.5425,17.78,226883.361,17.5113,204796.1587,17.0035,168027.827
1151,20141211,600064.SH,17.65,17.99,17.29,17.46,17.89,-0.43,-2.4,148747.73,261786.561,2.8815,0.53,17.675,150448.135,17.5867,212588.6633,17.8725,226526.6875,17.964,247462.904,17.88,246660.6987,17.74,241333.977,17.4027,205375.862,16.89,167048.7995
1152,20141210,600064.SH,17.5,18.0,17.33,17.89,17.41,0.48,2.76,152148.54,269283.835,2.9474,0.51,17.65,244509.13,18.01,252453.0067,18.09,272141.6975,18.168,279831.05,17.8275,254107.8112,17.695,240120.785,17.2713,199479.8027,16.8155,166578.2675
1153,20141209,600064.SH,18.63,19.35,17.02,17.41,18.73,-1.32,-7.05,336869.72,621063.758,6.5257,1.26,18.07,302605.24,18.1567,312139.4167,18.2375,311751.6775,18.058,298048.936,17.7563,264055.4375,17.601,238192.465,17.092,191581.6853,16.719,163927.938
1154,20141208,600064.SH,18.28,19.01,17.3,18.73,18.33,0.4,2.18,268340.76,492080.767,5.1982,1.05,18.53,299774.265,18.5133,303378.9967,18.22,288343.74,18.056,267103.92,17.7063,239023.6987,17.54,214662.231,16.9507,171996.3533,16.63,157747.22
1155,20141205,600064.SH,18.76,19.64,17.64,18.33,18.48,-0.15,-0.81,331207.77,617356.564,6.416,1.41,18.405,320898.115,18.05,295011.4,17.8875,266794.71,17.718,255100.694,17.4838,222089.2712,17.346,207861.224,16.724,157815.0933,16.433,147627.4125
1156,20141204,600064.SH,17.8,18.49,17.46,18.48,17.34,1.14,6.57,310588.46,558607.062,6.0166,1.55,17.91,276913.215,17.74,245323.69,17.565,236073.925,17.516,235205.05,17.2925,193384.2225,17.122,184332.341,16.532,140244.098,16.2455,135716.3445
1157,20141203,600064.SH,17.59,18.12,16.75,17.34,17.4,-0.06,-0.34,243237.97,426182.995,4.7119,1.36,17.37,212691.305,17.26,211235.7467,17.275,216359.1975,17.222,200410.52,17.0813,179602.0012,16.823,159304.179,16.3647,128827.34,16.039,123690.348
1158,20141202,600064.SH,16.91,17.76,16.9,17.4,17.04,0.36,2.11,182144.64,316178.403,3.5284,1.12,17.22,195234.635,17.2533,207399.6067,17.1925,189703.6575,17.144,178335.994,16.925,161187.1225,16.609,138348.06,16.2727,119220.9387,15.896,114418.5555
1159,20141201,600064.SH,17.49,18.3,17.02,17.04,17.32,-0.28,-1.62,208324.63,367999.904,4.0356,1.3,17.18,220027.09,17.1233,192223.33,17.08,177383.8325,17.024,162220.542,16.6863,145957.3975,16.398,124442.57,16.1547,121294.9867,15.75,109685.683
1160,20141128,600064.SH,17.0,17.44,16.76,17.32,17.01,0.31,1.82,231729.55,395733.85,4.489,1.74,17.165,184172.68,17.0933,167070.2333,17.02,150694.52,16.974,160621.754,16.4563,124126.4162,16.227,109172.293,16.0047,111802.9853,15.626,105837.3655
1161,20141127,600064.SH,17.15,17.37,16.76,17.01,16.95,0.06,0.35,136615.81,232441.476,2.6465,1.16,16.98,134740.575,16.92,123682.8433,16.8875,142844.805,16.728,133459.632,16.2025,100546.44,16.04,92763.622,15.822,102553.4427,15.4895,106570.4595
1162,20141126,600064.SH,16.9,17.27,16.7,16.95,16.8,0.15,0.89,132865.34,226148.034,2.5738,1.35,16.875,117216.36,16.8467,144921.1367,16.6575,132670.5875,16.424,118197.838,15.9925,90422.1962,15.936,93035.75,15.6447,98116.9573,15.316,104713.01
1163,20141125,600064.SH,16.58,17.05,16.58,16.8,16.79,0.01,0.06,101567.38,170711.95,1.9675,1.17,16.795,150949.035,16.56,132605.67,16.2925,114530.9625,16.074,98360.126,15.805,82269.3837,15.837,89663.411,15.48,93112.7427,15.1295,102153.078
1164,20141124,600064.SH,16.5,17.1,16.32,16.79,16.09,0.7,4.35,200330.69,336580.969,3.8807,3.47,16.44,148124.815,16.1233,118852.1567,15.8925,97558.3125,15.772,86664.598,15.7013,86990.5975,15.72,100832.209,15.3253,92174.0633,14.934,98977.9195
1165,20141121,600064.SH,15.45,16.22,15.42,16.09,15.49,0.6,3.87,95918.94,152370.31,1.8581,1.84,15.79,78112.89,15.5933,63300.8533,15.5175,58248.075,15.48,57722.832,15.5975,74342.005,15.52,87393.601,15.1767,87575.9027,14.7255,90336.0155
1166,20141120,600064.SH,15.18,15.65,15.0,15.49,15.2,0.29,1.91,60306.84,93180.012,1.1682,0.89,15.345,46991.81,15.3267,45691.12,15.3275,48173.805,15.352,52067.612,15.54,89009.0575,15.369,87100.348,15.0767,97607.402,14.5465,87151.8035
1167,20141119,600064.SH,15.27,15.35,15.11,15.2,15.29,-0.09,-0.59,33676.78,51220.823,0.6524,0.42,15.245,38383.26,15.2733,44129.46,15.3175,50007.805,15.448,67873.662,15.4525,89713.7787,15.255,88076.517,14.9467,100218.0673,14.3985,87623.4885
1168,20141118,600064.SH,15.3,15.59,15.11,15.29,15.33,-0.04,-0.26,43089.74,65938.657,0.8347,0.37,15.31,49355.8,15.3567,55451.48,15.51,76422.8825,15.6,80966.696,15.375,97127.4825,15.183,90489.051,14.8147,103417.3953,14.2835,88328.769
1169,20141117,600064.SH,15.65,15.75,15.15,15.33,15.45,-0.12,-0.78,55621.86,85746.711,1.0775,0.48,15.39,61632.35,15.5833,87533.93,15.6775,90435.935,15.668,114999.82,15.2575,100499.8312,15.102,94928.796,14.6547,103082.36,14.178,87766.496
1170,20141114,600064.SH,15.8,15.87,15.29,15.45,15.97,-0.52,-3.26,67642.84,104809.703,1.3104,0.55,15.71,103489.965,15.7933,102040.6267,15.7525,129844.31,15.56,117064.37,15.1513,100772.3637,15.025,102502.438,14.474,101207.0767,14.0785,87084.784
1171,20141113,600064.SH,15.88,16.48,15.7,15.97,15.96,0.01,0.06,139337.09,224214.148,2.6992,1.29,15.965,119239.52,15.8533,150578.1333,15.5875,129419.7525,15.386,122133.084,15.03,103252.9075,14.939,120377.297,14.278,98846.534,13.972,86874.7815
1172,20141112,600064.SH,15.49,15.97,15.28,15.96,15.63,0.33,2.11,99141.95,155344.445,1.9205,0.99,15.795,156198.655,15.46,126113.9733,15.24,117832.0825,15.062,108279.372,14.8538,102255.5562,14.696,116390.27,14.0487,94206.764,13.8525,86356.71
1173,20141111,600064.SH,14.85,16.21,14.85,15.63,14.79,0.84,5.68,213255.36,332077.677,4.1311,2.85,15.21,139599.985,15.0,124062.1267,14.8375,110563.7275,14.766,100011.406,14.6825,120661.7412,14.422,114642.745,13.8447,90782.7933,13.727,83279.043
1174,20141110,600064.SH,14.7,14.97,14.34,14.79,14.58,0.21,1.44,65944.61,96560.352,1.2775,0.75,14.685,79465.51,14.5733,76333.1833,14.55,71700.4175,14.536,74857.772,14.4213,106438.1737,14.148,97123.63,13.6813,78688.7213,13.615,74897.551
1175,20141107,600064.SH,14.33,14.96,14.23,14.58,14.35,0.23,1.6,92986.41,135899.108,1.8013,0.78,14.465,81527.47,14.47,73619.02,14.4725,77086.0625,14.49,87940.506,14.225,108403.435,13.931,93278.43,13.5847,77091.5887,13.557,74499.9955
1176,20141106,600064.SH,14.5,14.65,14.04,14.35,14.48,-0.13,-0.9,70068.53,100308.072,1.3573,0.56,14.415,63935.325,14.4367,71785.9467,14.4675,86679.03,14.492,118621.51,14.0138,101538.16,13.724,87203.259,13.5007,75122.014,13.4885,72217.5505
1177,20141105,600064.SH,14.38,14.65,14.38,14.48,14.48,0.0,0.0,57802.12,83934.798,1.1197,0.45,14.48,72644.655,14.5067,92215.8633,14.5275,130759.755,14.33,124501.168,13.7975,96216.17,13.542,87170.46,13.4493,79049.156,13.448,71371.6155
1178,20141104,600064.SH,14.51,14.95,14.45,14.48,14.56,-0.08,-0.55,87487.19,128342.108,1.6948,0.73,14.52,109422.735,14.5433,155078.9667,14.2925,141175.93,14.078,129274.084,13.5513,93020.2425,13.384,86168.487,13.3807,77701.5887,13.3965,70691.148
1179,20141103,600064.SH,14.58,14.66,14.35,14.56,14.59,-0.03,-0.21,131358.28,190438.053,2.5446,1.33,14.575,188874.855,14.23,159072.1767,13.9775,139720.8075,13.76,119389.488,13.3075,90801.9112,13.254,80604.196,13.308,74910.8107,13.3315,68039.661
1180,20141031,600064.SH,14.8,14.89,14.15,14.59,13.54,1.05,7.75,246391.43,359151.687,4.773,4.42,14.065,172929.125,13.7833,142508.3167,13.56,116397.29,13.372,98616.354,13.1,80354.925,13.132,71667.13,13.246,70019.8253,13.2615,63982.167
1181,20141030,600064.SH,13.24,13.79,13.21,13.54,13.22,0.32,2.42,99466.82,135304.331,1.9268,2.0,13.38,90566.76,13.2167,73065.91,13.0675,61672.585,12.956,55785.008,12.9238,53536.5312,13.005,53372.266,13.154,56749.564,13.177,53061.1655
1182,20141029,600064.SH,12.9,13.33,12.82,13.22,12.89,0.33,2.56,81666.7,107453.233,1.582,1.9,13.055,59865.455,12.91,49074.5067,12.81,44864.555,12.754,49839.752,12.8988,46351.6312,13.009,56323.15,13.154,53661.7647,13.138,50328.883
1183,20141028,600064.SH,12.61,12.92,12.53,12.89,12.62,0.27,2.14,38064.21,48630.604,0.7374,0.91,12.755,32778.41,12.6733,32597.1733,12.6375,41883.015,12.69,43062.89,12.9113,44073.6425,13.032,51915.341,13.1693,51163.5027,13.1225,50049.1645
1184,20141027,600064.SH,12.5,12.72,12.48,12.62,12.51,0.11,0.88,27492.61,34586.593,0.5326,0.61,12.565,29863.655,12.5533,43155.95,12.64,44312.56,12.748,41818.904,12.9975,55437.5737,13.082,52671.472,13.1887,50923.052,13.1135,51555.4255
1185,20141024,600064.SH,12.54,12.7,12.42,12.51,12.53,-0.02,-0.16,32234.7,40539.749,0.6244,0.63,12.52,50987.62,12.6467,49919.21,12.78,45400.4775,12.892,44717.906,13.1013,56699.5737,13.183,55721.561,13.2247,52437.438,13.099,52392.7035
1186,20141023,600064.SH,12.84,12.96,12.51,12.53,12.9,-0.37,-2.87,69740.54,88708.838,1.351,1.11,12.715,58761.465,12.87,49789.07,12.9875,47838.7075,13.054,50959.524,13.2113,58373.4262,13.253,57231.842,13.2507,52153.218,13.1035,52896.078
1187,20141022,600064.SH,13.23,13.3,12.89,12.9,13.18,-0.28,-2.12,47782.39,62615.217,0.9256,0.79,13.04,39813.335,13.14,40538.0967,13.185,46264.27,13.264,62806.548,13.3488,56905.0462,13.354,55572.771,13.266,50491.9267,13.0945,51446.216
1188,20141021,600064.SH,13.34,13.46,13.16,13.18,13.34,-0.16,-1.2,31844.28,42464.838,0.6169,0.5,13.26,36915.95,13.28,45758.23,13.355,66562.5875,13.374,60767.792,13.3875,56849.4362,13.409,55213.809,13.2667,52377.9227,13.065,51311.59
1189,20141020,600064.SH,13.44,13.45,13.25,13.34,13.32,0.02,0.15,41987.62,56059.322,0.8134,0.63,13.33,52715.205,13.4133,78135.3567,13.4225,67998.67,13.416,63524.04,13.4325,59512.63,13.409,55475.126,13.2353,54800.9327,13.0215,53436.8705
1190,20141017,600064.SH,13.49,13.49,12.99,13.32,13.58,-0.26,-1.91,63442.79,84398.911,1.229,1.0,13.45,96209.225,13.45,76669.02,13.435,68908.145,13.474,66725.216,13.4463,59788.2737,13.391,56297.204,13.168,54950.9693,12.9865,54587.715
1191,20141016,600064.SH,13.33,13.72,13.09,13.58,13.45,0.13,0.97,128975.66,172567.455,2.4985,2.67,13.515,83282.135,13.4733,70729.93,13.5125,67545.8225,13.452,63504.16,13.4288,56165.1062,13.349,52750.065,13.12,53541.596,12.941,53063.928
1192,20141015,600064.SH,13.39,13.5,13.23,13.45,13.39,0.06,0.45,37588.61,50268.25,0.7282,0.76,13.42,41607.065,13.49,47069.21,13.42,47136.285,13.444,48338.994,13.3763,46319.1987,13.267,44334.616,13.038,47659.4387,12.8805,49049.021
1193,20141014,600064.SH,13.6,13.62,13.3,13.39,13.63,-0.24,-1.76,45625.52,61380.079,0.8838,0.96,13.51,51809.51,13.41,50318.8433,13.4425,51026.59,13.444,49659.826,13.3075,45117.0475,13.213,48182.988,12.962,48159.5227,12.822,48981.6175
1194,20141013,600064.SH,13.2,13.68,13.11,13.63,13.21,0.42,3.18,57993.5,77513.883,1.1234,1.26,13.42,52665.505,13.46,52826.9467,13.4575,50668.4025,13.402,47426.212,13.2288,45016.5037,13.145,50439.379,12.89,50074.4807,12.7685,49133.21
1195,20141010,600064.SH,13.44,13.48,13.14,13.21,13.54,-0.33,-2.44,47337.51,63021.105,0.917,1.13,13.375,50243.67,13.4,48226.7033,13.345,44784.39,13.308,45869.192,13.1388,47276.3575,13.015,49063.846,12.824,50541.8813,12.696,48599.3725
1196,20141009,600064.SH,13.45,13.6,13.24,13.54,13.45,0.09,0.67,53149.83,71454.552,1.0296,1.32,13.495,48671.3,13.39,43933.35,13.3325,45502.1125,13.246,41995.97,13.0763,49882.8475,12.954,48560.314,12.7707,49583.8507,12.645,49650.6715
1197,20141008,600064.SH,13.26,13.45,13.2,13.45,13.18,0.27,2.05,44192.77,58950.846,0.8561,0.95,13.315,39325.11,13.2633,42952.8733,13.1725,39207.505,13.09,40330.238,12.925,48768.89,12.835,47319.661,12.6927,49285.6967,12.576,48939.8565
1198,20140930,600064.SH,13.17,13.28,13.07,13.18,13.16,0.02,0.15,34457.45,45383.27,0.6675,0.64,13.17,42332.925,13.08,37545.75,13.0,39364.605,12.982,46706.15,12.8187,48532.5675,12.721,47409.371,12.6147,48755.548,12.512,49020.0295
1199,20140929,600064.SH,12.93,13.25,12.93,13.16,12.9,0.26,2.02,50208.4,65833.329,0.9726,0.96,13.03,39089.9,12.94,41000.3233,12.9325,49768.325,12.888,53452.546,12.715,49318.2987,12.634,51398.615,12.5573,49702.2093,12.453,48884.7945
1200,20140926,600064.SH,12.7,12.94,12.7,12.9,12.76,0.14,1.1,27971.4,35872.858,0.5419,0.51,12.83,36396.285,12.8567,49621.6333,12.82,54263.5825,12.722,52258.5,12.6088,48678.4825,12.582,52878.226,12.492,49509.4327,12.3935,47652.181
1201,20140925,600064.SH,12.93,12.97,12.72,12.76,12.91,-0.15,-1.16,44821.17,57666.041,0.8683,0.83,12.835,60446.75,12.7933,63027.6433,12.6775,58330.275,12.662,55124.658,12.535,54475.7937,12.533,53377.791,12.4447,52202.2387,12.3375,47733.778
1202,20140924,600064.SH,12.65,12.99,12.6,12.91,12.71,0.2,1.57,76072.33,97635.632,1.4736,1.58,12.81,72130.88,12.65,62833.31,12.6375,57700.53,12.58,54309.084,12.52,56998.7112,12.494,53763.426,12.4047,51809.7293,12.2885,47006.832
1203,20140923,600064.SH,12.34,12.72,12.33,12.71,12.33,0.38,3.08,68189.43,85621.921,1.3209,1.38,12.52,56213.8,12.5467,51576.5967,12.4975,48868.2725,12.46,48112.592,12.4575,51610.5512,12.431,49780.247,12.3553,49791.3227,12.229,45721.97
1204,20140922,600064.SH,12.61,12.66,12.31,12.33,12.6,-0.27,-2.14,44238.17,55310.312,0.857,0.83,12.465,43270.18,12.4267,42427.8867,12.3975,43093.3825,12.38,49344.684,12.415,49171.5625,12.392,47827.041,12.308,47362.2107,12.19,44243.8585
1205,20140919,600064.SH,12.39,12.62,12.3,12.6,12.35,0.25,2.02,42302.19,52639.179,0.8195,0.82,12.475,41522.745,12.42,42711.7867,12.3925,50621.3125,12.442,53497.952,12.4087,48171.8587,12.377,48134.899,12.284,46116.7413,12.1835,44286.5685
1206,20140918,600064.SH,12.32,12.44,12.2,12.35,12.31,0.04,0.32,40743.3,50242.231,0.7893,0.77,12.33,42916.585,12.3233,53394.3533,12.4025,56296.8925,12.404,51630.924,12.3738,48966.2562,12.336,50741.029,12.2293,45270.1513,12.1595,44052.103
1207,20140917,600064.SH,12.34,12.47,12.17,12.31,12.31,0.0,0.0,45089.87,55539.109,0.8735,0.88,12.31,59719.88,12.42,61481.4233,12.4175,54352.83,12.408,53217.768,12.3525,49787.9375,12.317,50560.052,12.1913,44572.748,12.151,45004.9415
1208,20140916,600064.SH,12.64,12.82,12.2,12.31,12.64,-0.33,-2.61,74349.89,93602.634,1.4403,1.61,12.475,69677.2,12.4533,57440.4833,12.4325,55249.7425,12.402,51447.902,12.3375,52697.14,12.303,50630.688,12.152,44925.096,12.139,45956.6545
1209,20140915,600064.SH,12.38,12.7,12.32,12.64,12.41,0.23,1.85,65004.51,81739.198,1.2592,1.52,12.525,48985.78,12.4733,48883.0267,12.425,45722.405,12.404,46309.398,12.3188,48270.095,12.272,46370.974,12.1267,42543.5833,12.116,44236.129
1210,20140912,600064.SH,12.31,12.43,12.29,12.41,12.37,0.04,0.32,32967.05,40730.044,0.6386,0.66,12.39,40822.285,12.3533,39295.0367,12.345,41635.62,12.312,42771.846,12.26,45869.06,12.205,42426.136,12.0973,41216.1073,12.0725,43191.0525
1211,20140911,600064.SH,12.27,12.55,12.2,12.37,12.28,0.09,0.73,48677.52,60301.3,0.943,1.02,12.325,42459.03,12.3233,44525.1433,12.2875,45223.045,12.268,49851.134,12.2088,45717.2725,12.142,42089.765,12.078,41525.8293,12.039,43369.7665
1212,20140910,600064.SH,12.29,12.37,12.22,12.28,12.32,-0.04,-0.32,36240.54,44513.475,0.702,0.73,12.3,42448.955,12.26,44071.5533,12.2425,50144.5375,12.226,47902.336,12.1588,42827.0987,12.083,40250.238,12.0653,42267.3327,12.0155,42921.7155
1213,20140909,600064.SH,12.22,12.36,12.14,12.32,12.18,0.14,1.15,48657.37,59673.451,0.9426,1.05,12.25,47987.06,12.23,54779.2033,12.2125,50817.785,12.204,49813.474,12.0963,41997.4487,12.027,41663.693,12.0513,44126.2387,11.9965,43135.9315
1214,20140905,600064.SH,12.19,12.27,12.12,12.18,12.19,-0.01,-0.08,47316.75,57618.758,0.9166,1.12,12.185,57840.12,12.1767,51537.9233,12.175,50102.5,12.14,46432.55,12.0288,39700.5587,11.988,40660.676,12.02,43545.0393,11.976,43420.9665
1215,20140904,600064.SH,12.1,12.25,12.06,12.19,12.16,0.03,0.25,68363.49,82814.306,1.3243,1.99,12.175,53648.51,12.1733,51031.0833,12.13,46211.5,12.098,42080.426,11.9713,40082.8512,11.99,40438.238,11.9927,43330.788,11.9495,42987.0625
1216,20140903,600064.SH,12.2,12.27,12.13,12.16,12.17,-0.01,-0.08,38933.53,47483.325,0.7542,1.19,12.165,42364.88,12.11,38827.5033,12.075,35509.66,12.016,34328.396,11.9388,36365.815,11.983,37363.177,11.9627,41209.3107,11.9155,42023.104
1217,20140902,600064.SH,12.05,12.19,11.97,12.17,12.0,0.17,1.42,45796.23,55349.957,0.8871,1.37,12.085,38774.49,12.0467,34368.37,11.98,33177.1125,11.94,32598.14,11.9438,37135.67,11.985,39449.831,11.9453,41261.5087,11.8915,42135.923
1218,20140901,600064.SH,11.95,12.01,11.84,12.0,11.97,0.03,0.25,31752.75,37814.918,0.6151,0.91,11.985,28654.44,11.9167,28970.74,11.8825,29298.6175,11.85,33513.912,11.9375,36112.7512,11.975,41282.621,11.9273,40910.084,11.8685,42383.418
1219,20140829,600064.SH,11.78,11.98,11.7,11.97,11.78,0.19,1.61,25556.13,30333.141,0.4951,0.66,11.875,27579.735,11.8433,28480.5733,11.8125,33954.2025,11.836,34888.802,11.96,39618.6662,11.96,42101.284,11.9213,42417.1053,11.8565,44030.9775
1220,20140828,600064.SH,11.75,11.9,11.68,11.78,11.78,0.0,0.0,29603.34,34833.908,0.5735,0.73,11.78,29942.795,11.76,36753.56,11.8025,37221.97,11.882,38796.05,11.9725,44439.6662,11.94,43955.969,11.9,43289.2747,11.8325,45203.056
1221,20140827,600064.SH,11.7,11.92,11.61,11.78,11.72,0.06,0.51,30282.25,35780.35,0.5866,0.65,11.75,40328.67,11.81,39761.5133,11.9075,41094.2275,11.95,40397.958,11.9813,45731.6712,11.936,44649.768,11.882,44588.0067,11.8235,46125.648
1222,20140826,600064.SH,11.89,12.04,11.55,11.72,11.93,-0.21,-1.76,50375.09,59480.854,0.9758,1.03,11.825,44501.145,11.95,44698.22,11.9925,42926.885,12.03,46301.522,11.98,47459.2625,11.948,45593.193,11.8753,45315.184,11.8075,47250.807
1223,20140825,600064.SH,12.19,12.27,11.92,11.93,12.2,-0.27,-2.21,38627.2,46784.022,0.7483,0.78,12.065,41859.785,12.0833,40444.15,12.1075,45283.13,12.1,49051.33,11.9825,45730.0425,11.966,44608.17,11.8747,45339.92,11.802,49919.819
1224,20140822,600064.SH,12.12,12.32,12.1,12.2,12.12,0.08,0.66,45092.37,55074.476,0.8735,0.92,12.16,41352.625,12.1667,47501.7733,12.1425,51657.3625,12.084,49313.766,11.9788,45866.205,11.964,46181.257,11.8633,47078.3693,11.777,53926.497
1225,20140821,600064.SH,12.18,12.22,11.99,12.12,12.18,-0.06,-0.49,37612.88,45423.478,0.7286,0.77,12.15,48706.475,12.1233,53845.6933,12.055,50369.115,11.998,49115.888,11.9413,45295.2662,11.909,45535.887,11.816,47338.7247,11.7235,54173.009
1226,20140820,600064.SH,12.04,12.26,11.96,12.18,12.07,0.11,0.91,59800.07,72821.999,1.1584,1.33,12.125,61962.1,12.0333,54621.1933,11.9675,51991.64,11.922,48901.578,11.915,47388.415,11.848,46683.031,11.7813,48034.878,11.6645,55116.9025
1227,20140819,600064.SH,11.86,12.1,11.77,12.07,11.85,0.22,1.86,64124.13,76541.931,1.2422,1.6,11.96,52031.755,11.8967,49388.83,11.8575,46176.955,11.866,44884.864,11.8488,44743.24,11.798,44822.015,11.7333,47567.2353,11.592,53272.917
1228,20140818,600064.SH,11.81,11.94,11.73,11.85,11.77,0.08,0.68,39939.38,47273.527,0.7737,0.93,11.81,42021.18,11.7867,40194.5633,11.815,40075.0475,11.832,40165.01,11.7788,42863.2637,11.762,43484.215,11.7027,50209.3153,11.5295,51865.423
1229,20140815,600064.SH,11.74,11.88,11.6,11.77,11.74,0.03,0.26,44102.98,51756.132,0.8543,1.05,11.755,40322.155,11.8033,40120.27,11.8275,40221.4175,11.844,43048.748,11.7575,43019.58,11.753,45960.671,11.6747,55464.074,11.4685,51682.721
1230,20140814,600064.SH,11.89,11.94,11.72,11.74,11.9,-0.16,-1.34,36541.33,43358.452,0.7079,0.82,11.82,38128.915,11.8467,38927.5633,11.8625,42785.19,11.82,41955.886,11.75,43849.9737,11.725,46450.143,11.632,55858.716,11.422,51147.5865
1231,20140813,600064.SH,11.85,11.95,11.77,11.9,11.9,0.0,0.0,39716.5,47087.303,0.7694,0.89,11.9,40120.68,11.9033,44866.4767,11.84,43309.525,11.774,44464.484,11.7525,47370.3,11.711,47601.528,11.5787,57188.6773,11.3765,51152.828
1232,20140812,600064.SH,11.89,11.95,11.76,11.9,11.91,-0.01,-0.08,40524.86,48032.108,0.785,0.87,11.905,47441.465,11.82,44507.2,11.7425,45651.48,11.73,44759.166,11.7013,48530.45,11.667,48908.421,11.5007,56068.9347,11.335,52126.1585
1233,20140811,600064.SH,11.63,11.95,11.6,11.91,11.65,0.26,2.23,54358.07,64213.62,1.053,1.11,11.78,46498.37,11.69,47360.3533,11.6875,45817.7425,11.692,46803.42,11.6638,49471.74,11.638,55231.468,11.4287,55765.5607,11.278,51466.7315
1234,20140808,600064.SH,11.49,11.66,11.44,11.65,11.51,0.14,1.22,38638.67,44713.877,0.7485,0.76,11.58,43861.495,11.6133,42970.9667,11.6375,44914.7575,11.662,48872.594,11.6075,49275.16,11.59,61671.737,11.3433,54560.712,11.219,50063.344
1235,20140807,600064.SH,11.58,11.77,11.49,11.51,11.68,-0.17,-1.46,49084.32,57002.684,0.9508,0.97,11.595,45137.115,11.6333,47006.7867,11.665,51431.075,11.63,50944.4,11.6025,57414.7425,11.538,62810.131,11.2893,54211.4867,11.171,49842.0085
1236,20140806,600064.SH,11.74,11.74,11.49,11.68,11.71,-0.03,-0.26,41189.91,47896.244,0.7979,0.78,11.695,45968.02,11.7167,52213.3267,11.66,51409.42,11.648,50738.572,11.5925,66124.2975,11.481,63550.774,11.244,53382.276,11.144,50070.203
1237,20140805,600064.SH,11.83,11.87,11.63,11.71,11.76,-0.05,-0.43,50746.13,59464.818,0.983,0.8,11.735,57725.035,11.6533,54815.9233,11.64,53125.7375,11.604,53057.676,11.5238,67228.385,11.386,61723.819,11.2033,54581.8227,11.0985,50668.939
1238,20140804,600064.SH,11.5,11.81,11.49,11.76,11.49,0.27,2.35,64703.94,75693.415,1.2534,0.87,11.625,56850.82,11.6167,53918.94,11.5775,53635.5625,11.584,63659.516,11.4275,67946.4625,11.297,60246.631,11.14,53021.1687,11.0515,49136.046
1239,20140801,600064.SH,11.52,11.66,11.48,11.49,11.6,-0.11,-0.95,48997.7,56651.332,0.9492,0.66,11.545,48526.44,11.5167,49946.1033,11.54,63398.41,11.518,74470.88,11.2988,62723.515,11.184,57404.771,11.0713,50460.2607,11.0,46797.4525
1240,20140731,600064.SH,11.44,11.62,11.44,11.6,11.46,0.14,1.22,48055.18,55537.633,0.9309,0.63,11.53,50420.305,11.5567,68198.6467,11.525,80839.175,11.446,74675.862,11.215,61095.5837,11.119,55845.03,11.018,49474.5447,10.963,45915.1815
1241,20140730,600064.SH,11.54,11.6,11.42,11.46,11.61,-0.15,-1.29,52785.43,60650.602,1.0225,0.75,11.535,78270.38,11.5,91767.1733,11.4075,81331.0325,11.314,76362.976,11.0938,59624.3537,11.042,54704.128,10.976,49847.4133,10.921,45212.432
1242,20140729,600064.SH,11.5,11.81,11.44,11.61,11.43,0.18,1.57,103755.33,120705.625,2.0099,1.83,11.52,111258.045,11.39,90846.2333,11.2775,82257.3625,11.168,70389.962,11.0163,57201.2112,11.003,55343.896,10.93,49872.6933,10.89,44237.83
1243,20140728,600064.SH,11.27,11.62,11.2,11.43,11.13,0.3,2.7,118760.76,135902.193,2.3006,2.94,11.28,84391.685,11.1667,75091.3733,11.0575,62048.62,11.01,56833.746,10.9188,48812.565,10.918,47701.995,10.874,44294.8893,10.8535,41535.182
1244,20140725,600064.SH,10.99,11.15,10.86,11.13,10.94,0.19,1.74,50022.61,55067.803,0.969,1.35,11.035,53256.68,10.9333,43144.5733,10.905,41351.9925,10.85,40338.662,10.8738,41365.3587,10.848,38454.951,10.8273,37572.9767,10.8195,37297.182
1245,20140724,600064.SH,10.78,11.06,10.75,10.94,10.73,0.21,1.96,56490.75,61883.847,1.0943,1.71,10.835,39705.555,10.83,38461.7867,10.78,37917.675,10.792,37014.198,10.8275,38529.5725,10.804,36873.886,10.802,36328.288,10.794,36299.428
1246,20140723,600064.SH,10.8,10.86,10.7,10.73,10.82,-0.09,-0.83,22920.36,24687.741,0.444,0.57,10.775,29447.305,10.7267,31726.65,10.755,32145.06,10.77,33045.28,10.8013,34754.5187,10.807,36589.632,10.79,34828.9173,10.776,35797.1205
1247,20140722,600064.SH,10.69,10.88,10.62,10.82,10.63,0.19,1.79,35974.25,38871.344,0.6969,0.93,10.725,36129.795,10.7633,35219.96,10.78,35576.51,10.838,40297.83,10.7963,36165.9687,10.811,39614.059,10.7973,35520.4527,10.7635,35483.859
1248,20140721,600064.SH,10.81,10.87,10.62,10.63,10.84,-0.21,-1.94,36285.34,39069.989,0.7029,0.99,10.735,34842.815,10.7667,35443.93,10.8425,41378.725,10.826,38570.244,10.815,38375.2137,10.806,38025.461,10.8013,36435.6607,10.7455,34470.576
1249,20140718,600064.SH,10.77,11.02,10.7,10.84,10.83,0.01,0.09,33400.29,36343.438,0.647,0.91,10.835,35023.225,10.9133,43076.52,10.875,39141.47,10.846,36571.24,10.8325,40485.125,10.816,36190.134,10.8093,36283.3553,10.736,34412.478
1250,20140717,600064.SH,10.99,10.99,10.75,10.83,11.07,-0.24,-2.17,36646.16,39773.355,0.7099,0.91,10.95,47914.635,10.8867,41055.1967,10.8475,37363.9775,10.816,36733.574,10.8238,38821.1225,10.807,35985.333,10.7947,36061.1713,10.72,36064.639
1251,20140716,600064.SH,10.73,11.08,10.7,11.07,10.76,0.31,2.88,59183.11,64567.375,1.1465,1.52,10.915,43259.715,10.8533,37603.25,10.8125,36755.4275,10.844,40133.984,10.8113,36481.8612,10.8,35720.736,10.778,36714.4007,10.688,35801.8935
1252,20140715,600064.SH,10.74,10.86,10.7,10.76,10.73,0.03,0.28,27336.32,29424.328,0.5295,0.73,10.745,26813.32,10.7267,29279.5333,10.7875,35371.7025,10.784,38930.288,10.7713,33003.0075,10.777,33131.764,10.7387,33879.202,10.6405,33770.8895
1253,20140714,600064.SH,10.72,10.75,10.66,10.73,10.69,0.04,0.37,26290.32,28154.446,0.5093,0.73,10.71,30251.14,10.7967,38050.1633,10.79,41828.78,10.786,37480.678,10.7713,33835.9912,10.789,35368.369,10.7187,33104.02,10.61,33338.715
1254,20140711,600064.SH,10.78,10.78,10.6,10.69,10.71,-0.02,-0.19,34211.96,36549.7,0.6627,0.97,10.83,43930.085,10.81,47008.2667,10.8,40278.2675,10.786,35809.028,10.785,34711.375,10.791,36139.413,10.6993,33692.8907,10.582,33189.1215
1255,20140710,600064.SH,10.82,11.03,10.79,10.97,10.77,0.2,1.86,53648.21,58661.913,1.0393,1.71,10.87,53406.42,10.8367,42300.37,10.81,36208.295,10.798,35237.092,10.8088,36647.6762,10.784,35724.97,10.688,35841.6607,10.5525,32821.4555
1256,20140709,600064.SH,10.75,11.02,10.75,10.77,10.77,0.0,0.0,53164.63,57990.911,1.0299,1.95,10.77,36626.45,10.7567,30394.99,10.755,30634.3125,10.756,31307.488,10.7813,34191.745,10.745,35004.609,10.636,34357.8633,10.5045,31241.4235
1257,20140708,600064.SH,10.75,10.82,10.68,10.77,10.73,0.04,0.37,20088.27,21625.047,0.3891,0.6,10.75,19010.17,10.75,23124.2067,10.7525,25843.2025,10.77,27333.24,10.7625,31304.6075,10.716,31353.659,10.5927,32051.09,10.4715,29252.3115
1258,20140707,600064.SH,10.75,10.8,10.68,10.73,10.75,-0.02,-0.19,17932.07,19249.332,0.3474,0.49,10.74,24642.175,10.7467,27761.5133,10.77,29144.4825,10.792,33256.06,10.7388,34599.1487,10.685,30915.691,10.5513,31958.0607,10.4405,28956.76
1259,20140704,600064.SH,10.77,10.79,10.66,10.75,10.76,-0.01,-0.09,31352.28,33535.92,0.6073,0.87,10.755,32676.235,10.7833,32881.9533,10.8075,37087.0575,10.796,36469.798,10.7075,34439.5312,10.656,32634.822,10.514,32315.8193,10.4025,28574.705
1260,20140703,600064.SH,10.77,10.84,10.69,10.76,10.84,-0.08,-0.74,34000.19,36528.9,0.6586,0.88,10.8,33646.79,10.8267,38998.65,10.8075,37749.1775,10.77,36212.848,10.6713,32484.07,10.633,36143.945,10.4707,32016.2433,10.366,27489.7125
1261,20140702,600064.SH,10.87,10.87,10.72,10.84,10.88,-0.04,-0.37,33293.39,35892.588,0.6449,0.94,10.86,41497.88,10.8233,38998.84,10.7725,36766.0125,10.734,38701.73,10.6313,32624.4687,10.576,35883.051,10.4207,31219.402,10.3325,26276.7945
1262,20140701,600064.SH,10.8,10.97,10.72,10.88,10.75,0.13,1.21,49702.37,53979.346,0.9628,1.74,10.815,41851.565,10.75,37923.5533,10.7075,40053.815,10.662,35374.078,10.5913,36768.2337,10.504,34410.015,10.372,29892.002,10.2905,25167.2035
1263,20140630,600064.SH,10.65,10.82,10.59,10.75,10.62,0.13,1.22,34000.76,36447.388,0.6587,1.18,10.685,32034.145,10.65,36837.63,10.6075,31792.005,10.578,28575.322,10.505,34479.3437,10.431,31309.061,10.3233,27523.66,10.253,23215.693
1264,20140627,600064.SH,10.55,10.67,10.54,10.62,10.58,0.04,0.38,30067.53,31940.794,0.5825,0.83,10.6,38256.065,10.56,31055.7533,10.535,27218.9625,10.516,28799.846,10.4263,32549.6275,10.373,30238.83,10.2713,25943.0073,10.2225,22211.6215
1265,20140626,600064.SH,10.49,10.72,10.46,10.58,10.48,0.1,0.95,46444.6,49231.517,0.8997,1.4,10.53,31549.865,10.5067,26269.44,10.49,28482.925,10.496,36075.042,10.3675,31127.79,10.321,29917.941,10.2313,24582.0007,10.2005,21404.733
1266,20140625,600064.SH,10.5,10.52,10.4,10.48,10.46,0.02,0.19,16655.13,17442.408,0.3226,0.5,10.47,16181.86,10.46,22495.7,10.475,33482.6525,10.418,33064.372,10.3163,28234.5212,10.264,27478.238,10.1987,22135.1493,10.186,19985.4635
1267,20140624,600064.SH,10.36,10.56,10.36,10.46,10.44,0.02,0.19,15708.59,16453.02,0.3043,0.46,10.45,25415.985,10.4733,39091.8267,10.4025,37166.6825,10.346,33445.952,10.2688,29509.96,10.227,27150.964,10.1667,21764.912,10.1725,19711.5535
1268,20140623,600064.SH,10.48,10.52,10.39,10.44,10.52,-0.08,-0.76,35123.38,36697.282,0.6804,1.11,10.48,50783.445,10.3833,44319.38,10.3175,37880.2925,10.284,34042.8,10.2125,30302.3325,10.196,26997.829,10.1447,21429.15,10.1655,19542.711
1269,20140620,600064.SH,10.25,10.7,10.19,10.52,10.19,0.33,3.24,66443.51,69760.623,1.2871,2.8,10.355,48917.38,10.2767,38799.2633,10.245,33772.655,10.23,31677.814,10.1713,27584.7087,10.149,24514.588,10.1247,20015.5467,10.1605,18744.387
1270,20140619,600064.SH,10.13,10.2,10.09,10.19,10.12,0.07,0.69,31391.25,31873.91,0.6081,1.43,10.155,24977.14,10.1533,22882.37,10.1575,22986.39,10.146,23760.84,10.125,21051.425,10.099,18835.48,10.102,16514.63,10.148,16334.369
1271,20140618,600064.SH,10.15,10.24,10.1,10.12,10.15,-0.03,-0.3,18563.03,18852.515,0.3596,0.89,10.135,18627.93,10.1467,20184.77,10.135,21853.2375,10.11,21892.104,10.0975,18413.89,10.089,16670.538,10.1087,15625.8273,10.1535,15822.915
1272,20140617,600064.SH,10.16,10.17,10.09,10.15,10.17,-0.02,-0.2,18692.83,18930.36,0.3621,0.94,10.16,20995.64,10.14,22949.9733,10.1075,22724.3725,10.108,20855.976,10.085,17300.065,10.077,15924.392,10.1147,15133.4207,10.1545,15463.2565
1273,20140616,600064.SH,10.1,10.18,10.09,10.17,10.1,0.07,0.69,23298.45,23636.771,0.4513,1.34,10.135,25078.545,10.0933,24068.22,10.0975,21396.7625,10.108,19952.858,10.0775,16181.19,10.075,15122.325,10.126,14709.348,10.146,15238.0995
1274,20140613,600064.SH,10.01,10.15,9.98,10.1,10.01,0.09,0.9,26858.64,27070.488,0.5203,1.93,10.055,24453.105,10.0733,20762.8667,10.0925,19116.46,10.068,17351.362,10.0563,14656.58,10.072,14184.413,10.1373,14433.2447,10.143,14695.4965
1275,20140612,600064.SH,10.12,10.12,9.98,10.01,10.11,-0.1,-0.99,22047.57,22131.935,0.4271,1.93,10.06,17714.98,10.09,16535.7333,10.06,14974.5425,10.052,13910.12,10.06,12633.27,10.08,12891.525,10.1487,13858.8787,10.145,14206.373
1276,20140611,600064.SH,10.17,10.17,10.06,10.11,10.15,-0.04,-0.39,13382.39,13512.525,0.2592,1.22,10.13,13779.815,10.0767,12616.8667,10.0625,11875.7575,10.068,11448.972,10.0763,11617.24,10.108,12492.689,10.168,13799.852,10.1625,13901.302
1277,20140610,600064.SH,10.0,10.18,9.98,10.15,9.97,0.18,1.81,14177.24,14315.731,0.2746,1.38,10.06,12234.105,10.0467,11373.5467,10.0575,10965.6175,10.046,10992.808,10.085,11685.6612,10.118,12272.143,10.17,13665.6833,10.1755,14152.8915
1278,20140609,600064.SH,9.96,10.11,9.95,9.97,10.02,-0.05,-0.5,10290.97,10318.524,0.1994,0.93,9.995,9971.7,10.0267,9895.0767,10.02,10196.7,10.042,10291.792,10.1025,12170.9075,10.135,12087.593,10.1587,13666.5133,10.1885,14977.674
1279,20140606,600064.SH,10.11,10.11,9.95,10.02,10.09,-0.07,-0.69,9652.43,9685.729,0.187,0.81,10.055,9697.13,10.0367,10165.2767,10.06,10291.9975,10.076,11017.464,10.1325,12281.6525,10.172,12974.186,10.168,13810.208,10.2,15629.868
1280,20140605,600064.SH,10.03,10.09,9.98,10.09,10.0,0.09,0.9,9741.83,9780.841,0.1887,0.72,10.045,10421.7,10.0733,10505.1867,10.09,11358.7225,10.108,11872.93,10.17,12616.5662,10.197,13833.258,10.176,14305.124,10.218,16788.546
1281,20140604,600064.SH,10.08,10.15,9.97,10.0,10.13,-0.13,-1.28,11101.57,11124.523,0.2151,0.82,10.065,10886.865,10.09,11897.6867,10.1125,12405.705,10.148,13536.406,10.2013,13793.45,10.218,14975.292,10.194,14718.7453,10.2175,17068.7785
1282,20140603,600064.SH,10.19,10.28,10.09,10.13,10.14,-0.01,-0.1,10672.16,10856.45,0.2067,0.77,10.135,12295.745,10.15,12840.4167,10.185,14145.115,10.19,13551.478,10.235,14686.1475,10.232,15002.121,10.2187,15206.2527,10.232,17283.6905
1283,20140530,600064.SH,10.23,10.23,10.09,10.14,10.18,-0.04,-0.39,13919.33,14100.668,0.2696,0.93,10.16,13924.545,10.2033,15302.7667,10.205,14271.3075,10.228,13883.394,10.2563,15997.3987,10.217,15353.874,10.2373,16539.6347,10.242,17411.447
1284,20140529,600064.SH,10.29,10.29,10.15,10.18,10.29,-0.11,-1.07,13929.76,14216.769,0.2698,0.88,10.235,15994.485,10.2267,14388.6333,10.25,13874.41,10.268,14930.908,10.2563,15678.715,10.214,15206.58,10.2413,17167.336,10.248,17229.8535
1285,20140528,600064.SH,10.2,10.33,10.1,10.29,10.21,0.08,0.78,18059.21,18455.73,0.3498,1.1,10.25,14618.07,10.2733,13855.96,10.29,15181.195,10.286,15793.586,10.2313,15711.2062,10.21,15521.221,10.2547,18427.0847,10.2485,17294.1215
1286,20140527,600064.SH,10.31,10.35,10.18,10.21,10.32,-0.11,-1.07,11176.93,11433.852,0.2165,0.68,10.265,11754.335,10.29,14221.8567,10.285,15227.18,10.288,16414.178,10.2088,15009.6037,10.217,15309.915,10.2407,18246.236,10.236,17813.272
1287,20140526,600064.SH,10.34,10.36,10.26,10.32,10.34,-0.02,-0.19,12331.74,12693.741,0.2389,0.73,10.33,15744.32,10.31,16577.2633,10.3075,17723.49,10.274,16452.764,10.2,15747.0087,10.233,16033.64,10.246,18527.7613,10.245,18127.331
1288,20140523,600064.SH,10.28,10.36,10.24,10.34,10.27,0.07,0.68,19156.9,19723.701,0.3711,1.24,10.305,18700.025,10.3033,19520.74,10.2625,17483.02,10.206,16824.354,10.205,16198.81,10.242,17867.755,10.2467,18587.4647,10.2525,18480.994
1289,20140522,600064.SH,10.23,10.37,10.17,10.27,10.3,-0.03,-0.29,18243.15,18771.194,0.3534,1.2,10.285,19702.66,10.2367,16925.06,10.1725,16241.2175,10.16,15482.252,10.2088,16105.97,10.228,18285.55,10.2413,17996.1687,10.259,18680.9345
1290,20140521,600064.SH,10.09,10.35,10.02,10.3,10.14,0.16,1.58,21162.17,21712.247,0.4099,1.49,10.22,16266.015,10.14,15573.9067,10.1325,14792.0275,10.134,15248.856,10.2263,17659.6875,10.239,19743.834,10.236,17794.3,10.272,19887.4495
1291,20140520,600064.SH,10.0,10.18,10.0,10.14,9.98,0.16,1.6,11369.86,11474.247,0.2203,0.73,10.06,12779.775,10.0767,12668.6467,10.0925,13770.5275,10.146,14205.652,10.2138,17931.2725,10.217,19162.265,10.2187,18279.6367,10.2865,21901.213
1292,20140519,600064.SH,10.1,10.1,9.94,9.98,10.11,-0.13,-1.29,14189.69,14182.024,0.2749,0.75,10.045,13318.04,10.0767,14570.75,10.1475,14914.6,10.192,15614.516,10.2438,20613.2887,10.232,19565.26,10.2353,18685.52,10.325,22810.784
1293,20140516,600064.SH,10.01,10.15,10.01,10.11,10.14,-0.03,-0.3,12446.39,12554.943,0.2411,0.59,10.125,14761.28,10.2033,15156.2367,10.245,15970.7225,10.278,18911.156,10.2563,20757.8875,10.267,19469.02,10.268,19033.2073,10.373,24598.5725
1294,20140515,600064.SH,10.36,10.36,10.12,10.14,10.36,-0.22,-2.12,17076.17,17402.205,0.3308,0.7,10.25,16511.16,10.29,17145.5,10.32,20527.3475,10.296,21088.848,10.2788,21127.065,10.282,19253.127,10.292,19747.162,10.41,25709.8295
1295,20140514,600064.SH,10.4,10.48,10.33,10.36,10.37,-0.01,-0.1,15946.15,16552.309,0.3089,0.66,10.365,17180.165,10.38,21677.74,10.335,22092.0175,10.344,24238.812,10.3025,20645.955,10.287,19067.022,10.318,21433.6473,10.443,27927.094
1296,20140513,600064.SH,10.41,10.46,10.29,10.37,10.41,-0.04,-0.38,18414.18,19096.009,0.3567,0.78,10.39,24543.535,10.3267,24140.64,10.34,26311.9775,10.288,24118.878,10.29,19938.6187,10.255,20316.629,10.3333,24466.4,10.479,31053.025
1297,20140512,600064.SH,10.32,10.46,10.25,10.41,10.2,0.21,2.06,30672.89,31806.37,0.5942,1.53,10.305,27003.87,10.33,28944.5767,10.2675,25545.0525,10.272,23516.004,10.2675,19538.7362,10.257,20221.022,10.3693,25209.54,10.4975,32698.9955
1298,20140509,600064.SH,10.39,10.39,10.07,10.2,10.38,-0.18,-1.73,23334.85,23772.934,0.452,1.34,10.29,28080.42,10.22,23835.7733,10.2375,21726.7825,10.256,20026.884,10.2213,19259.9025,10.263,19094.233,10.4047,26494.378,10.512,34762.418
1299,20140508,600064.SH,10.09,10.43,10.09,10.38,10.08,0.3,2.98,32825.99,33968.333,0.6359,2.36,10.23,24086.235,10.25,21190.76,10.27,19199.8925,10.268,17417.406,10.245,18525.31,10.29,19076.319,10.448,27250.1567,10.5285,36804.053
1300,20140507,600064.SH,10.24,10.26,10.05,10.08,10.29,-0.21,-2.04,15346.48,15586.67,0.2973,0.93,10.185,15373.145,10.2333,14657.86,10.24,13565.26,10.23,13895.232,10.2563,16847.6862,10.305,20031.065,10.476,29156.5213,10.5295,37073.2715
1301,20140506,600064.SH,10.27,10.36,10.24,10.29,10.33,-0.04,-0.39,15399.81,15842.45,0.2983,0.91,10.31,14313.55,10.2933,12971.52,10.2675,13532.42,10.222,16514.38,10.305,17823.84,10.356,24640.161,10.5427,33364.4073,10.538,37270.1005
1302,20140505,600064.SH,10.25,10.33,10.18,10.33,10.26,0.07,0.68,13227.29,13539.585,0.2562,0.73,10.295,11757.375,10.26,12909.9567,10.205,16793.0225,10.242,16926.04,10.335,21195.545,10.418,26056.308,10.5727,35759.9927,10.5335,37699.1945
1303,20140430,600064.SH,10.19,10.27,10.16,10.26,10.19,0.07,0.69,10287.46,10521.282,0.1993,0.5,10.225,12751.29,10.1633,17981.6,10.22,17850.7275,10.27,18161.582,10.3675,27221.8137,10.479,29728.125,10.5973,39674.2627,10.5285,39113.022
1304,20140429,600064.SH,10.05,10.23,9.99,10.19,10.04,0.15,1.49,15215.12,15412.309,0.2947,0.58,10.115,21828.67,10.2067,20371.8167,10.2725,20130.1125,10.312,20735.232,10.4488,29631.0412,10.538,32166.532,10.6153,43266.2687,10.5165,39461.0645
1305,20140428,600064.SH,10.35,10.36,9.92,10.04,10.39,-0.35,-3.37,28442.22,28602.247,0.551,0.87,10.215,22950.165,10.3,21768.4433,10.3425,22115.26,10.38,26166.898,10.5425,33972.3337,10.599,36787.166,10.6293,44799.2847,10.5035,40021.6705
1306,20140425,600064.SH,10.51,10.61,10.37,10.39,10.47,-0.08,-0.76,17458.11,18299.285,0.3382,0.5,10.43,18431.555,10.4433,20006.2733,10.465,25598.0675,10.49,32765.942,10.6438,34750.9975,10.703,41789.421,10.6433,44188.674,10.5115,39895.5835
1307,20140424,600064.SH,10.43,10.6,10.41,10.47,10.47,0.0,0.0,19405.0,20416.025,0.3759,0.47,10.47,21280.355,10.49,28311.3867,10.515,36592.9,10.594,35186.576,10.695,40246.4162,10.738,45176.969,10.6307,44623.5793,10.497,40059.9495
1308,20140423,600064.SH,10.51,10.61,10.4,10.47,10.53,-0.06,-0.57,23155.71,24270.807,0.4486,0.53,10.5,32764.58,10.53,42322.2,10.625,39131.97,10.688,41294.668,10.7713,47628.8875,10.761,50430.603,10.6147,46096.8353,10.477,40117.339
1309,20140422,600064.SH,10.52,10.62,10.33,10.53,10.59,-0.06,-0.57,42373.45,44430.221,0.8208,0.89,10.56,51905.445,10.6767,44457.39,10.7425,45829.4075,10.764,43597.832,10.805,51151.1225,10.767,54531.787,10.5847,45703.0087,10.4625,40543.5725
1310,20140421,600064.SH,10.84,11.0,10.54,10.59,10.91,-0.32,-2.93,61437.44,65846.694,1.1901,1.21,10.75,45499.36,10.8133,46981.3933,10.8225,43903.9275,10.818,47407.434,10.8262,54847.1087,10.754,54115.478,10.5447,44639.928,10.446,40488.287
1311,20140418,600064.SH,10.94,11.05,10.82,10.91,10.94,-0.03,-0.27,29561.28,32310.065,0.5727,0.54,10.925,39753.37,10.9,38059.4233,10.875,43899.9325,10.916,50812.9,10.8187,55188.3725,10.72,49900.04,10.5187,42272.1307,10.4205,39155.3325
1312,20140417,600064.SH,10.83,11.07,10.74,10.94,10.85,0.09,0.83,49945.46,54544.127,0.9675,0.84,10.895,42308.495,10.8633,48679.4833,10.9175,56125.805,10.882,55167.362,10.755,56269.5075,10.649,49342.081,10.4647,41684.4073,10.362,39408.7205
1313,20140416,600064.SH,10.8,10.89,10.67,10.85,10.8,0.05,0.46,34671.53,37397.931,0.6716,0.53,10.825,48046.495,10.91,58185.92,10.8675,56472.8375,10.834,59566.538,10.6688,52436.7075,10.578,48497.919,10.4067,39724.896,10.299,37658.8015
1314,20140415,600064.SH,11.07,11.07,10.73,10.8,11.08,-0.28,-2.53,61421.46,66781.063,1.1898,1.01,10.94,69943.115,10.8733,63739.94,10.83,65790.29,10.77,65465.742,10.5875,51100.4775,10.495,46755.597,10.362,39525.486,10.2455,36951.8635
1315,20140414,600064.SH,10.74,11.1,10.66,11.08,10.74,0.34,3.17,78464.77,85776.164,1.52,1.6,10.91,64899.18,10.84,67246.5667,10.7625,66476.8125,10.69,60823.522,10.5163,48610.775,10.408,43256.175,10.322,38181.9047,10.1985,35048.368
1316,20140411,600064.SH,10.6,10.85,10.56,10.74,10.7,0.04,0.37,51333.59,55097.642,0.9944,1.18,10.72,61637.465,10.6567,62480.8267,10.5925,56413.21,10.524,48987.18,10.3838,40958.7175,10.32,38001.746,10.2553,35269.4767,10.1345,32042.3505
1317,20140410,600064.SH,10.51,10.78,10.45,10.7,10.53,0.17,1.61,71941.34,76667.665,1.3936,1.92,10.615,68054.445,10.5433,58106.4167,10.47,48400.5775,10.416,43516.8,10.2825,37845.4237,10.256,34942.93,10.1887,34155.84,10.0835,30190.6605
1318,20140409,600064.SH,10.41,10.61,10.3,10.53,10.4,0.13,1.25,64167.55,67255.619,1.243,2.29,10.465,51188.955,10.3933,40553.6567,10.345,36410.665,10.322,37429.3,10.22,32092.8162,10.193,29804.075,10.1207,30356.2227,10.0305,27517.405
1319,20140408,600064.SH,10.19,10.47,10.15,10.4,10.25,0.15,1.46,38210.36,39563.22,0.7402,1.49,10.325,28746.71,10.2833,27158.37,10.27,30744.7375,10.22,28045.452,10.1663,26665.0512,10.158,26555.358,10.0707,27447.2373,9.9825,25037.0595
1320,20140404,600064.SH,10.13,10.3,10.08,10.25,10.2,0.05,0.49,19283.06,19702.793,0.3735,0.71,10.225,21632.375,10.2267,28256.1967,10.175,25504.225,10.126,25688.828,10.125,24457.855,10.138,26861.096,10.0347,26456.65,9.9375,24677.871
1321,20140403,600064.SH,10.15,10.35,10.07,10.2,10.23,-0.03,-0.29,23981.69,24405.256,0.4646,0.91,10.215,32742.765,10.15,27577.9467,10.095,27290.27,10.116,27016.312,10.1163,26007.52,10.121,28410.625,10.0047,26394.074,9.9235,24591.5095
1322,20140402,600064.SH,9.98,10.34,9.98,10.23,10.02,0.21,2.1,41503.84,42499.014,0.804,1.87,10.125,29376.075,10.06,28393.13,10.095,27774.9675,10.096,26369.06,10.1163,28168.2762,10.075,29475.36,9.9727,25748.614,9.9185,24728.211
1323,20140401,600064.SH,9.98,10.04,9.88,10.02,9.93,0.09,0.91,17248.31,17238.366,0.3341,0.69,9.975,21837.775,10.05,23198.6767,10.0625,22585.365,10.064,22178.85,10.0975,27327.59,10.02,26819.684,9.9333,24213.44,9.9055,23338.3065
1324,20140331,600064.SH,10.17,10.17,9.83,9.93,10.2,-0.27,-2.65,26427.24,26288.034,0.5119,0.94,10.065,26173.86,10.0767,24364.3833,10.075,23411.485,10.096,25065.264,10.0625,29500.1812,9.996,27148.13,9.9033,24034.262,9.9035,23595.0905
1325,20140328,600064.SH,10.11,10.28,10.03,10.2,10.1,0.1,0.99,25920.48,26353.394,0.5021,0.87,10.15,23332.955,10.1233,22406.2333,10.1375,24724.77,10.15,28033.364,10.0313,28065.1612,9.989,26840.561,9.8747,24340.8853,9.9115,23336.052
1326,20140327,600064.SH,10.1,10.23,10.03,10.1,10.07,0.03,0.3,20745.43,21037.084,0.4019,0.64,10.085,20649.11,10.1167,24326.2,10.1375,28561.585,10.126,29804.938,9.9788,27391.6975,9.949,26082.955,9.8593,23783.242,9.9025,23163.3975
1327,20140326,600064.SH,10.19,10.27,9.99,10.07,10.18,-0.11,-1.08,20552.79,20759.657,0.3981,0.65,10.125,26116.585,10.15,31166.97,10.1325,32069.815,10.054,32581.66,9.9488,27717.4625,9.911,25438.391,9.8593,24181.2613,9.891,23357.132
1328,20140325,600064.SH,10.18,10.32,10.11,10.18,10.2,-0.02,-0.2,31680.38,32351.913,0.6137,1.08,10.19,36474.06,10.1533,35908.8233,10.05,35588.8775,9.976,31460.518,9.915,27441.4162,9.868,25230.735,9.8527,23724.792,9.8845,23409.958
1329,20140324,600064.SH,10.17,10.27,10.05,10.2,10.08,0.12,1.19,41267.74,41969.972,0.7994,1.61,10.14,38023.045,10.0067,36891.71,9.925,31405.5525,9.896,29230.996,9.8575,25268.8425,9.807,23518.761,9.8393,23105.0327,9.8735,23703.266
1330,20140321,600064.SH,9.73,10.12,9.7,10.08,9.74,0.34,3.49,34778.35,34683.35,0.6737,1.56,9.91,34703.695,9.8333,28118.1567,9.82,26221.81,9.828,25647.758,9.7875,22419.9037,9.737,22494.646,9.832,21770.2813,9.8715,23772.8335
1331,20140320,600064.SH,9.67,9.94,9.63,9.74,9.68,0.06,0.62,34629.04,34086.766,0.6708,1.89,9.71,24788.06,9.7333,23369.63,9.765,23365.11,9.772,22360.972,9.7238,19892.69,9.726,20772.394,9.828,20949.5507,9.897,23584.228
1332,20140319,600064.SH,9.73,9.78,9.61,9.68,9.78,-0.1,-1.02,14947.08,14432.025,0.2895,0.79,9.73,17739.925,9.7733,19610.4667,9.78,19293.955,9.768,18295.122,9.6938,19442.3837,9.762,19981.062,9.8367,20282.2893,9.95,24212.3055
1333,20140318,600064.SH,9.83,9.88,9.75,9.78,9.86,-0.08,-0.81,20532.77,20135.347,0.3978,1.15,9.82,21942.16,9.8133,20742.9133,9.79,19132.1325,9.76,19000.952,9.73,19768.4775,9.791,19856.929,9.854,20726.438,10.011,25839.448
1334,20140317,600064.SH,9.83,9.89,9.71,9.86,9.8,0.06,0.61,23351.55,22882.203,0.4524,1.21,9.83,20847.985,9.7933,18665.2533,9.755,18617.9975,9.718,17806.526,9.77,20541.3462,9.811,20042.051,9.866,21860.6893,10.0605,26370.457
1335,20140314,600064.SH,9.71,9.85,9.6,9.8,9.72,0.08,0.82,18344.42,17827.013,0.3554,0.96,9.76,16322.105,9.72,17040.1467,9.6825,16420.27,9.646,19341.534,9.7837,19335.6212,9.834,19831.543,9.886,23147.8587,10.108,26844.5795
1336,20140313,600064.SH,9.6,9.75,9.58,9.72,9.64,0.08,0.83,14299.79,13857.821,0.277,0.66,9.68,16388.01,9.6433,15778.8867,9.6075,19590.8125,9.68,19183.816,9.8063,19840.5675,9.856,20243.84,9.9387,23991.98,10.1525,27000.415
1337,20140312,600064.SH,9.55,9.73,9.47,9.64,9.57,0.07,0.73,18476.23,17759.191,0.3579,0.89,9.605,16518.435,9.57,21354.4867,9.67,20404.8225,9.756,21667.002,9.8525,20708.9025,9.871,21275.873,10.0107,26184.7,10.1945,28260.049
1338,20140311,600064.SH,9.53,9.68,9.45,9.57,9.5,0.07,0.74,14560.64,13913.734,0.2821,0.65,9.535,22793.615,9.68,21047.6867,9.785,22464.695,9.822,20712.906,9.9,21207.7975,9.901,21589.181,10.0947,28118.9467,10.2525,28666.5625
1339,20140310,600064.SH,9.95,9.95,9.47,9.5,9.97,-0.47,-4.71,31026.59,30008.73,0.601,1.53,9.735,24291.21,9.8567,25099.38,9.885,22250.9725,9.904,22277.576,9.9375,22465.2325,9.94,23887.771,10.1747,29225.1007,10.3115,29878.999
1340,20140307,600064.SH,10.11,10.15,9.94,9.97,10.1,-0.13,-1.29,17555.83,17626.514,0.3401,0.82,10.035,22135.775,10.0133,19325.7667,10.005,20090.3225,10.022,20321.552,9.9925,21288.0725,10.006,25051.021,10.262,29345.5947,10.3675,29789.505
1341,20140306,600064.SH,9.99,10.18,9.88,10.1,9.97,0.13,1.3,26715.72,26863.964,0.5175,1.28,10.035,20210.735,10.0167,20935.1533,10.035,21012.9825,10.032,21303.864,9.9913,23786.9112,10.068,26396.062,10.31,29605.948,10.3885,29405.748
1342,20140305,600064.SH,10.0,10.09,9.93,9.97,9.98,-0.01,-0.1,13705.75,13722.337,0.2655,0.61,9.975,18044.87,10.0133,19112.07,10.015,19950.9,9.986,20884.744,9.9988,25779.8325,10.138,28443.549,10.3407,30457.7313,10.4015,28801.6075
1343,20140304,600064.SH,10.09,10.09,9.85,9.98,10.09,-0.11,-1.09,22383.99,22313.499,0.4336,0.88,10.035,21815.23,10.03,22032.6167,9.99,22679.4925,9.98,22465.456,10.0763,27942.3937,10.231,31821.967,10.396,31317.7813,10.4275,28789.8055
1344,20140303,600064.SH,10.01,10.12,9.91,10.09,10.02,0.07,0.7,21246.47,21376.968,0.4116,0.71,10.055,21856.93,9.9933,22777.9933,9.98,22485.8225,9.976,25497.966,10.1788,31043.2187,10.31,32698.863,10.4473,32412.8067,10.4535,28267.125
1345,20140228,600064.SH,9.96,10.05,9.77,10.02,9.87,0.15,1.52,22467.39,22225.382,0.4352,0.71,9.945,23543.755,9.9433,22898.94,9.9475,26560.84,9.99,29780.49,10.28,34323.6512,10.382,33857.616,10.4827,32945.4893,10.473,28485.407
1346,20140227,600064.SH,9.95,10.1,9.86,9.87,9.94,-0.07,-0.7,24620.12,24556.844,0.4769,0.68,9.905,23114.715,9.9233,27925.3233,9.9825,31608.765,10.104,31488.26,10.3738,35409.3462,10.449,33756.99,10.5073,32106.376,10.506,29541.4685
1347,20140226,600064.SH,9.93,9.99,9.84,9.94,9.96,-0.02,-0.2,21609.31,21414.511,0.4186,0.52,9.95,29577.925,10.02,33938.3133,10.1625,33205.295,10.29,36002.354,10.4913,36436.0812,10.518,35244.225,10.54,31440.562,10.531,29297.5375
1348,20140225,600064.SH,10.15,10.2,9.9,9.96,10.16,-0.2,-1.97,37546.54,37861.986,0.7273,0.94,10.06,40102.815,10.2367,37070.6233,10.3775,39600.615,10.482,41178.478,10.585,36417.5587,10.604,35743.944,10.5767,30897.922,10.556,29520.0985
1349,20140224,600064.SH,10.5,10.5,10.01,10.16,10.59,-0.43,-4.06,42659.09,43438.962,0.8264,1.12,10.375,36832.665,10.5167,40285.3067,10.6125,42086.4625,10.644,39899.76,10.66,36660.8,10.683,35870.227,10.6127,29190.178,10.5675,28344.0005
1350,20140221,600064.SH,10.8,10.8,10.5,10.59,10.8,-0.21,-1.94,31006.24,32959.23,0.6006,0.86,10.695,39098.415,10.7633,41895.5867,10.765,39209.9275,10.774,37934.742,10.74,34654.2262,10.729,34527.989,10.634,28053.7127,10.5625,26716.2855
1351,20140220,600064.SH,10.93,11.05,10.78,10.8,10.9,-0.1,-0.92,47190.59,51526.449,0.9142,1.37,10.85,47340.26,10.8233,41944.49,10.82,39666.8675,10.794,36025.72,10.76,35629.6175,10.709,32415.434,10.64,28892.538,10.538,25850.486
1352,20140219,600064.SH,10.76,11.06,10.72,10.9,10.77,0.13,1.21,47489.93,51754.902,0.92,1.57,10.835,39321.44,10.8267,37158.96,10.7925,33234.5025,10.746,34486.096,10.7375,33385.3825,10.665,29159.666,10.6113,27062.5987,10.5035,24112.8595
1353,20140218,600064.SH,10.81,10.82,10.69,10.77,10.81,-0.04,-0.37,31152.95,33460.861,0.6035,0.98,10.79,31993.475,10.7567,28482.6933,10.7075,31235.1375,10.726,30309.41,10.6738,28684.2275,10.624,25757.644,10.5807,25633.972,10.462,22359.2505
1354,20140217,600064.SH,10.71,10.83,10.66,10.81,10.69,0.12,1.12,32834.0,35314.469,0.636,1.06,10.75,27147.565,10.6867,31262.5333,10.715,30098.525,10.722,31840.694,10.6225,26619.2225,10.597,23835.387,10.542,24492.0807,10.4295,21336.5
1355,20140214,600064.SH,10.54,10.71,10.54,10.69,10.56,0.13,1.23,21461.13,22848.056,0.4157,0.75,10.625,30476.8,10.6833,29186.7,10.7,31592.3675,10.684,31121.236,10.5825,24198.6862,10.564,23113.198,10.492,22976.8,10.3855,20222.649
1356,20140213,600064.SH,10.78,10.78,10.56,10.56,10.8,-0.24,-2.22,39492.47,42085.672,0.765,1.66,10.68,33049.485,10.7033,34969.4467,10.6825,33536.2625,10.624,28805.148,10.5587,23007.3425,10.563,25325.947,10.4527,22458.7413,10.3485,20052.2385
1357,20140212,600064.SH,10.77,10.82,10.69,10.8,10.75,0.05,0.47,26606.5,28629.121,0.5154,1.25,10.775,32707.935,10.7233,31550.86,10.64,26133.3175,10.584,23833.236,10.5488,21272.2975,10.544,23350.85,10.4227,20655.114,10.3305,19335.0985
1358,20140211,600064.SH,10.59,10.81,10.57,10.75,10.62,0.13,1.22,38809.37,41518.923,0.7518,2.45,10.685,34023.04,10.5867,25975.59,10.53,23139.92,10.522,21205.878,10.5337,23395.0625,10.508,23296.253,10.374,19709.1973,10.2975,18804.483
1359,20140210,600064.SH,10.38,10.65,10.36,10.62,10.39,0.23,2.21,29236.71,30911.427,0.5664,1.94,10.505,19558.7,10.4567,17916.77,10.465,16805.005,10.472,15830.08,10.4863,21011.5787,10.452,20817.774,10.332,17835.102,10.2705,17620.0345
1360,20140207,600064.SH,10.25,10.4,10.24,10.39,10.36,0.03,0.29,9880.69,10201.014,0.1914,0.45,10.375,12256.8,10.4133,12661.1033,10.435,12478.4225,10.444,15105.16,10.4637,20614.5562,10.396,18904.582,10.286,16589.7867,10.2485,17756.922
1361,20140130,600064.SH,10.49,10.59,10.23,10.36,10.49,-0.13,-1.24,14632.91,15182.899,0.2835,0.64,10.425,14051.31,10.45,13344.3333,10.4575,16411.2775,10.502,21846.746,10.4387,21132.5425,10.367,19285.538,10.2567,17134.602,10.2615,18709.9905
1362,20140129,600064.SH,10.56,10.56,10.42,10.49,10.5,-0.01,-0.1,13469.71,14115.995,0.2609,0.53,10.495,12700.045,10.49,17004.0667,10.5375,23650.205,10.504,22868.464,10.4012,20566.5275,10.342,19066.053,10.246,17835.7193,10.2895,19073.033
1363,20140128,600064.SH,10.46,10.56,10.43,10.5,10.48,0.02,0.19,11930.38,12522.288,0.2311,0.46,10.49,18771.245,10.5533,27043.7033,10.5075,25218.1525,10.494,25386.628,10.3525,20594.095,10.3,18960.857,10.2227,18004.018,10.316,19678.5205
1364,20140127,600064.SH,10.52,10.65,10.45,10.48,10.68,-0.2,-1.87,25612.11,26961.691,0.4961,1.13,10.58,34600.365,10.51,29647.41,10.4925,28750.69,10.432,25805.468,10.3037,20657.555,10.262,18837.613,10.2033,18216.686,10.337,20008.7545
1365,20140124,600064.SH,10.3,10.84,10.3,10.68,10.37,0.31,2.99,43588.62,46145.904,0.8444,2.61,10.525,31665.06,10.4967,29796.8833,10.42,25853.8075,10.348,22704.004,10.2525,19008.26,10.207,17332.1,10.1833,18640.8427,10.3565,19798.581
1366,20140123,600064.SH,10.4,10.47,10.34,10.37,10.44,-0.07,-0.67,19741.5,20506.448,0.3824,1.29,10.405,22901.015,10.3333,19942.2033,10.265,17482.85,10.232,16724.33,10.1825,14896.925,10.134,14778.53,10.1813,17664.4053,10.356,18925.1915
1367,20140122,600064.SH,10.19,10.46,10.17,10.44,10.19,0.25,2.45,26060.53,27010.944,0.5048,2.08,10.315,20042.555,10.23,16729.9667,10.1975,15970.0375,10.18,15263.642,10.1275,13748.86,10.117,15319.347,10.218,17807.8893,10.3795,18742.3925
1368,20140121,600064.SH,10.08,10.21,10.06,10.19,10.06,0.13,1.29,14024.58,14250.267,0.2717,1.18,10.125,12064.685,10.1167,12606.54,10.115,12564.42,10.106,12535.086,10.0663,12747.9087,10.087,14312.713,10.2567,17775.818,10.396,18364.362
1369,20140120,600064.SH,10.13,10.13,10.0,10.06,10.1,-0.04,-0.4,10104.79,10153.868,0.1957,0.84,10.08,11897.52,10.09,12077.7,10.085,12162.7125,10.092,11869.758,10.0675,14138.545,10.089,14422.295,10.3053,18076.5167,10.426,18469.816
1370,20140117,600064.SH,10.12,10.19,10.05,10.1,10.11,-0.01,-0.1,13690.25,13861.618,0.2652,1.07,10.105,13064.155,10.0933,12848.6867,10.1,12311.0,10.066,11960.196,10.0775,14874.72,10.101,16609.262,10.3593,18830.1067,10.461,19633.562
1371,20140116,600064.SH,10.09,10.22,10.08,10.11,10.07,0.04,0.4,12438.06,12609.435,0.2409,0.81,10.09,12427.905,10.1,11851.25,10.0575,11527.6825,10.036,12832.73,10.0913,15053.4887,10.156,18134.443,10.3973,19658.812,10.508,19947.0365
1372,20140115,600064.SH,10.15,10.15,10.0,10.07,10.12,-0.05,-0.49,12417.75,12488.045,0.2406,0.77,10.095,11557.845,10.04,11224.2233,10.0175,12931.3975,10.054,15375.052,10.1,17495.5387,10.237,19080.013,10.446,19901.976,10.5555,20694.3695
1373,20140114,600064.SH,9.9,10.13,9.9,10.12,9.93,0.19,1.91,10697.94,10711.696,0.2072,0.63,10.025,10627.46,10.0,13102.6133,10.05,16114.3775,10.068,16090.34,10.1725,19561.0775,10.332,20396.184,10.4927,20307.454,10.61,21922.3835
1374,20140113,600064.SH,10.05,10.05,9.88,9.93,9.95,-0.02,-0.2,10556.98,10508.298,0.2045,0.5,9.94,14304.95,10.0267,17919.8567,10.055,17438.44,10.086,16974.832,10.2725,20960.555,10.412,21179.896,10.5373,20669.8353,10.6745,23956.9305
1375,20140110,600064.SH,10.15,10.2,9.9,9.95,10.2,-0.25,-2.45,18052.92,18103.091,0.3497,0.77,10.075,21601.295,10.0967,19732.26,10.125,18579.295,10.136,21258.328,10.4088,22838.365,10.506,22265.062,10.5927,22191.3507,10.763,25737.7985
1376,20140109,600064.SH,10.17,10.32,10.1,10.2,10.14,0.06,0.59,25149.67,25675.139,0.4872,1.1,10.17,20571.93,10.1833,18754.7533,10.1825,22059.68,10.276,23436.156,10.53,22898.6325,10.578,23071.853,10.6653,22318.472,10.843,26169.222
1377,20140108,600064.SH,10.24,10.32,10.13,10.14,10.21,-0.07,-0.69,15994.19,16326.953,0.3098,0.65,10.175,15557.295,10.1767,21029.6833,10.295,23007.7775,10.42,22784.974,10.6138,22431.0037,10.642,22165.438,10.7227,22467.4753,10.9095,27008.268
1378,20140107,600064.SH,10.17,10.33,10.02,10.21,10.18,0.03,0.29,15120.4,15443.249,0.2929,0.6,10.195,23547.43,10.3467,25345.64,10.49,24482.67,10.596,24702.028,10.68,23696.8337,10.705,22416.011,10.7907,23866.398,10.991,28263.0545
1379,20140106,600064.SH,10.6,10.63,10.15,10.18,10.65,-0.47,-4.41,31974.46,33013.682,0.6194,1.37,10.415,30458.26,10.5833,27603.4267,10.6925,27097.435,10.738,25384.96,10.7588,23817.4737,10.763,22517.337,10.8707,26284.2967,11.066,30219.356
1380,20140103,600064.SH,10.89,10.95,10.63,10.65,10.92,-0.27,-2.47,28942.06,31013.487,0.5607,1.27,10.785,25417.91,10.8633,25471.76,10.8775,23737.585,10.876,23271.796,10.8325,22133.1562,10.821,22657.862,10.972,27230.9553,11.151,31620.697
1381,20140102,600064.SH,11.05,11.06,10.86,10.92,11.02,-0.1,-0.91,21893.76,23919.716,0.4241,1.02,10.97,23736.61,10.9533,22002.76,10.9325,21854.23,10.88,22707.55,10.85,20532.1062,10.86,21759.63,11.032,27080.244,11.2245,35221.9635
1382,20131231,600064.SH,10.86,11.07,10.86,11.02,10.92,0.1,0.92,25579.46,28066.888,0.4955,1.27,10.97,22057.26,10.9367,21841.0533,10.87,22910.9975,10.864,21545.902,10.83,21967.85,10.874,22308.726,11.0727,28416.0327,11.2825,41385.2195
1383,20131230,600064.SH,10.91,11.04,10.85,10.92,10.87,0.05,0.46,18535.06,20274.673,0.3591,0.94,10.895,19971.85,10.82,22021.51,10.825,20537.5125,10.814,20129.994,10.8325,21265.385,10.888,23448.583,11.1227,29450.0633,11.3115,43746.2555
1384,20131227,600064.SH,10.72,10.94,10.67,10.87,10.67,0.2,1.87,21408.64,23216.032,0.4147,0.97,10.77,23764.735,10.7933,21204.9967,10.7875,20528.7275,10.788,19649.714,10.85,22371.5925,10.937,26733.965,11.1753,31830.8213,11.35,50122.8615
1385,20131226,600064.SH,10.83,10.85,10.65,10.67,10.84,-0.17,-1.57,26120.83,28060.023,0.506,1.26,10.755,21103.175,10.76,20235.4233,10.7675,19209.9825,10.766,22043.928,10.8863,24317.7662,11.02,29210.535,11.2427,34403.664,11.3775,50908.208
1386,20131225,600064.SH,10.78,10.87,10.69,10.84,10.77,0.07,0.65,16085.52,17386.796,0.3116,0.7,10.805,17292.72,10.8,16906.3667,10.79,21024.7025,10.84,20811.71,10.9787,27476.2725,11.108,29266.591,11.3393,39393.4347,11.41,52104.93
1387,20131224,600064.SH,10.8,10.94,10.68,10.77,10.79,-0.02,-0.19,18499.92,20033.216,0.3584,0.69,10.78,17316.79,10.7733,22671.0967,10.84,21993.2575,10.884,23071.55,11.0862,31237.375,11.177,31851.098,11.422,47998.3253,11.4285,52629.9215
1388,20131223,600064.SH,10.7,10.88,10.64,10.79,10.76,0.03,0.28,16133.66,17319.996,0.3125,0.48,10.775,24756.685,10.8633,23157.7033,10.9125,24214.4575,10.962,26767.172,11.1837,32260.0587,11.277,34110.098,11.4773,51618.3427,11.444,52619.7035
1389,20131220,600064.SH,11.04,11.08,10.73,10.76,11.04,-0.28,-2.54,33379.71,36203.664,0.6466,0.92,10.9,26669.725,10.9533,26908.0567,11.005,29425.55,11.086,33818.216,11.2763,35484.675,11.369,37921.375,11.5373,60280.5773,11.4605,52918.66
1390,20131219,600064.SH,11.1,11.19,11.0,11.04,11.06,-0.02,-0.18,19959.74,22095.484,0.3867,0.53,11.05,23672.23,11.0867,28107.4967,11.1675,33927.8425,11.274,36377.142,11.4025,36448.4512,11.481,40583.532,11.5813,60529.6347,11.4805,52652.6475
1391,20131218,600064.SH,11.13,11.27,11.0,11.06,11.16,-0.1,-0.9,27384.72,30495.458,0.5305,0.67,11.11,32181.375,11.21,38583.8767,11.3325,40481.4925,11.376,37721.472,11.4863,40734.2875,11.589,48684.297,11.6,62536.0033,11.487,53982.063
1392,20131217,600064.SH,11.35,11.44,11.0,11.16,11.41,-0.25,-2.19,36978.03,41605.316,0.7163,0.89,11.285,44183.455,11.4233,44847.0833,11.455,40305.66,11.47,40630.646,11.5888,44811.3575,11.691,60461.713,11.61,62482.712,11.503,54081.438
1393,20131216,600064.SH,11.85,11.99,11.38,11.41,11.7,-0.29,-2.48,51388.88,60000.282,0.9955,1.22,11.555,48781.61,11.5533,41414.87,11.5475,41543.8,11.592,41453.024,11.7088,52810.0275,11.735,64043.928,11.6047,61237.214,11.5125,54112.218
1394,20131213,600064.SH,11.64,11.79,11.59,11.7,11.55,0.15,1.3,46174.34,53965.429,0.8945,1.03,11.625,36427.865,11.5933,38262.1067,11.6375,38969.06,11.652,42024.534,11.7925,64531.2775,11.763,73511.758,11.5853,59285.4747,11.5165,55685.961
1395,20131212,600064.SH,11.46,11.63,11.44,11.55,11.53,0.02,0.17,26681.39,30820.037,0.5169,0.45,11.54,34305.99,11.6167,36567.3,11.64,40987.0825,11.688,44789.922,11.78,67859.5075,11.735,72605.881,11.5493,58077.816,11.489,55650.5285
1396,20131211,600064.SH,11.78,11.84,11.46,11.53,11.77,-0.24,-2.04,41930.59,48598.852,0.8123,0.52,11.65,41510.255,11.67,45755.6467,11.7225,49317.055,11.802,59647.122,11.7975,82782.7312,11.712,74943.269,11.524,59402.26,11.454,55269.127
1397,20131210,600064.SH,11.75,11.87,11.69,11.77,11.71,0.06,0.51,41089.92,48440.896,0.796,0.47,11.74,47668.175,11.7867,51779.21,11.87,64076.255,11.912,80292.78,11.7838,82180.8537,11.68,73408.745,11.514,58565.0353,11.413,54183.289
1398,20131209,600064.SH,11.89,11.96,11.66,11.71,11.88,-0.17,-1.43,54246.43,63732.351,1.0508,0.52,11.795,57123.855,11.9033,71738.3667,11.9475,90093.495,11.878,86634.832,11.7275,83301.5225,11.611,71129.309,11.486,58331.9493,11.367,53336.2435
1399,20131206,600064.SH,12.09,12.09,11.84,11.88,12.12,-0.24,-1.98,60001.28,71685.569,1.1623,0.6,12.0,80484.335,12.0267,102042.5167,11.92,94731.9325,11.874,104998.982,11.665,79843.8875,11.552,67915.945,11.4713,60239.77,11.315,51373.7325
1400,20131205,600064.SH,12.06,12.2,11.87,12.12,12.08,0.04,0.33,100967.39,121567.83,1.9559,1.12,12.1,123063.135,11.9333,106308.8167,11.8725,116248.4075,11.782,100421.84,11.565,74630.6725,11.48,64721.763,11.4227,59270.7307,11.256,49472.589
1401,20131204,600064.SH,11.58,12.38,11.54,12.08,11.6,0.48,4.14,145158.88,174180.961,2.812,2.18,11.84,108979.53,11.79,121342.08,11.6975,100285.4525,11.622,90239.416,11.44,64773.8475,11.385,59279.829,11.338,53809.7953,11.1905,45114.7225
1402,20131203,600064.SH,11.61,11.7,11.37,11.6,11.69,-0.09,-0.77,72800.18,83881.388,1.4103,1.31,11.645,109433.68,11.57,85327.6433,11.5075,76509.55,11.448,66524.71,11.325,50136.42,11.315,47701.163,11.2467,45480.1253,11.13,38595.1095
1403,20131202,600064.SH,11.32,11.98,11.32,11.69,11.42,0.27,2.36,146067.18,170822.355,2.8296,4.74,11.555,91591.375,11.4767,77746.0067,11.41,64955.8425,11.344,55623.786,11.2713,46854.9037,11.29,44180.508,11.1967,42236.714,11.0985,36073.863
1404,20131129,600064.SH,11.33,11.46,11.32,11.42,11.32,0.1,0.88,37115.57,42314.094,0.719,1.28,11.37,43585.42,11.3167,37918.73,11.2575,33012.9375,11.23,30832.908,11.2325,32268.0337,11.27,37860.164,11.1287,33498.6493,11.056,29780.2195
1405,20131128,600064.SH,11.21,11.42,11.17,11.32,11.21,0.11,0.98,50055.27,56643.807,0.9697,1.77,11.265,38320.31,11.2033,31645.3933,11.1825,29262.2425,11.178,29021.686,11.2237,32327.7912,11.243,38695.176,11.0807,32489.5053,11.0315,29237.756
1406,20131127,600064.SH,11.08,11.28,11.08,11.21,11.08,0.13,1.17,26585.35,29694.613,0.515,0.92,11.145,22440.455,11.1367,22331.2333,11.1425,23763.29,11.148,28320.242,11.245,36428.85,11.196,35594.985,11.0467,30073.158,11.0155,28091.1545
1407,20131126,600064.SH,11.11,11.14,11.05,11.08,11.12,-0.04,-0.36,18295.56,20284.09,0.3544,0.56,11.1,20204.175,11.12,22822.6033,11.1325,28753.965,11.182,28877.616,11.2375,38788.8925,11.146,34957.833,11.024,29285.2427,11.007,28115.1755
1408,20131125,600064.SH,11.12,11.25,11.03,11.12,11.16,-0.04,-0.36,22112.79,24628.494,0.4284,0.49,11.14,25086.125,11.15,32240.1,11.2075,31523.13,11.236,32737.23,11.2087,38883.6175,11.123,35543.178,11.0167,29557.222,11.0045,30192.0365
1409,20131122,600064.SH,11.15,11.24,11.11,11.16,11.17,-0.01,-0.09,28059.46,31369.543,0.5436,0.58,11.165,37303.755,11.2367,34659.91,11.265,35393.34,11.31,44887.42,11.1575,38646.2475,11.078,34831.52,10.998,29429.3233,11.0085,30444.0625
1410,20131121,600064.SH,11.3,11.32,11.05,11.17,11.38,-0.21,-1.85,46548.05,51906.693,0.9017,1.09,11.275,37960.135,11.3,37837.9667,11.3475,49094.41,11.308,48368.666,11.1187,38157.4412,11.032,34223.415,10.9827,29309.7793,11.006,30254.158
1411,20131120,600064.SH,11.38,11.43,11.25,11.38,11.35,0.03,0.26,29372.22,33286.589,0.569,0.72,11.365,33482.925,11.4067,49943.1967,11.3425,48823.82,11.244,42869.728,11.0562,34213.4612,10.996,30949.616,10.9713,28014.792,11.0,29024.589
1412,20131119,600064.SH,11.49,11.5,11.3,11.35,11.49,-0.14,-1.22,37593.63,42760.696,0.7282,0.98,11.42,60228.685,11.33,55307.6867,11.21,46244.105,11.11,41038.05,10.9712,33289.235,10.945,29489.056,10.9487,27861.0287,10.987,29480.725
1413,20131118,600064.SH,11.21,11.59,11.1,11.49,11.15,0.34,3.05,82863.74,94387.44,1.6052,3.34,11.32,64164.715,11.1633,49127.5967,11.05,41899.155,11.01,38349.126,10.9037,30316.2887,10.907,27967.218,10.9273,29343.6387,10.9825,29321.2225
1414,20131115,600064.SH,10.85,11.28,10.85,11.15,10.85,0.3,2.77,45465.69,50607.172,0.8807,2.26,11.0,32259.525,10.9033,28244.2933,10.89,27220.4725,10.846,24775.62,10.8262,21804.1487,10.842,21700.275,10.908,25629.61,10.979,27453.209
1415,20131114,600064.SH,10.75,10.91,10.72,10.85,10.71,0.14,1.3072,19053.36,20647.132,0.3691,1.0,10.78,19633.595,10.8033,21138.7333,10.77,19603.1025,10.756,20078.164,10.8037,18917.8437,10.82,19780.336,10.9053,24215.9887,10.9805,26895.7115
1416,20131113,600064.SH,10.83,10.95,10.66,10.71,10.85,-0.14,-1.29,20213.83,21813.471,0.3916,1.13,10.78,22181.42,10.7433,19786.35,10.7325,20334.365,10.748,19029.504,10.8025,19060.4625,10.835,20587.324,10.9187,24409.5427,11.002,27696.0025
1417,20131112,600064.SH,10.66,10.97,10.66,10.85,10.67,0.18,1.69,24149.01,26230.57,0.4678,1.37,10.76,19572.61,10.74,20374.5433,10.7575,18733.4225,10.78,17940.062,10.83,19817.0212,10.868,21272.518,10.946,25628.2833,11.035,29610.1785
1418,20131111,600064.SH,10.74,10.74,10.6,10.67,10.7,-0.03,-0.28,14996.21,15980.403,0.2905,0.81,10.685,18487.31,10.7267,16928.2267,10.7625,16387.825,10.804,17585.31,10.8487,20188.8,10.886,24840.895,10.9733,26311.9213,11.075,31519.6915
1419,20131108,600064.SH,10.8,10.96,10.7,10.7,10.81,-0.11,-1.02,21978.41,23687.894,0.4258,1.13,10.755,17894.235,10.7933,16851.6967,10.8375,18232.585,10.838,18624.93,10.895,21697.495,10.939,26056.605,11.0233,28345.7387,11.117,33238.8405
1420,20131107,600064.SH,10.85,10.93,10.8,10.81,10.87,-0.06,-0.55,13810.06,14973.955,0.2675,0.62,10.84,14288.34,10.8833,16983.9767,10.8725,17786.56,10.884,19482.508,10.9362,26429.2912,10.98,26284.901,11.0553,29168.2273,11.157,34876.7115
1421,20131106,600064.SH,10.94,11.06,10.85,10.87,10.97,-0.1,-0.91,14766.62,16183.654,0.2861,0.6,10.92,18570.935,10.8933,19112.06,10.9025,20900.62,10.922,22145.144,10.985,28097.1975,11.004,27099.562,11.0867,30584.8353,11.1765,36362.549
1422,20131105,600064.SH,10.81,10.99,10.79,10.97,10.84,0.13,1.2,22375.25,24430.761,0.4334,0.7,10.905,21284.78,10.9133,22945.2867,10.935,23989.775,10.956,24604.974,11.015,29284.0412,11.029,29472.394,11.12,33500.2173,11.197,37733.1905
1423,20131104,600064.SH,11.0,11.01,10.82,10.84,10.93,-0.09,-0.82,20194.31,22023.134,0.3912,0.6,10.885,23230.305,10.9233,24527.95,10.9525,25162.405,10.968,32096.48,11.025,29231.7187,11.058,30675.227,11.1653,36164.4853,11.2115,39811.0715
1424,20131101,600064.SH,10.95,11.0,10.78,10.93,11.0,-0.07,-0.64,26266.3,28620.113,0.5088,0.79,10.965,26694.77,10.99,26818.4367,11.0,35072.0225,11.04,33488.28,11.06,31519.2975,11.116,33206.143,11.21,38110.144,11.225,40270.479
1425,20131031,600064.SH,11.07,11.19,10.94,11.0,11.04,-0.04,-0.36,27123.24,30048.706,0.5254,0.85,11.02,27094.505,11.0233,38007.2633,11.0675,35293.775,11.076,33087.294,11.1012,32536.4575,11.141,34011.087,11.248,40008.1127,11.2245,41558.141
1426,20131030,600064.SH,11.04,11.08,10.89,11.04,11.03,0.01,0.09,27065.77,29749.486,0.5243,0.79,11.035,43449.275,11.09,38017.2867,11.095,34578.3075,11.086,32053.98,11.1537,34833.9862,11.169,34804.681,11.2613,41101.684,11.228,43563.7575
1427,20131029,600064.SH,11.23,11.41,10.76,11.03,11.2,-0.17,-1.52,59832.78,66307.531,1.1591,2.05,11.115,43493.045,11.1133,37082.4867,11.0975,33301.0325,11.102,34339.814,11.1712,35740.2325,11.202,37947.839,11.2773,42109.2627,11.2545,44574.522
1428,20131028,600064.SH,11.14,11.27,11.02,11.2,11.11,0.09,0.81,27153.31,30301.824,0.526,0.82,11.155,25707.34,11.12,24457.1167,11.12,27966.5725,11.148,29253.974,11.2025,32643.5325,11.264,38198.488,11.2927,42382.602,11.289,43962.96
1429,20131025,600064.SH,11.09,11.18,11.03,11.11,11.05,0.06,0.54,24261.37,26895.461,0.47,0.69,11.08,23109.02,11.0933,28237.66,11.135,29779.14,11.192,32924.006,11.2237,36561.5375,11.295,40421.076,11.2867,42531.212,11.319,44702.026
1430,20131024,600064.SH,11.12,11.15,11.01,11.05,11.12,-0.07,-0.63,21956.67,24332.864,0.4253,0.58,11.085,30225.805,11.1433,31618.3967,11.2125,35089.665,11.206,34934.88,11.2912,41321.275,11.334,43468.522,11.274,44381.7567,11.3485,45026.1595
1431,20131023,600064.SH,11.28,11.49,11.09,11.12,11.26,-0.14,-1.24,38494.94,43392.674,0.7457,0.93,11.19,36449.26,11.2667,39467.33,11.245,38179.4325,11.252,37555.382,11.3487,44749.09,11.349,45625.536,11.2753,47400.35,11.3765,46457.108
1432,20131022,600064.SH,11.38,11.53,11.2,11.26,11.42,-0.16,-1.4,34403.58,39039.187,0.6665,0.73,11.34,39953.525,11.2867,38074.2633,11.285,37320.4925,11.302,41555.864,11.3962,46779.2012,11.365,45993.987,11.3053,47986.0913,11.417,48526.759
1433,20131021,600064.SH,11.2,11.46,11.15,11.42,11.18,0.24,2.15,45503.47,51367.968,0.8815,0.95,11.3,39909.605,11.2933,38292.7967,11.3125,43343.935,11.38,47143.002,11.3887,47919.605,11.365,48946.916,11.336,48865.9553,11.464,52114.566
1434,20131018,600064.SH,11.3,11.35,11.12,11.18,11.28,-0.1,-0.89,34315.74,38547.623,0.6648,0.66,11.23,34687.46,11.2767,42624.09,11.37,47552.885,11.398,47918.146,11.3712,47504.1025,11.334,47334.815,11.3613,48628.0327,11.518,55448.181
1435,20131017,600064.SH,11.38,11.47,11.2,11.28,11.37,-0.09,-0.79,35059.18,39656.05,0.6792,0.65,11.325,46778.265,11.4333,51965.2667,11.4525,51318.7475,11.462,52002.164,11.3812,51206.2437,11.308,49105.195,11.396,48389.9193,11.569,61926.5095
1436,20131016,600064.SH,11.6,11.6,11.18,11.37,11.65,-0.28,-2.4,58497.35,66296.534,1.1332,1.16,11.51,60418.31,11.51,56738.6033,11.5075,56237.91,11.446,53695.69,11.36,50496.6537,11.287,52322.834,11.418,49424.35,11.599,66270.5255
1437,20131015,600064.SH,11.5,11.66,11.28,11.65,11.51,0.14,1.22,62339.27,71605.266,1.2076,1.23,11.58,55859.23,11.5533,55484.7633,11.465,52495.275,11.428,50432.11,11.3037,49686.9275,11.307,51201.205,11.4553,50850.3907,11.6105,69500.723
1438,20131014,600064.SH,11.52,11.59,11.38,11.51,11.5,0.01,0.09,49379.19,56651.627,0.9566,1.06,11.505,52057.51,11.4033,49213.9433,11.3725,47455.32,11.35,50750.83,11.2312,50298.965,11.314,49727.432,11.492,53771.754,11.581,67768.824
1439,20131011,600064.SH,11.24,11.52,11.24,11.5,11.2,0.3,2.68,54735.83,62422.844,1.0603,1.18,11.35,49131.32,11.3267,46814.03,11.31,51093.74,11.27,46751.484,11.2387,50036.6987,11.343,48982.976,11.558,57958.1927,11.556,67534.876
1440,20131010,600064.SH,11.27,11.41,11.16,11.2,11.28,-0.08,-0.71,43526.81,49055.608,0.8432,0.85,11.24,42853.13,11.2467,49879.71,11.2125,44755.3975,11.154,46208.226,11.2662,49144.9125,11.363,46583.797,11.6047,65234.6247,11.531,66129.1755
1441,20131009,600064.SH,11.16,11.32,11.11,11.28,11.26,0.02,0.18,42179.45,47279.402,0.8171,0.81,11.27,53056.16,11.2167,45164.9267,11.1425,46878.58,11.128,50949.978,11.3412,48945.89,11.404,47288.68,11.65,70462.1373,11.524,65746.696
1442,20131008,600064.SH,11.1,11.27,10.9,11.26,11.11,0.15,1.35,63932.87,70653.106,1.2385,1.31,11.185,46657.665,11.0967,48444.9567,11.09,53142.61,11.186,51970.3,11.3937,47516.4637,11.469,51059.531,11.6713,75856.9273,11.5105,65960.191
1443,20130930,600064.SH,11.0,11.13,10.96,11.11,10.92,0.19,1.74,29382.46,32419.924,0.5692,0.57,11.015,40701.0,11.0333,49545.8567,11.1675,48979.6575,11.278,48704.034,11.4375,45846.81,11.563,55282.216,11.658,73441.4887,11.512,67653.685
1444,20130927,600064.SH,11.08,11.16,10.89,10.92,11.07,-0.15,-1.36,52019.54,57217.806,1.0077,1.11,10.995,59627.555,11.1867,55512.0567,11.32,53534.4275,11.416,51214.468,11.54,52159.9975,11.702,63561.547,11.6513,74462.6733,11.5045,69201.467
1445,20130926,600064.SH,11.51,11.58,11.0,11.07,11.57,-0.5,-4.32,67235.57,75456.1,1.3025,1.54,11.32,57258.315,11.4533,54039.39,11.54,51013.2,11.572,46959.368,11.7,58927.52,11.83,74747.824,11.6567,72769.492,11.491,68508.4205
1446,20130925,600064.SH,11.73,11.88,11.55,11.57,11.72,-0.15,-1.28,47281.06,55443.836,0.9159,0.94,11.645,47441.3,11.6967,45605.7433,11.6975,41890.3175,11.68,43627.382,11.8787,64545.045,11.911,80218.217,11.656,70678.9353,11.4755,66774.8235
1447,20130924,600064.SH,11.78,11.78,11.52,11.72,11.8,-0.08,-0.68,47601.54,55437.606,0.9221,0.77,11.76,44768.085,11.74,40093.4033,11.7075,42713.9625,11.752,50148.762,11.9575,79120.2012,11.914,87800.241,11.6187,70623.488,11.429,66072.4045
1448,20130923,600064.SH,11.71,11.82,11.56,11.8,11.7,0.1,0.85,41934.63,49105.397,0.8123,0.55,11.75,36339.335,11.7033,41084.77,11.76,50785.5675,11.848,61860.398,11.9775,88412.4462,11.848,85810.216,11.59,73970.2353,11.362,64886.483
1449,20130918,600064.SH,11.55,11.77,11.48,11.7,11.61,0.09,0.78,30744.04,35726.675,0.5956,0.3,11.655,40659.84,11.7467,53735.88,11.86,66841.84,11.988,75908.626,11.9525,98558.28,11.769,86086.776,11.534,75197.1333,11.2985,63942.186
1450,20130917,600064.SH,11.91,11.95,11.6,11.61,11.93,-0.32,-2.68,50575.64,59556.132,0.9797,0.43,11.77,65231.8,11.9133,78874.44,12.06,87199.7725,12.088,102536.28,11.8725,98177.9362,11.699,85674.554,11.464,75691.438,11.246,63340.3095
1451,20130916,600064.SH,12.15,12.18,11.7,11.93,12.2,-0.27,-2.21,79887.96,95069.311,1.5476,0.64,12.065,93023.84,12.21,99407.8167,12.2075,115526.44,12.142,116809.052,11.7975,97443.51,11.644,84204.712,11.4073,74490.6373,11.2005,62129.2515
1452,20130913,600064.SH,12.4,12.85,12.17,12.2,12.5,-0.3,-2.4,106159.72,132229.271,2.0565,0.97,12.35,109167.745,12.3,127405.9333,12.195,126039.325,12.076,125451.72,11.6812,90785.2425,11.552,80860.851,11.3213,71380.2853,11.1385,59405.2035
1453,20130912,600064.SH,12.25,12.66,12.01,12.5,12.2,0.3,2.46,112175.77,139793.175,2.173,1.17,12.35,138029.04,12.1933,132665.86,12.045,130274.72,11.848,109760.034,11.5387,81999.93,11.461,80025.154,11.2,65895.178,11.057,56723.3845
1454,20130911,600064.SH,12.71,13.04,12.15,12.2,11.88,0.32,2.69,163882.31,205179.296,3.1747,2.38,12.04,142910.905,11.8933,136307.7033,11.685,109156.1,11.55,96264.926,11.3525,73784.1275,11.307,74841.387,11.0687,59953.3727,10.9585,52641.236
1455,20130910,600064.SH,11.58,11.93,11.41,11.88,11.6,0.28,2.41,121939.5,143401.756,2.3622,2.36,11.74,122520.4,11.5133,90914.03,11.3875,79360.58,11.31,68812.828,11.2387,65524.1825,11.152,62269.017,10.9653,50274.986,10.885,46177.5535
1456,20130909,600064.SH,11.01,11.66,11.01,11.6,11.06,0.54,4.88,123101.3,141087.134,2.3847,3.39,11.33,75401.295,11.2233,65167.6067,11.1675,55531.16,11.146,51600.372,11.1237,57824.0075,11.04,53331.43,10.8867,43902.6513,10.826,41565.733
1457,20130906,600064.SH,10.93,11.12,10.93,11.06,11.01,0.05,0.45,27701.29,30575.232,0.5366,0.55,11.035,36200.76,11.0233,33007.78,11.0325,33725.14,11.028,36269.982,11.005,47206.1712,10.944,44344.568,10.826,37389.698,10.783,37275.263
1458,20130905,600064.SH,11.08,11.35,11.0,11.01,11.0,0.01,0.09,44700.23,50050.43,0.8659,0.84,11.005,35661.025,11.0233,35733.09,11.02,38412.155,11.074,50290.274,10.9675,47813.9637,10.876,43962.75,10.7933,39044.5013,10.756,37180.6265
1459,20130904,600064.SH,11.09,11.12,10.98,11.0,11.06,-0.06,-0.54,26621.82,29387.475,0.5157,0.48,11.03,31249.52,11.0233,36316.13,11.09,51687.785,11.064,53417.848,10.9212,46380.52,10.828,41797.596,10.7613,38100.006,10.7315,36358.3815
1460,20130903,600064.SH,11.05,11.12,10.93,11.06,11.01,0.05,0.45,35877.22,39601.226,0.695,0.65,11.035,41163.285,11.12,60043.1067,11.08,60116.855,10.994,55725.206,10.8437,46038.1812,10.793,41006.065,10.7433,38632.462,10.7115,37825.701
1461,20130902,600064.SH,11.31,11.39,10.89,11.01,11.29,-0.28,-2.48,46449.35,51251.562,0.8998,0.89,11.15,72126.05,11.0867,68196.7333,10.9775,60687.2025,10.934,55062.488,10.7775,44434.615,10.757,40053.791,10.7193,38220.8533,10.6865,37754.9975
1462,20130830,600064.SH,10.98,11.44,10.84,11.29,10.96,0.33,3.01,97802.75,109673.662,1.8946,2.6,11.125,79070.425,10.9667,65433.1533,10.915,57215.7725,10.86,52419.154,10.7325,40966.76,10.725,37949.556,10.7013,37610.3567,10.6655,37578.8055
1463,20130829,600064.SH,10.68,11.05,10.68,10.96,10.65,0.31,2.91,60338.1,65768.357,1.1688,2.0,10.805,49248.355,10.79,43686.78,10.7525,41073.255,10.678,37635.226,10.6587,32035.7262,10.653,33421.615,10.65,32810.744,10.632,36654.464
1464,20130828,600064.SH,10.68,10.74,10.58,10.65,10.76,-0.11,-1.02,38158.61,40677.735,0.7392,1.45,10.705,35361.12,10.6833,34651.64,10.6075,31959.5075,10.592,30177.344,10.625,27669.3387,10.61,30441.085,10.6207,30671.8927,10.601,35680.0765
1465,20130827,600064.SH,10.67,10.76,10.58,10.76,10.64,0.12,1.13,32563.63,34835.217,0.6308,1.3,10.7,32898.155,10.5933,29893.14,10.5775,28182.0275,10.592,26286.924,10.615,29464.93,10.618,30086.09,10.6173,31859.1993,10.5825,36047.512
1466,20130826,600064.SH,10.41,10.65,10.38,10.64,10.38,0.26,2.5,33232.68,34969.736,0.6438,1.42,10.51,28557.895,10.5167,26721.4933,10.55,24717.7475,10.58,25045.094,10.5862,29211.0762,10.612,29800.036,10.604,31985.834,10.558,37025.8735
1467,20130823,600064.SH,10.56,10.63,10.3,10.38,10.53,-0.15,-1.42,23883.11,24987.378,0.4627,0.82,10.455,23465.9,10.52,21879.4367,10.565,22998.1975,10.59,23479.958,10.5975,29383.0737,10.622,30205.958,10.6007,32632.0227,10.5355,38544.762
1468,20130822,600064.SH,10.6,10.69,10.52,10.53,10.65,-0.12,-1.13,23048.69,24379.079,0.4465,0.75,10.59,20877.6,10.6267,22703.2267,10.6425,23379.17,10.628,29208.004,10.6375,30110.5712,10.636,30398.503,10.6167,36327.5433,10.5165,38949.622
1469,20130821,600064.SH,10.7,10.7,10.56,10.65,10.7,-0.05,-0.47,18706.51,19864.928,0.3624,0.55,10.675,22530.495,10.68,23489.33,10.6525,30747.8325,10.628,30704.826,10.6637,31890.9725,10.635,30919.167,10.604,37514.3207,10.4805,38581.714
1470,20130820,600064.SH,10.64,10.82,10.63,10.7,10.69,0.01,0.09,26354.48,28229.562,0.5105,0.76,10.695,25880.74,10.6533,34761.6067,10.6225,33704.405,10.644,33885.256,10.6475,32778.7287,10.63,34645.337,10.5793,39301.0413,10.441,38583.797
1471,20130819,600064.SH,10.5,10.76,10.45,10.69,10.57,0.12,1.14,25407.0,26984.351,0.4922,0.69,10.63,38965.17,10.5967,36154.38,10.63,35767.95,10.644,34554.978,10.625,33016.335,10.616,35456.204,10.5507,41019.4667,10.4015,38560.1305
1472,20130816,600064.SH,10.46,11.58,10.43,10.57,10.53,0.04,0.38,52523.34,56627.752,1.0175,1.66,10.55,41528.07,10.61,39221.6,10.6325,36841.9725,10.654,36931.958,10.6137,36836.4862,10.606,37208.055,10.5173,43566.3633,10.3525,38176.6465
1473,20130815,600064.SH,10.78,10.78,10.52,10.53,10.73,-0.2,-1.86,30532.8,32376.504,0.5915,0.98,10.63,32570.73,10.6533,31614.85,10.675,33034.1125,10.644,31589.002,10.6125,34578.9625,10.611,39887.313,10.4793,42196.828,10.3085,36941.6855
1474,20130814,600064.SH,10.7,10.88,10.69,10.73,10.7,0.03,0.28,34608.66,37300.683,0.6704,0.98,10.715,32155.875,10.7233,33867.8833,10.6725,31853.0525,10.642,31133.508,10.62,36128.0512,10.592,40919.068,10.4313,41207.3433,10.2805,36263.0675
1475,20130813,600064.SH,10.7,10.79,10.64,10.7,10.74,-0.04,-0.37,29703.09,31784.132,0.5754,0.82,10.72,33497.495,10.6533,30934.5167,10.62,30264.72,10.616,35405.418,10.6062,41716.4587,10.547,42008.934,10.3733,40149.9773,10.248,35901.3235
1476,20130812,600064.SH,10.53,10.75,10.52,10.74,10.52,0.22,2.09,37291.9,39797.091,0.7224,0.99,10.63,31550.23,10.5933,30451.93,10.595,36831.0,10.588,36357.43,10.5612,43109.8662,10.504,44251.711,10.3207,39895.1813,10.223,36063.7245
1477,20130809,600064.SH,10.56,10.6,10.36,10.52,10.52,0.0,0.0,25808.56,27037.402,0.5,0.54,10.52,27031.945,10.5467,36677.3667,10.55,36123.8125,10.558,37484.152,10.5037,44136.7937,10.449,46883.566,10.252,38591.5427,10.201,36237.3705
1478,20130808,600064.SH,10.6,10.66,10.49,10.52,10.6,-0.08,-0.75,28255.33,29868.025,0.5474,0.56,10.56,42111.77,10.56,39562.23,10.5675,40403.05,10.578,48185.624,10.4725,47427.0812,10.397,47500.741,10.1967,38725.9133,10.1815,36940.0025
1479,20130807,600064.SH,10.59,10.84,10.55,10.6,10.56,0.04,0.38,55968.21,59648.525,1.0842,1.15,10.58,45215.68,10.5833,44452.29,10.5925,53168.1975,10.542,50704.628,10.4312,51846.4712,10.326,46244.261,10.16,37972.9207,10.1675,38494.5475
1480,20130806,600064.SH,10.52,10.68,10.46,10.56,10.59,-0.03,-0.28,34463.15,36364.155,0.6676,0.66,10.575,38694.33,10.59,52234.86,10.5275,49388.7325,10.478,48612.45,10.3562,48847.9837,10.252,42522.257,10.1253,36066.6253,10.1285,36988.9765
1481,20130805,600064.SH,10.62,10.62,10.47,10.59,10.62,-0.03,-0.28,42925.51,45254.761,0.8315,0.76,10.605,61120.715,10.5167,54363.9267,10.4575,52149.775,10.42,52145.992,10.2625,46501.4062,10.187,41664.057,10.1013,35965.8227,10.089,36090.073
1482,20130802,600064.SH,10.4,10.72,10.4,10.62,10.34,0.28,2.71,79315.92,83854.468,1.5365,1.69,10.48,60083.135,10.4133,55224.53,10.3775,54451.1125,10.34,56282.98,10.1712,43479.2387,10.099,39145.238,10.082,35821.7767,10.044,34889.5885
1483,20130801,600064.SH,10.3,10.37,10.19,10.34,10.28,0.06,0.58,40850.35,42042.962,0.7913,0.98,10.31,43178.835,10.2967,46162.8433,10.27,50524.745,10.216,46815.858,10.0825,36799.8925,10.006,33996.058,10.0493,33191.462,10.0135,32176.075
1484,20130731,600064.SH,10.43,10.56,10.2,10.28,10.27,0.01,0.1,45507.32,47069.611,0.8816,1.25,10.275,48819.09,10.2467,53749.5433,10.185,48307.235,10.11,41783.894,10.0037,33910.7637,9.969,31607.067,10.0427,34424.5207,9.99,31373.866
1485,20130730,600064.SH,10.16,10.44,10.13,10.27,10.19,0.08,0.79,52130.86,53684.509,1.0099,1.67,10.23,57870.655,10.1533,49240.54,10.0675,40853.0375,10.026,36432.064,9.93,31700.3637,9.949,29793.713,10.012,33114.4853,9.961,30165.476
1486,20130729,600064.SH,9.95,10.31,9.82,10.19,10.0,0.19,1.9,63610.45,64582.613,1.2322,2.89,10.095,47795.38,10.0,37093.7633,9.965,32507.365,9.954,31182.122,9.8925,27304.0612,9.942,27875.738,9.9787,30738.1,9.939,28481.1035
1487,20130726,600064.SH,9.82,10.19,9.71,10.0,9.81,0.19,1.94,31980.31,31937.701,0.6195,1.51,9.905,23835.42,9.89,22139.67,9.895,23075.04,9.858,22007.496,9.8787,22774.4775,9.953,25591.175,9.9453,27758.458,9.9175,26116.374
1488,20130725,600064.SH,9.83,9.92,9.74,9.81,9.86,-0.05,-0.51,15690.53,15434.389,0.304,0.73,9.835,17219.35,9.86,20106.6167,9.8225,19514.2925,9.796,21176.258,9.9037,22895.8275,9.966,26379.264,9.946,27296.1473,9.906,26195.6215
1489,20130724,600064.SH,9.85,9.92,9.72,9.86,9.91,-0.05,-0.5,18748.17,18432.787,0.3632,0.81,9.885,22314.66,9.8267,20788.88,9.7925,22547.69,9.828,21430.24,9.965,26030.1137,10.009,30744.834,9.95,27903.8567,9.89,26483.608
1490,20130723,600064.SH,9.75,9.96,9.7,9.91,9.71,0.2,2.06,25881.15,25552.939,0.5014,1.05,9.81,21809.235,9.77,23814.1967,9.82,22100.7575,9.872,23155.362,9.9987,28669.2425,10.005,31455.696,9.9393,28076.6133,9.8775,26431.5005
1491,20130722,600064.SH,9.66,9.76,9.55,9.71,9.69,0.02,0.21,17737.32,17143.348,0.3436,0.61,9.7,22780.72,9.79,20840.6267,9.8625,22473.915,9.93,24569.354,10.04,32852.3775,9.991,30516.089,9.934,27580.764,9.86,27275.825
1492,20130719,600064.SH,10.02,10.04,9.67,9.69,9.97,-0.28,-2.81,27824.12,27383.605,0.539,0.88,9.83,22392.28,9.9133,24052.78,9.985,26277.3625,10.048,29174.854,10.0537,33867.3112,9.989,30633.939,9.9373,27486.0,9.8595,28308.492
1493,20130718,600064.SH,10.06,10.14,9.95,9.97,10.08,-0.11,-1.09,16960.44,16976.974,0.3286,0.42,10.025,22167.11,10.0833,25761.7767,10.1375,29512.5375,10.136,31582.27,10.0637,32449.9312,10.021,30356.092,9.9427,27868.7427,9.894,28328.7635
1494,20130717,600064.SH,10.15,10.22,10.07,10.08,10.2,-0.12,-1.18,27373.78,27755.605,0.5303,0.69,10.14,30162.445,10.1933,33696.57,10.1775,35237.7275,10.19,40059.428,10.0287,32694.3537,10.011,31140.665,9.9107,28168.064,9.9105,29273.166
1495,20130716,600064.SH,10.05,10.28,10.05,10.2,10.3,-0.1,-0.97,32951.11,33326.718,0.6383,0.9,10.25,36857.965,10.21,37859.0433,10.2175,43230.84,10.138,39756.03,10.02,32403.3375,9.973,30537.239,9.8793,27523.5467,9.9315,29767.364
1496,20130715,600064.SH,10.15,10.43,10.04,10.3,10.13,0.17,1.68,40764.82,41802.011,0.7897,1.27,10.215,40313.01,10.2233,46657.4167,10.1225,41457.26,10.052,36462.824,9.9787,31385.22,9.936,29086.469,9.8367,28177.982,9.9555,29247.243
1497,20130712,600064.SH,10.21,10.23,10.09,10.13,10.24,-0.11,-1.07,39861.2,40377.617,0.7722,1.37,10.185,49603.715,10.0633,41688.0733,9.99,35387.325,9.93,32093.024,9.9037,28957.0575,9.882,26641.573,9.7967,28019.7047,9.969,28498.0065
1498,20130711,600064.SH,9.82,10.44,9.8,10.24,9.82,0.42,4.28,59346.23,60432.917,1.1496,2.67,10.03,42601.51,9.9433,33896.0333,9.88,30150.98,9.906,29129.914,9.8662,26279.8337,9.846,26011.979,9.8133,27244.2613,10.0,28015.8325
1499,20130710,600064.SH,9.7,9.84,9.51,9.82,9.52,0.3,3.15,25856.79,25114.595,0.5009,1.21,9.795,21170.935,9.76,20419.23,9.8225,21575.835,9.832,22221.902,9.8062,20901.0375,9.771,22222.382,9.8173,25677.7453,10.0225,27124.5325
1500,20130709,600064.SH,9.65,9.81,9.62,9.77,9.69,0.08,0.83,16485.08,16064.714,0.3193,0.76,9.73,17700.45,9.8233,20148.85,9.835,21313.18,9.808,21318.448,9.8,21864.5962,9.75,21407.305,9.8627,26437.8087,10.0925,28068.4445
1501,20130708,600064.SH,9.93,9.94,9.61,9.69,10.01,-0.32,-3.2,18915.82,18518.877,0.3664,0.89,9.85,21980.735,9.8567,22922.5467,9.8175,22526.79,9.82,21710.114,9.765,22485.2437,9.729,24035.561,9.9233,26842.0493,10.176,28870.2315
1502,20130705,600064.SH,9.92,10.1,9.9,10.01,9.87,0.14,1.42,25045.65,25129.269,0.4852,1.09,9.94,24925.91,9.86,23730.4467,9.8525,22408.6875,9.834,21190.122,9.755,22334.0187,9.73,25983.045,9.982,27299.6673,10.272,29903.4565
1503,20130704,600064.SH,9.68,9.96,9.68,9.87,9.7,0.17,1.75,24806.17,24438.455,0.4805,1.12,9.785,23072.845,9.8,21529.7,9.79,20226.24,9.786,22894.044,9.6987,24549.2675,9.767,26301.435,10.0313,27644.472,10.3505,32102.396
1504,20130703,600064.SH,9.8,9.8,9.61,9.7,9.83,-0.13,-1.32,21339.52,20649.666,0.4134,0.99,9.765,19891.465,9.7633,18699.5967,9.765,22416.0125,9.71,22222.862,9.6775,26247.3287,9.81,27405.667,10.086,28758.7427,10.426,32819.038
1505,20130702,600064.SH,9.72,9.87,9.64,9.83,9.76,0.07,0.72,18443.41,17981.691,0.3573,0.7,9.795,17379.635,9.7867,22774.8433,9.7125,22443.6975,9.692,21496.162,9.7625,27108.5825,9.89,28997.489,10.1873,30318.4433,10.5125,33567.705
1506,20130701,600064.SH,9.64,9.77,9.57,9.76,9.77,-0.01,-0.1,16315.86,15802.944,0.3161,0.53,9.765,24940.56,9.6733,23777.1267,9.6575,22259.35,9.638,26361.008,9.8212,29284.2175,9.975,29408.017,10.2947,31256.9373,10.5965,35414.673
1507,20130628,600064.SH,9.45,9.9,9.41,9.77,9.49,0.28,2.95,33565.26,32766.834,0.6502,1.13,9.63,27507.76,9.6233,24240.5133,9.6075,28872.295,9.626,30775.968,9.9137,31901.9525,10.056,30354.44,10.418,32807.9013,10.6945,37601.6235
1508,20130627,600064.SH,9.68,9.78,9.42,9.49,9.61,-0.12,-1.25,21450.26,20719.229,0.4155,0.66,9.55,19578.14,9.5533,27307.9733,9.59,30078.645,9.748,29708.826,10.0275,30524.8812,10.154,30019.686,10.5387,35171.8467,10.796,38906.805
1509,20130626,600064.SH,9.6,9.7,9.44,9.61,9.56,0.05,0.52,17706.02,16922.133,0.343,0.49,9.585,30236.83,9.6233,32954.7733,9.8125,31773.4675,9.91,32588.472,10.1625,31066.11,10.274,32026.683,10.6647,36351.0967,10.899,40014.601
1510,20130625,600064.SH,9.69,9.78,8.88,9.56,9.7,-0.14,-1.44,42767.64,40453.587,0.8285,1.32,9.63,40579.15,9.88,36462.6167,9.985,36309.085,10.088,36498.816,10.305,32630.0725,10.435,34729.584,10.786,37591.5527,10.9935,42341.2065
1511,20130624,600064.SH,10.3,10.4,9.66,9.7,10.38,-0.68,-6.55,38390.66,38305.901,0.7437,1.28,10.04,33310.105,10.1267,34156.2333,10.22,34931.61,10.312,32455.026,10.4462,32474.1462,10.623,33704.902,10.916,38432.5613,11.093,43702.09
1512,20130621,600064.SH,10.12,10.49,10.05,10.38,10.3,0.08,0.78,28229.55,29051.888,0.5469,0.93,10.34,32039.02,10.3933,33778.5933,10.465,30971.1175,10.486,29932.912,10.6362,33267.1925,10.814,33823.868,11.0507,39876.842,11.196,45676.217
1513,20130620,600064.SH,10.55,10.68,10.2,10.3,10.5,-0.2,-1.9,35848.49,37639.171,0.6944,1.14,10.4,36553.115,10.4933,31884.9733,10.5125,30358.7525,10.56,30330.546,10.7687,33803.6012,10.934,37903.357,11.1453,41972.798,11.267,49118.1395
1514,20130619,600064.SH,10.67,10.67,10.35,10.5,10.68,-0.18,-1.69,37257.74,39009.694,0.7217,1.13,10.59,29903.215,10.5833,28528.84,10.625,28951.06,10.638,31464.894,10.9325,34270.08,11.042,38232.409,11.2287,42489.9773,11.3185,50676.3125
1515,20130618,600064.SH,10.6,10.75,10.56,10.68,10.57,0.11,1.04,22548.69,24047.841,0.4368,0.65,10.625,24164.39,10.6667,26182.1667,10.6725,30016.6825,10.782,32960.352,11.0675,38240.9175,11.135,38137.921,11.2953,44288.67,11.36,52041.6655
1516,20130617,600064.SH,10.77,10.78,10.56,10.57,10.75,-0.18,-1.67,25780.09,27442.974,0.4994,0.68,10.66,27998.905,10.67,32506.0133,10.8075,35563.2675,10.934,34954.778,11.155,40314.7075,11.218,41421.329,11.3533,47451.1113,11.384,53552.918
1517,20130614,600064.SH,10.72,10.79,10.58,10.75,10.69,0.06,0.56,30217.72,32384.196,0.5854,0.66,10.72,35868.975,10.8867,38824.3267,11.025,37248.45,11.142,37714.824,11.2625,41631.3037,11.333,44848.807,11.4327,50923.9853,11.405,55058.2435
1518,20130613,600064.SH,11.1,11.1,10.58,10.69,11.22,-0.53,-4.72,41520.23,44545.862,0.8043,0.92,10.955,43127.63,11.1167,39592.0267,11.24,39589.1,11.308,45476.168,11.3575,44776.935,11.438,47793.924,11.5027,55380.6707,11.4015,54597.75
1519,20130607,600064.SH,11.48,11.55,11.14,11.22,11.44,-0.22,-1.92,44735.03,50701.497,0.8666,1.03,11.33,38627.925,11.4233,38945.39,11.4625,46465.1525,11.446,44999.924,11.4862,47093.765,11.524,48002.519,11.5453,57080.1187,11.4085,53920.5065
1520,20130606,600064.SH,11.55,11.58,11.38,11.44,11.61,-0.17,-1.46,32520.82,37353.402,0.63,0.68,11.525,36050.57,11.5433,47041.86,11.5025,45066.1475,11.488,43315.49,11.5587,48960.4975,11.552,49952.829,11.5527,58402.1033,11.3935,54733.629
1521,20130605,600064.SH,11.55,11.64,11.39,11.61,11.58,0.03,0.26,39580.32,45582.944,0.7667,0.76,11.595,54302.38,11.5233,49247.9233,11.5,46014.1575,11.502,47887.88,11.5725,50346.1675,11.563,53699.278,11.534,59752.298,11.3515,54906.2395
1522,20130604,600064.SH,11.35,11.6,11.31,11.58,11.38,0.2,1.76,69024.44,79178.239,1.3371,1.38,11.48,54081.725,11.4633,48158.77,11.475,49964.77,11.524,51982.79,11.5587,53428.3937,11.578,57528.566,11.4927,60839.3833,11.306,55037.9545
1523,20130603,600064.SH,11.43,11.58,11.35,11.38,11.43,-0.05,-0.44,39139.01,44858.518,0.7582,0.77,11.405,37725.935,11.44,43611.5467,11.51,47722.3775,11.568,50111.68,11.555,53548.5025,11.6,60332.922,11.4327,57638.2773,11.264,52710.436
1524,20130531,600064.SH,11.51,11.57,11.41,11.43,11.51,-0.08,-0.7,36312.86,41728.147,0.7034,0.64,11.47,45847.815,11.5533,50583.5,11.615,52854.8475,11.602,51005.114,11.6025,58390.2762,11.595,63120.216,11.396,56894.034,11.2305,52561.5325
1525,20130530,600064.SH,11.65,11.73,11.45,11.51,11.72,-0.21,-1.79,55382.77,64057.807,1.0729,0.93,11.615,57718.82,11.6767,58368.8433,11.645,54678.1775,11.616,56590.168,11.6487,65984.6687,11.585,65945.41,11.362,58539.6753,11.1905,52699.222
1526,20130529,600064.SH,11.83,11.93,11.65,11.72,11.8,-0.08,-0.68,60054.87,70504.957,1.1634,0.95,11.76,59861.88,11.69,54443.3133,11.6425,56892.0175,11.624,59510.676,11.6262,67438.3162,11.55,65684.507,11.3013,57245.6927,11.137,51352.299
1527,20130528,600064.SH,11.55,11.82,11.41,11.8,11.55,0.25,2.16,59668.89,69339.825,1.1559,0.85,11.675,51637.535,11.6167,55837.7333,11.6,59374.6275,11.632,63074.342,11.5775,68002.0575,11.477,65267.68,11.2333,56056.3427,11.072,49326.5935
1528,20130527,600064.SH,11.45,11.59,11.4,11.55,11.5,0.05,0.43,43606.18,50165.672,0.8447,0.58,11.525,53922.155,11.5333,59276.54,11.59,63925.705,11.632,70554.164,11.4975,67140.1637,11.365,61401.576,11.1627,53576.688,11.0115,47695.2625
1529,20130524,600064.SH,11.61,11.69,11.28,11.5,11.55,-0.05,-0.43,64238.13,73636.088,1.2444,0.85,11.525,67111.72,11.6033,70698.88,11.6525,77291.16,11.588,75235.318,11.4275,68675.2162,11.293,59838.494,11.1067,53080.3387,10.9755,47036.2315
1530,20130523,600064.SH,11.84,11.99,11.55,11.55,11.76,-0.21,-1.79,69985.31,82476.858,1.3557,0.97,11.655,73929.255,11.7033,81642.17,11.61,77984.615,11.554,75300.652,11.325,63271.4312,11.235,59514.429,11.0487,51402.24,10.934,45625.836
1531,20130522,600064.SH,11.68,11.93,11.55,11.76,11.8,-0.04,-0.34,77873.2,91174.003,1.5085,1.15,11.78,87470.6,11.63,80651.05,11.555,76629.4875,11.476,71858.338,11.235,58020.1875,11.14,56113.201,10.9747,48632.84,10.912,43655.256
1532,20130521,600064.SH,11.32,11.94,11.3,11.8,11.33,0.47,4.15,97068.0,113061.042,1.8804,1.86,11.565,82039.975,11.4867,76214.9167,11.405,70354.6225,11.322,67461.018,11.13,55910.7225,11.034,52547.343,10.8853,44744.0107,10.8815,42557.007
1533,20130520,600064.SH,11.34,11.52,11.29,11.33,11.33,0.0,0.0,67011.95,76441.351,1.2981,1.51,11.33,65788.375,11.2733,61450.1633,11.2025,60059.2725,11.098,52248.988,10.98,48273.8512,10.928,45087.95,10.8047,40075.6287,10.8315,39070.1425
1534,20130517,600064.SH,11.2,11.39,11.18,11.33,11.16,0.17,1.52,64564.8,72949.906,1.2507,1.48,11.245,58669.27,11.16,57741.7133,11.04,48558.2475,10.998,44441.67,10.9012,45174.185,10.866,42002.849,10.7713,37636.536,10.8075,37240.9655
1535,20130516,600064.SH,10.94,11.24,10.9,11.16,10.99,0.17,1.55,52773.74,58568.376,1.0223,1.31,11.075,54330.17,10.9433,43222.73,10.915,39410.8875,10.916,43728.206,10.8275,39912.8437,10.796,39453.034,10.7273,35734.2307,10.78,35511.4015
1536,20130515,600064.SH,10.7,11.06,10.7,10.99,10.68,0.31,2.9,55886.6,60930.594,1.0826,1.49,10.835,38447.225,10.8333,34956.6033,10.855,41466.8225,10.804,40368.064,10.7712,37836.2437,10.724,37020.091,10.724,34254.2287,10.752,33673.6195
1537,20130514,600064.SH,10.83,10.83,10.64,10.68,10.83,-0.15,-1.39,21007.85,22515.357,0.407,0.55,10.755,24491.605,10.81,36660.23,10.7575,36488.43,10.746,37633.668,10.7262,35733.75,10.667,33385.507,10.7347,34255.67,10.7405,32256.7735
1538,20130513,600064.SH,10.84,10.97,10.73,10.83,10.92,-0.09,-0.82,27975.36,30221.624,0.5419,0.71,10.875,44486.42,10.7833,41648.6233,10.7625,41790.1225,10.758,37926.912,10.6962,36663.3075,10.658,33988.949,10.7427,34677.194,10.743,32640.63
1539,20130510,600064.SH,10.63,10.94,10.63,10.92,10.6,0.32,3.02,60997.48,66164.784,1.1816,1.73,10.76,48485.255,10.74,46395.0433,10.74,40414.8,10.734,39564.028,10.645,35608.9825,10.658,34233.969,10.744,34840.7307,10.7455,32947.5295
1540,20130509,600064.SH,10.7,10.7,10.49,10.6,10.7,-0.1,-0.93,35973.03,38110.631,0.6969,1.07,10.65,39093.825,10.68,33553.9067,10.6875,34205.665,10.676,35177.862,10.6037,31364.5812,10.633,31737.243,10.7347,32772.4667,10.748,32211.239
1541,20130508,600064.SH,10.76,10.87,10.67,10.7,10.74,-0.04,-0.37,42214.62,45431.036,0.8178,1.45,10.72,32344.345,10.7167,33616.5433,10.695,34979.07,10.644,33672.118,10.6325,30671.1475,10.684,31197.311,10.7347,31442.138,10.7665,31803.8295
1542,20130507,600064.SH,10.68,10.74,10.65,10.74,10.71,0.03,0.28,22474.07,24044.478,0.4354,0.75,10.725,29317.505,10.6933,32567.22,10.63,31536.4925,10.588,29137.346,10.6287,29898.0975,10.729,32566.671,10.7387,30464.4753,10.7795,31005.5975
1543,20130506,600064.SH,10.68,10.77,10.63,10.71,10.63,0.08,0.75,36160.94,38699.0,0.7005,1.25,10.67,37613.795,10.5933,34557.3,10.55,30803.165,10.558,30050.986,10.675,30910.5525,10.735,33052.335,10.738,30878.536,10.7925,32132.446
1544,20130503,600064.SH,10.48,10.79,10.43,10.63,10.44,0.19,1.82,39066.65,41618.762,0.7568,1.38,10.535,33755.48,10.4967,29017.24,10.52,28523.4975,10.582,28903.91,10.73,33378.9625,10.749,32479.082,10.7493,30742.03,10.8195,32078.0185
1545,20130502,600064.SH,10.41,10.59,10.3,10.44,10.42,0.02,0.19,28444.31,29663.791,0.551,0.99,10.43,23992.535,10.4833,25009.1133,10.57,26363.225,10.59,28296.624,10.7512,31911.97,10.764,31569.769,10.772,31222.3647,10.8485,31955.0975
1546,20130426,600064.SH,10.59,10.67,10.4,10.42,10.59,-0.17,-1.61,19540.76,20616.769,0.3785,0.54,10.505,23291.515,10.6133,25669.53,10.6275,28259.7025,10.724,28722.504,10.8025,32159.9825,10.78,30327.148,10.8073,31181.0667,10.879,35250.2695
1547,20130425,600064.SH,10.8,10.8,10.58,10.59,10.83,-0.24,-2.22,27042.27,28827.022,0.5239,0.75,10.71,28733.915,10.6967,31166.0167,10.8,31017.94,10.87,35995.996,10.8475,33464.0775,10.814,31128.04,10.8433,31628.348,10.9525,39467.046
1548,20130424,600064.SH,10.66,10.95,10.64,10.83,10.67,0.16,1.5,30425.56,32855.335,0.5894,0.84,10.75,33227.89,10.87,32343.1633,10.94,38234.4275,10.912,36053.684,10.8487,32086.0562,10.828,31292.311,10.8707,32826.266,11.0145,44144.932
1549,20130423,600064.SH,11.11,11.13,10.65,10.67,11.11,-0.44,-3.96,36030.22,38860.842,0.698,1.03,10.89,33301.965,10.9767,40837.3833,10.9325,37460.715,10.916,36054.254,10.84,31726.5712,10.833,31661.09,10.8987,33136.0547,11.049,45366.382
1550,20130422,600064.SH,11.08,11.16,11.02,11.11,11.15,-0.04,-0.36,30573.71,33890.074,0.5923,0.96,11.13,43240.965,11.02,37937.5467,10.9775,36060.2625,10.938,34842.914,10.8475,30808.4162,10.863,32685.235,10.9347,33174.5887,11.09,47172.977
1551,20130419,600064.SH,10.81,11.21,10.81,11.15,10.8,0.35,3.24,55908.22,61854.232,1.083,2.13,10.975,41619.465,10.9333,37889.1133,10.895,35910.215,10.836,31931.792,10.8187,31250.8712,10.849,32410.348,10.9307,37426.1913,11.0975,49136.3825
1552,20130418,600064.SH,10.75,10.85,10.7,10.8,10.85,-0.05,-0.46,27330.71,29486.25,0.5294,1.03,10.825,28879.56,10.81,29244.2133,10.7575,25937.685,10.758,26260.084,10.7962,30046.3025,10.83,29444.524,10.98,40624.0627,11.109,49823.079
1553,20130417,600064.SH,10.78,10.93,10.75,10.85,10.78,0.07,0.65,30428.41,32987.441,0.5894,1.12,10.815,30200.965,10.7433,25473.3433,10.7475,25992.4275,10.744,26530.938,10.8175,30108.0687,10.85,31212.557,11.0487,46842.0147,11.1165,49904.782
1554,20130416,600064.SH,10.54,10.84,10.45,10.78,10.6,0.18,1.7,29973.52,31949.225,0.5806,0.98,10.69,22995.81,10.7133,24513.7667,10.7175,25556.57,10.75,27267.926,10.8312,29585.765,10.89,31676.955,11.0933,48470.4247,11.109,49711.9885
1555,20130415,600064.SH,10.73,10.73,10.56,10.6,10.76,-0.16,-1.49,16018.1,17043.095,0.3103,0.49,10.68,21783.89,10.6967,24084.2533,10.7425,26591.5275,10.788,30527.556,10.8587,31465.455,10.933,32340.426,11.1407,51282.998,11.1075,50370.3525
1556,20130412,600064.SH,10.74,10.8,10.61,10.76,10.73,0.03,0.28,27549.68,29537.957,0.5337,0.84,10.745,28117.33,10.79,30116.0033,10.835,34154.92,10.862,32888.904,10.94,33847.2412,10.978,40173.391,11.1847,54871.246,11.119,50970.61
1557,20130411,600064.SH,10.95,10.98,10.72,10.73,10.88,-0.15,-1.38,28684.98,31097.695,0.5557,0.8,10.805,31399.165,10.86,36356.6667,10.8875,34223.71,10.902,32628.964,10.9962,34979.56,11.091,47806.052,11.226,57677.4107,11.118,51130.448
1558,20130410,600064.SH,10.99,11.02,10.75,10.88,10.97,-0.09,-0.82,34113.35,37157.216,0.6608,0.95,10.925,40192.51,10.94,36069.9533,10.945,33614.96,10.956,35894.176,11.0362,43187.4062,11.201,56997.553,11.2407,57696.0633,11.1165,52010.5055
1559,20130409,600064.SH,10.86,11.03,10.85,10.97,10.97,0.0,0.0,46271.67,50549.817,0.8964,1.35,10.97,37048.255,10.9667,33448.83,10.975,36339.3825,11.03,36085.984,11.1625,51907.7737,11.265,59071.674,11.2287,57193.3427,11.1245,52050.372
1560,20130408,600064.SH,10.75,10.98,10.61,10.97,10.96,0.01,0.09,27824.84,30139.995,0.539,0.59,10.965,27037.41,10.9767,33028.62,11.045,33539.5625,11.078,34153.296,11.27,61198.8137,11.317,61660.719,11.214,56984.618,11.126,51294.737
1561,20130403,600064.SH,11.09,11.1,10.85,10.96,11.0,-0.04,-0.36,26249.98,28737.688,0.5085,0.42,10.98,35630.51,11.07,35444.47,11.105,35735.41,11.094,47457.878,11.3387,64577.5287,11.346,65862.417,11.2047,56997.8453,11.13,52381.8445
1562,20130402,600064.SH,11.25,11.39,10.99,11.0,11.25,-0.25,-2.22,45011.04,50192.148,0.8719,0.58,11.125,40041.715,11.1533,38897.22,11.1275,52759.8525,11.28,62983.14,11.405,70316.5462,11.388,70201.634,11.19,57297.6093,11.1425,53453.9595
1563,20130401,600064.SH,11.27,11.43,11.21,11.25,11.21,0.04,0.36,35072.39,39780.711,0.6794,0.43,11.23,35840.31,11.17,55342.79,11.35,67476.165,11.446,78100.93,11.4375,73420.3937,11.383,68597.007,11.17,57382.6153,11.149,54032.403
1564,20130329,600064.SH,11.05,11.3,10.96,11.21,11.05,0.16,1.45,36608.23,40848.319,0.7092,0.41,11.13,65477.99,11.3833,78277.4233,11.495,88858.065,11.5,82057.364,11.4537,77741.6137,11.328,67747.022,11.156,57371.8347,11.1275,59323.4325
1565,20130328,600064.SH,11.7,11.7,11.0,11.05,11.89,-0.84,-7.06,94347.75,106222.069,1.8277,1.12,11.47,99112.02,11.59,106274.6767,11.5725,93419.6475,11.556,89168.142,11.4212,76786.1812,11.282,68400.279,11.142,57008.5507,11.1645,60896.7215
1566,20130327,600064.SH,11.79,12.15,11.71,11.89,11.83,0.06,0.51,103876.29,123962.274,2.0123,1.34,11.86,112238.14,11.7467,93110.28,11.6825,87873.24,11.598,84266.956,11.3775,68314.28,11.26,61767.829,11.142,54023.1667,11.2175,59557.7415
1567,20130326,600064.SH,11.41,11.95,11.26,11.83,11.52,0.31,2.69,120599.99,140671.557,2.3362,2.04,11.675,87727.275,11.6133,82538.89,11.525,79364.6225,11.496,77420.128,11.235,60722.3437,11.145,54454.844,11.0967,50277.566,11.209,56279.218
1568,20130325,600064.SH,11.53,11.56,11.29,11.52,11.49,0.03,0.26,54854.56,62674.341,1.0626,1.03,11.505,63508.34,11.4233,65619.5,11.4125,66625.1625,11.32,59093.084,11.11,49150.2512,11.032,47023.458,11.05,46009.5607,11.1945,53329.9615
1569,20130322,600064.SH,11.23,11.59,11.09,11.49,11.26,0.23,2.04,72162.12,82275.891,1.3979,1.51,11.375,71001.97,11.3767,70548.6967,11.27,60152.715,11.156,53436.68,11.0125,46136.7362,10.984,45029.07,11.0033,51745.4553,11.2045,52517.2485
1570,20130321,600064.SH,11.33,11.43,11.09,11.26,11.38,-0.12,-1.05,69841.82,78774.166,1.3529,1.78,11.32,69741.985,11.1967,56149.58,11.0725,48755.32,11.008,47632.416,10.9137,42902.2375,10.935,40928.755,11.034,51472.9147,11.2115,51052.657
1571,20130320,600064.SH,10.9,11.42,10.88,11.38,10.95,0.43,3.93,69642.15,78194.412,1.3491,2.21,11.165,49303.46,11.01,41726.4867,10.945,42080.065,10.922,39268.702,10.8862,38535.845,10.914,38901.272,11.0907,51321.3367,11.2355,51597.0025
1572,20130319,600064.SH,10.72,10.95,10.68,10.95,10.7,0.25,2.34,28964.77,31380.665,0.5611,0.83,10.825,27768.655,10.8,32892.7033,10.8075,31675.34,10.794,31489.56,10.8387,33725.4475,10.897,36706.285,11.1133,49232.248,11.282,51046.0885
1573,20130318,600064.SH,10.74,10.95,10.66,10.7,10.75,-0.05,-0.47,26572.54,28615.18,0.5148,0.73,10.725,34856.67,10.76,32578.8633,10.755,32120.7575,10.744,34953.832,10.8512,36300.725,10.915,39467.799,11.1527,51408.9207,11.347,52833.535
1574,20130315,600064.SH,10.87,11.15,10.63,10.75,10.83,-0.08,-0.74,43140.8,46956.583,0.8357,1.26,10.79,35582.025,10.7733,33970.1633,10.755,37049.155,10.812,36621.46,10.915,38940.6925,10.927,50899.843,11.2207,52210.7713,11.4375,54357.7405
1575,20130314,600064.SH,10.74,10.95,10.68,10.83,10.74,0.09,0.84,28023.25,30438.939,0.5429,0.73,10.785,29384.845,10.7567,35018.6067,10.8275,34991.625,10.862,34225.094,10.9625,40620.5812,11.047,53393.164,11.2793,52192.7373,11.532,55790.9805
1576,20130313,600064.SH,10.73,10.9,10.64,10.74,10.7,0.04,0.37,30746.44,33007.4,0.5956,0.73,10.72,38516.285,10.8267,37314.4167,10.87,35775.555,10.906,38533.842,10.9612,54729.2975,11.175,57347.654,11.34,55706.436,11.621,60177.2895
1577,20130312,600064.SH,11.01,11.16,10.62,10.7,11.04,-0.34,-3.08,46286.13,50313.96,0.8966,1.05,10.87,40598.405,10.9133,37451.9267,10.9475,40480.6925,11.0,41923.01,11.1125,59395.2437,11.273,58103.592,11.4447,57564.9313,11.7315,63949.744
1578,20130311,600064.SH,11.02,11.17,10.98,11.04,11.0,0.04,0.36,34910.68,38651.437,0.6763,0.54,11.02,33034.825,11.03,38545.5467,11.075,40832.23,11.086,43981.766,11.2887,62055.4962,11.357,59636.465,11.548,58793.436,11.842,66723.293
1579,20130308,600064.SH,11.04,11.17,10.94,11.0,11.05,-0.05,-0.45,31158.97,34402.662,0.6036,0.43,11.025,40362.98,11.0867,42806.08,11.0975,46249.5375,11.042,65178.226,11.3737,62479.8887,11.425,60005.427,11.646,60269.834,11.9315,74310.4265
1580,20130307,600064.SH,11.15,11.27,10.93,11.05,11.21,-0.16,-1.43,49566.99,55111.616,0.9602,0.65,11.13,48629.635,11.13,51279.7267,11.0525,73683.04,11.232,72561.234,11.4412,66286.875,11.488,61176.559,11.7553,62979.6093,12.0195,81526.897
1581,20130306,600064.SH,11.11,11.25,11.1,11.21,11.13,0.08,0.72,47692.28,53304.51,0.9239,0.64,11.17,52136.095,11.0533,81721.7233,11.2775,78309.795,11.444,76161.466,11.525,64916.0387,11.557,64292.733,11.8593,67391.772,12.081,88452.781
1582,20130305,600064.SH,10.84,11.18,10.77,11.13,10.82,0.31,2.87,56579.91,62128.571,1.096,0.75,10.975,98736.445,11.3,88515.6333,11.5025,83278.7625,11.546,74284.174,11.5775,64313.29,11.667,65385.892,11.9753,71291.9887,12.1585,103211.0515
1583,20130304,600064.SH,11.6,11.6,10.76,10.82,11.95,-1.13,-9.46,140892.98,156549.429,2.7293,2.57,11.385,104483.495,11.6267,92178.38,11.65,78710.24,11.628,75291.164,11.6537,67331.8925,11.779,66199.271,12.094,74303.802,12.196,107390.2675
1584,20130301,600064.SH,12.04,12.18,11.8,11.95,12.11,-0.16,-1.32,68074.01,81419.166,1.3187,1.37,12.03,67821.08,11.9267,57982.66,11.83,58890.71,11.808,54832.628,11.84,57048.2537,11.948,57815.638,12.228,77354.4933,12.2495,108129.8715
1585,20130228,600064.SH,11.82,12.12,11.7,12.11,11.72,0.39,3.33,67568.15,80720.204,1.3089,1.29,11.915,52936.985,11.79,55829.61,11.7725,51522.2825,11.744,49791.884,11.8775,56628.215,12.017,58188.797,12.282,84515.4513,12.2205,107366.2755
1586,20130227,600064.SH,11.62,11.84,11.58,11.72,11.54,0.18,1.56,38305.82,44764.486,0.742,0.68,11.63,49960.34,11.66,46173.66,11.6525,45347.8175,11.67,52424.0,11.9275,55314.2775,12.067,63006.925,12.2933,92549.886,12.1865,110963.356
1587,20130226,600064.SH,11.68,11.89,11.53,11.54,11.72,-0.18,-1.54,61614.86,72251.72,1.1936,1.08,11.63,50107.58,11.63,47695.15,11.6575,55953.545,11.788,56487.61,12.0425,59501.75,12.19,69795.896,12.3627,112853.344,12.1845,112891.273
1588,20130225,600064.SH,11.69,11.86,11.63,11.72,11.63,0.09,0.77,38600.3,45247.953,0.7478,0.63,11.675,40735.295,11.6967,54066.44,11.85,55205.7975,11.93,57107.378,12.1762,66268.5712,12.327,73810.121,12.3853,118089.9687,12.195,119811.2665
1589,20130222,600064.SH,11.74,11.85,11.55,11.63,11.74,-0.11,-0.94,42870.29,50250.689,0.8305,0.64,11.685,61799.51,11.8933,60740.9633,11.9825,61734.1475,12.088,60798.648,12.33,74717.975,12.438,88615.426,12.3967,125895.6193,12.214,120512.2495
1590,20130221,600064.SH,12.17,12.17,11.6,11.74,12.31,-0.57,-4.63,80728.73,95547.293,1.5638,1.1,12.025,69676.3,12.1,68022.1,12.2025,65280.7375,12.29,66585.71,12.49,82078.8275,12.551,101877.235,12.3793,126557.7393,12.241,122097.34
1591,20130220,600064.SH,12.47,12.47,12.07,12.31,12.25,0.06,0.49,58623.87,71636.828,1.1356,0.71,12.28,61668.785,12.3567,60131.4067,12.4275,63049.955,12.464,73589.85,12.6262,95319.405,12.605,112612.829,12.3587,130476.4747,12.253,120793.0855
1592,20130219,600064.SH,12.55,12.66,12.16,12.25,12.51,-0.26,-2.08,64713.7,80246.584,1.2536,0.71,12.38,60885.175,12.4667,64525.3167,12.5025,77331.345,12.592,83104.182,12.6825,109927.4687,12.65,141036.211,12.3167,131692.494,12.2485,122526.7865
1593,20130218,600064.SH,12.65,12.75,12.49,12.51,12.64,-0.13,-1.03,57056.65,71824.878,1.1053,0.49,12.575,64431.125,12.5867,81537.2267,12.6775,87701.8025,12.724,90512.864,12.6862,125348.84,12.613,148581.264,12.2833,140712.5627,12.257,122549.28
1594,20130208,600064.SH,12.58,12.85,12.51,12.64,12.61,0.03,0.24,71805.6,91038.522,1.391,0.52,12.625,93777.515,12.7333,97916.8533,12.7775,98876.9175,12.788,116432.204,12.7175,161073.97,12.551,158444.105,12.256,140416.7833,12.252,125425.1135
1595,20130207,600064.SH,12.99,13.01,12.42,12.61,12.95,-0.34,-2.63,115749.43,146945.727,2.2423,0.76,12.78,110972.48,12.8233,107900.69,12.825,127588.855,12.812,137168.76,12.6225,169618.7987,12.424,156543.754,12.2247,140601.2167,12.2145,125891.68
1596,20130206,600064.SH,12.95,13.35,12.83,12.95,12.91,0.04,0.31,106195.53,139113.226,2.0572,0.53,12.93,103976.32,12.8967,131535.33,12.8625,142523.5925,12.746,151635.808,12.5325,174610.7525,12.306,158919.787,12.1827,136527.4973,12.1945,123773.0385
1597,20130205,600064.SH,12.67,13.12,12.61,12.91,12.83,0.08,0.62,101757.11,131032.668,1.9712,0.49,12.87,144205.23,12.8333,154632.9467,12.695,162995.8775,12.708,198968.24,12.335,167936.5725,12.179,155986.65,12.134,135667.6547,12.157,124336.304
1598,20130204,600064.SH,12.9,13.4,12.81,12.83,12.76,0.07,0.55,186653.35,244433.2,3.6158,0.93,12.795,181070.865,12.6233,183408.8,12.6575,223271.0225,12.502,206649.664,12.15,172655.6537,12.063,165812.412,12.1013,133228.0853,12.106,124143.698
1599,20130201,600064.SH,12.28,12.96,12.16,12.76,12.28,0.48,3.91,175488.38,219700.905,3.3995,1.0,12.52,181786.525,12.6,235476.9133,12.42,211648.7425,12.314,200456.006,12.0062,158932.005,11.99,152409.073,12.0733,128422.75,12.0625,118801.408
1600,20130131,600064.SH,12.64,12.64,12.12,12.28,12.76,-0.48,-3.76,188084.67,231856.928,3.6435,1.13,12.52,265471.18,12.3067,223702.1967,12.2025,206697.9125,12.036,175918.748,11.88,161997.7987,11.931,142317.445,12.0153,122132.6533,12.022,116286.5945
1601,20130130,600064.SH,12.12,13.07,12.12,12.76,11.88,0.88,7.41,342857.69,436321.857,6.6417,3.03,12.32,241510.96,12.1767,212902.3267,11.975,172877.2675,11.866,166203.766,11.8575,145064.71,11.901,128973.342,12.0107,114485.4487,12.0165,116614.795
1602,20130129,600064.SH,11.86,11.95,11.75,11.88,11.89,-0.01,-0.08,140164.23,165926.915,2.7152,1.12,11.885,147924.645,11.7133,116217.1267,11.6425,122040.285,11.65,113005.06,11.7837,111529.0112,11.847,104017.362,11.9733,99458.992,11.954,107020.659
1603,20130128,600064.SH,11.41,11.93,11.4,11.89,11.37,0.52,4.57,155685.06,182703.757,3.0159,1.49,11.63,104243.575,11.5633,115998.97,11.5925,106215.2675,11.624,124975.16,11.7962,100838.9375,11.901,96517.296,11.974,96641.7093,11.919,112780.292
1604,20130125,600064.SH,11.41,11.48,11.31,11.37,11.43,-0.06,-0.52,52802.09,60188.598,1.0229,0.49,11.4,96155.925,11.4933,89725.3367,11.5575,117297.685,11.666,104362.14,11.8375,93040.5412,11.953,92406.122,11.9787,91583.2087,11.8605,110401.192
1605,20130124,600064.SH,11.68,11.9,11.35,11.43,11.68,-0.25,-2.14,139509.76,163008.581,2.7025,1.52,11.555,108186.96,11.62,138796.2167,11.74,117252.1525,11.826,108716.142,11.9687,94585.7262,12.005,95239.606,12.0173,96409.21,11.825,115382.735
1606,20130123,600064.SH,11.65,11.72,11.4,11.68,11.75,-0.07,-0.6,76864.16,89105.476,1.489,0.81,11.715,138439.445,11.8433,109832.95,11.925,101017.7375,11.936,91742.918,12.0912,91468.6712,12.083,88626.29,12.0667,100085.138,11.771,111741.183
1607,20130122,600064.SH,12.1,12.16,11.59,11.75,12.1,-0.35,-2.89,200014.73,236245.224,3.8746,2.94,11.925,126317.345,12.0067,109068.93,12.0,95462.6075,12.044,95029.664,12.1175,92002.7675,12.135,92685.958,12.0553,105025.8587,11.7055,110742.912
1608,20130121,600064.SH,12.18,12.23,11.97,12.1,12.17,-0.07,-0.58,52619.96,63415.909,1.0193,0.65,12.135,63596.03,12.0833,60611.9,12.1175,68783.3975,12.178,68059.432,12.175,76173.0012,12.149,82474.984,12.0173,108715.336,11.646,102832.065
1609,20130118,600064.SH,12.0,12.18,11.91,12.17,11.98,0.19,1.59,74572.1,89943.56,1.4446,0.91,12.075,64607.87,12.1233,74171.21,12.1975,71919.3,12.24,80450.104,12.1875,84278.1112,12.135,85193.743,11.9253,112414.2093,11.5695,103242.2025
1610,20130117,600064.SH,12.12,12.14,11.89,11.98,12.22,-0.24,-1.96,54643.64,65501.308,1.0585,0.64,12.1,73970.765,12.2067,71035.0333,12.2575,81919.605,12.184,81763.07,12.1525,87194.7225,12.113,90255.744,11.8247,117604.9327,11.481,103021.8155
1611,20130116,600064.SH,12.39,12.59,11.96,12.22,12.42,-0.2,-1.61,93297.89,114090.832,1.8073,1.03,12.32,79230.73,12.35,91011.5933,12.235,88542.9275,12.23,85509.662,12.15,90340.2112,12.132,104256.248,11.716,118407.2713,11.4005,105454.3735
1612,20130115,600064.SH,12.4,12.58,12.3,12.42,12.41,0.01,0.08,65163.57,81061.49,1.2623,0.67,12.415,89868.445,12.24,86957.94,12.2325,83562.605,12.226,90342.252,12.1162,94326.9887,12.061,110023.956,11.5927,115980.6613,11.306,105691.212
1613,20130114,600064.SH,11.78,12.45,11.76,12.41,11.89,0.52,4.37,114573.32,139193.023,2.2195,1.27,12.15,97855.125,12.17,89695.6167,12.1775,96636.9225,12.12,96890.536,12.085,110512.6275,11.937,129043.288,11.4687,114422.9427,11.172,103642.132
1614,20130111,600064.SH,12.15,12.2,11.68,11.89,12.21,-0.32,-2.62,81136.93,96609.778,1.5718,0.82,12.05,77256.765,12.1,90658.1233,12.0475,92469.84,12.03,89937.382,11.9725,115062.8337,11.768,128396.262,11.346,110839.5687,11.0445,99365.423
1615,20130110,600064.SH,12.12,12.41,11.96,12.21,12.2,0.01,0.08,73376.6,89271.064,1.4214,0.6,12.205,95418.72,12.1,96247.4767,12.065,92137.495,12.042,98748.418,11.8837,136840.3288,11.645,135525.864,11.2467,110108.064,10.9375,97596.037
1616,20130109,600064.SH,11.8,12.31,11.75,12.2,11.89,0.31,2.61,117460.84,141767.977,2.2754,0.91,12.045,107682.915,12.0167,98391.1267,12.0,105091.3725,12.034,123002.834,11.6975,141181.1363,11.459,134856.076,11.124,112102.6107,10.817,96067.6325
1617,20130108,600064.SH,11.89,12.06,11.58,11.89,11.96,-0.07,-0.59,97904.99,115472.507,1.8966,0.61,11.925,88856.27,11.9333,100968.2167,11.9925,124388.3325,11.896,129705.66,11.505,145552.65,11.276,128799.866,10.9993,110807.532,10.692,92013.2395
1618,20130107,600064.SH,11.88,11.98,11.76,11.96,11.95,0.01,0.08,79807.55,94594.853,1.546,0.48,11.955,102499.83,12.0267,133216.1133,11.8975,137655.8275,11.754,161196.04,11.3125,141649.3662,11.143,123189.146,10.856,105892.664,10.573,88259.6455
1619,20130104,600064.SH,12.28,12.28,11.77,11.95,12.17,-0.22,-1.81,125192.11,149841.354,2.4252,0.73,12.06,159920.395,11.8767,156938.5867,11.7025,181543.1625,11.506,166855.142,11.1137,138785.765,11.004,121290.662,10.716,102508.1033,10.4535,86989.2645
1620,20121231,600064.SH,11.51,12.22,11.43,12.17,11.51,0.66,5.73,194648.68,230551.042,3.7707,1.33,11.84,172811.825,11.62,200326.8467,11.395,177270.9,11.248,172303.31,10.94,128361.475,10.849,115787.887,10.5693,97211.91,10.324,81951.8125
1621,20121228,600064.SH,11.11,11.53,11.01,11.51,11.18,0.33,2.95,150974.97,169941.708,2.9246,1.18,11.345,203165.93,11.1367,171478.3067,11.0175,166716.9675,10.884,146709.318,10.74,111633.2288,10.669,106652.499,10.4113,87089.232,10.1795,75368.278
1622,20121227,600064.SH,10.85,11.35,10.74,11.18,10.72,0.46,4.29,255356.89,282210.569,4.9467,3.0,10.95,181729.975,10.8533,171964.3,10.7275,145642.905,10.656,127894.072,10.6012,101531.9025,10.551,101358.468,10.2907,79449.0993,10.064,70537.529
1623,20121226,600064.SH,10.65,10.98,10.61,10.72,10.66,0.06,0.56,108103.06,116523.167,2.0941,1.43,10.69,130268.005,10.5767,109071.5767,10.525,96028.3675,10.532,85182.252,10.5,82524.1413,10.407,78240.976,10.1793,63947.514,9.945,58970.0665
1624,20121225,600064.SH,10.31,10.83,10.27,10.66,10.35,0.31,3.0,152432.95,161628.183,2.9529,2.57,10.505,109555.835,10.46,92003.47,10.485,79452.05,10.502,75726.182,10.4512,81265.5913,10.321,70334.584,10.1027,60367.3053,9.849,54457.7905
1625,20121224,600064.SH,10.37,10.55,10.25,10.35,10.37,-0.02,-0.19,66678.72,68976.859,1.2917,1.0,10.36,61788.73,10.4267,55125.0833,10.4625,56549.49,10.45,59272.464,10.3362,65234.2188,10.23,59666.21,10.016,51834.6467,9.7625,47866.385
1626,20121221,600064.SH,10.58,10.65,10.29,10.37,10.56,-0.19,-1.8,56898.74,59403.168,1.1022,0.76,10.465,49348.265,10.5,53173.08,10.475,57420.9,10.454,66595.68,10.275,60529.2713,10.175,57279.189,9.9447,51587.9313,9.7025,46126.4945
1627,20121220,600064.SH,10.58,10.66,10.39,10.56,10.57,-0.01,-0.09,41797.79,44027.598,0.8097,0.59,10.565,51310.25,10.51,57594.9533,10.475,69019.915,10.446,74822.864,10.1975,59135.58,10.108,55226.613,9.8667,51418.6813,9.648,44549.763
1628,20121219,600064.SH,10.37,10.61,10.28,10.57,10.4,0.17,1.63,60822.71,63600.138,1.1782,0.94,10.485,65493.535,10.4467,78093.9567,10.4175,83079.1325,10.282,71299.7,10.1025,59261.92,10.003,53330.145,9.7493,50232.6713,9.5845,43622.802
1629,20121218,600064.SH,10.42,10.67,10.28,10.4,10.37,0.03,0.29,70164.36,73456.497,1.3592,1.17,10.385,86729.58,10.3667,90497.94,10.21,73918.9475,10.14,64942.986,9.9937,56205.7038,9.903,52687.867,9.6313,47368.3267,9.527,42666.749
1630,20121217,600064.SH,10.5,10.72,10.33,10.37,10.33,0.04,0.39,103294.8,108706.325,2.001,2.15,10.35,100664.73,10.1467,75170.4767,10.075,63637.6425,10.01,60059.956,9.8825,50289.2975,9.799,48115.738,9.5333,44064.3587,9.4765,39857.5655
1631,20121214,600064.SH,9.81,10.45,9.74,10.33,9.74,0.59,6.06,98034.66,100217.437,1.8991,2.75,10.035,61108.315,9.9767,50418.59,9.92,49251.245,9.896,47962.698,9.7825,44177.4388,9.69,44084.057,9.452,39303.4327,9.4335,35571.2765
1632,20121213,600064.SH,9.9,9.92,9.7,9.74,9.86,-0.12,-1.22,24181.97,23725.662,0.4684,0.68,9.8,26610.555,9.7833,32990.1067,9.7875,35444.7075,9.77,35630.362,9.6612,34978.49,9.577,39716.59,9.382,34458.7293,9.3965,32087.717
1633,20121212,600064.SH,9.74,9.9,9.7,9.86,9.75,0.11,1.13,29039.14,28471.758,0.5625,0.72,9.805,37394.175,9.8033,39198.9533,9.7775,38492.46,9.724,35360.59,9.6037,39827.9925,9.483,39699.157,9.352,34397.1693,9.3885,31310.3825
1634,20121211,600064.SH,9.78,9.99,9.74,9.75,9.8,-0.05,-0.51,45749.21,45148.138,0.8862,1.26,9.775,44278.86,9.75,41643.5667,9.69,36940.9525,9.666,40432.748,9.5212,42993.0988,9.377,38580.997,9.3227,35241.3367,9.3795,30312.84
1635,20121210,600064.SH,9.83,9.93,9.74,9.8,9.7,0.1,1.03,42808.51,42106.72,0.8293,1.06,9.75,39590.745,9.67,34004.8667,9.645,39103.6325,9.588,36171.52,9.4025,40275.4025,9.295,36066.56,9.2987,33123.4353,9.3725,29246.007
1636,20121207,600064.SH,9.51,9.72,9.44,9.7,9.51,0.19,2.0,36372.98,35024.575,0.7046,0.83,9.605,29603.045,9.5933,37868.6733,9.535,34512.2725,9.484,40205.416,9.2775,37156.5313,9.23,34973.8,9.2793,31440.8027,9.375,28276.887
1637,20121206,600064.SH,9.51,9.62,9.4,9.51,9.57,-0.06,-0.63,22833.11,21682.59,0.4423,0.52,9.54,38616.52,9.48,33892.0367,9.43,41163.525,9.384,43802.818,9.1812,35185.5138,9.188,33872.913,9.272,30906.8353,9.3805,27085.7425
1638,20121205,600064.SH,9.31,9.72,9.27,9.57,9.36,0.21,2.24,54399.93,52171.679,1.0538,1.48,9.465,39421.5,9.4033,47273.6633,9.3525,49045.245,9.242,44037.724,9.1362,36316.4888,9.166,33915.459,9.2767,29960.3133,9.396,27150.0305
1639,20121204,600064.SH,9.24,9.37,9.16,9.36,9.28,0.08,0.86,24443.07,22682.01,0.4735,0.68,9.32,43710.53,9.28,47260.35,9.16,41447.1725,9.088,36729.246,9.1,32687.0113,9.151,32645.631,9.284,26939.5373,9.421,25329.0515
1640,20121203,600064.SH,9.12,9.4,9.12,9.28,9.2,0.08,0.87,62977.99,58421.501,1.22,2.12,9.24,58668.99,9.0933,47115.2067,9.02,39800.79,9.002,35961.6,9.0912,32538.9488,9.154,31599.393,9.3007,26937.5027,9.4585,25364.072
1641,20121130,600064.SH,8.8,9.25,8.76,9.2,8.8,0.4,4.55,54359.99,49292.839,1.053,2.27,9.0,39183.815,8.9333,32075.0567,8.9325,29207.5025,8.976,29742.184,9.1087,29879.4063,9.177,27058.496,9.3387,24300.7107,9.506,23676.984
1642,20121129,600064.SH,8.87,9.02,8.76,8.8,8.8,0.0,0.0,24007.64,21360.899,0.4651,1.01,8.8,20932.59,8.8433,20823.34,8.92,23587.7325,8.992,23943.008,9.1325,24831.9938,9.216,24458.844,9.3793,21513.384,9.56,23575.4375
1643,20121128,600064.SH,8.9,8.91,8.74,8.8,8.93,-0.13,-1.46,17857.54,15729.169,0.3459,0.63,8.865,19231.19,8.96,23447.7633,9.04,23926.85,9.09,23793.194,9.2212,24027.1663,9.294,22921.608,9.4473,21520.7993,9.6295,25618.0795
1644,20121127,600064.SH,9.13,9.13,8.9,8.93,9.15,-0.22,-2.4,20604.84,18540.897,0.3991,0.76,9.04,26242.875,9.12,25949.9533,9.1625,25277.1075,9.214,28562.016,9.32,25340.4075,9.382,22044.683,9.532,21528.9867,9.6845,25440.916
1645,20121126,600064.SH,9.29,9.3,9.1,9.15,9.28,-0.13,-1.4,31880.91,29299.732,0.6176,1.31,9.215,28622.51,9.24,26834.53,9.285,30551.31,9.306,27237.186,9.4012,23844.2125,9.45,22425.454,9.6107,21831.5627,9.7355,25384.265
1646,20121123,600064.SH,9.31,9.43,9.27,9.28,9.29,-0.01,-0.11,25364.11,23707.452,0.4913,1.02,9.285,24311.34,9.33,30108.11,9.345,26076.255,9.378,24374.808,9.4675,20995.135,9.52,21579.974,9.6827,21655.2507,9.773,24362.882
1647,20121122,600064.SH,9.42,9.43,9.25,9.29,9.42,-0.13,-1.38,23258.57,21730.838,0.4506,1.05,9.355,32480.11,9.3667,26313.6367,9.4025,24127.4825,9.44,24974.68,9.5087,20876.19,9.573,20298.572,9.7493,23452.914,9.8055,24168.2425
1648,20121121,600064.SH,9.33,9.48,9.33,9.42,9.39,0.03,0.32,41701.65,39299.378,0.8078,2.69,9.405,27841.17,9.44,24417.12,9.4775,25403.7075,9.498,22050.022,9.5787,20897.1325,9.626,20384.602,9.8093,26226.3747,9.8515,23640.912
1649,20121120,600064.SH,9.55,9.57,9.38,9.39,9.51,-0.12,-1.26,13980.69,13249.124,0.2708,0.79,9.45,15774.855,9.4967,19971.06,9.5175,17137.115,9.55,15527.35,9.6275,17253.1875,9.691,18012.472,9.8413,24400.5493,9.894,22379.616
1650,20121119,600064.SH,9.56,9.57,9.4,9.51,9.59,-0.08,-0.83,17569.02,16654.716,0.3403,0.94,9.55,22966.245,9.56,18189.2567,9.59,15914.015,9.594,17613.722,9.6812,18520.46,9.763,19128.751,9.8787,24766.6247,9.9385,22800.4075
1651,20121116,600064.SH,9.56,9.69,9.52,9.59,9.58,0.01,0.1,28363.47,27215.905,0.5494,1.82,9.585,18499.375,9.6167,15362.3467,9.615,17624.8975,9.662,18785.14,9.7512,18571.8763,9.835,20295.472,9.9047,24358.9067,9.9855,22751.737
1652,20121115,600064.SH,9.65,9.72,9.54,9.58,9.68,-0.1,-1.03,8635.28,8314.414,0.1673,0.46,9.63,8861.785,9.6233,14045.3733,9.68,16390.5575,9.706,15622.464,9.8162,18169.3775,9.904,22692.031,9.9273,23899.43,10.0235,23309.032
1653,20121114,600064.SH,9.66,9.7,9.58,9.68,9.61,0.07,0.73,9088.29,8759.12,0.1761,0.44,9.645,16750.42,9.7133,18975.65,9.7375,17369.26,9.754,18719.182,9.8975,20744.4963,9.965,28314.551,9.9693,24171.2087,10.065,25276.1605
1654,20121113,600064.SH,9.87,9.87,9.59,9.61,9.85,-0.24,-2.44,24412.55,23636.127,0.4729,1.18,9.73,23919.33,9.7567,20129.5833,9.7725,21126.905,9.832,20497.594,9.9725,26149.5925,9.987,28837.149,10.0087,24663.7047,10.085,25437.5615
1655,20121112,600064.SH,9.82,9.95,9.8,9.85,9.81,0.04,0.41,23426.11,23099.055,0.4538,1.07,9.83,17988.1,9.8267,20031.69,9.8875,19518.855,9.932,20643.78,10.045,31205.5838,10.021,28343.076,10.0533,24529.3027,10.1075,24976.371
1656,20121109,600064.SH,9.83,9.94,9.79,9.81,9.82,-0.01,-0.1,12550.09,12342.967,0.2431,0.42,9.815,18334.48,9.9,18216.4367,9.9525,19948.1975,10.008,21805.804,10.0512,30066.6038,10.026,27145.79,10.0933,24073.936,10.1155,24259.024
1657,20121108,600064.SH,9.96,10.05,9.8,9.82,10.07,-0.25,-2.48,24118.87,23971.824,0.4672,0.64,9.945,21049.61,10.0,22414.2333,10.0575,24119.7325,10.102,29761.598,10.0687,30931.82,10.038,28037.913,10.1293,25871.2213,10.1295,24167.156
1658,20121107,600064.SH,10.1,10.14,9.99,10.07,10.11,-0.04,-0.4,17980.35,18045.293,0.3483,0.48,10.09,21561.915,10.1367,24120.02,10.1725,31172.28,10.176,37909.92,10.0787,29348.6175,10.077,26897.222,10.1687,27461.82,10.1395,23964.0195
1659,20121106,600064.SH,10.26,10.26,9.98,10.11,10.23,-0.12,-1.17,25143.48,25288.839,0.4871,0.7,10.17,27189.855,10.2067,35569.59,10.2025,42892.3125,10.142,37176.704,10.0612,29784.9888,10.097,26746.76,10.1693,27084.2173,10.1505,23793.236
1660,20121105,600064.SH,10.28,10.33,10.14,10.23,10.28,-0.05,-0.49,29236.23,29848.146,0.5664,0.9,10.255,40782.645,10.2333,48808.59,10.15,40185.01,10.11,36042.372,10.0737,28231.0488,10.114,26472.064,10.166,26420.568,10.159,23573.854
1661,20121102,600064.SH,10.18,10.34,10.08,10.28,10.19,0.09,0.88,52329.06,53588.482,1.0137,1.99,10.235,58594.77,10.1233,43834.6033,10.08,37743.9075,10.044,32485.776,10.0787,26635.9863,10.136,25208.002,10.1513,25076.764,10.1565,23478.7805
1662,20121101,600064.SH,9.92,10.27,9.9,10.19,9.9,0.29,2.93,64860.48,65334.473,1.2565,4.08,10.045,39587.375,10.0133,32882.19,9.985,27524.955,9.974,26314.228,10.0787,22894.4188,10.143,23926.033,10.1387,22302.342,10.151,22578.2225
1663,20121031,600064.SH,9.98,9.98,9.81,9.9,9.95,-0.05,-0.5,14314.27,14151.336,0.2773,0.88,9.925,16893.045,9.9167,15079.78,9.92,16677.665,9.978,15884.524,10.1112,16861.31,10.165,22237.77,10.1273,19315.386,10.1305,20358.7085
1664,20121030,600064.SH,9.9,10.07,9.88,9.95,9.9,0.05,0.51,19471.82,19378.413,0.3772,1.15,9.925,15462.535,9.9267,17465.4633,9.9975,16277.0875,10.052,16316.816,10.1675,20010.6975,10.183,22037.974,10.1533,19332.08,10.113,20298.6565
1665,20121029,600064.SH,9.86,10.0,9.86,9.9,9.93,-0.03,-0.3,11453.25,11372.382,0.2219,0.64,9.915,16462.285,10.0133,15212.1767,10.0775,15528.065,10.118,16901.756,10.225,23573.9513,10.194,21609.666,10.1753,19417.6813,10.1025,19760.527
1666,20121026,600064.SH,10.18,10.2,9.86,9.93,10.21,-0.28,-2.74,21471.32,21430.765,0.4159,1.0,10.07,17091.64,10.1367,16886.3367,10.1725,18263.8825,10.228,17930.228,10.2475,23681.8338,10.205,21372.258,10.194,20476.4487,10.0965,19874.028
1667,20121025,600064.SH,10.29,10.34,10.19,10.21,10.27,-0.06,-0.58,12711.96,13044.81,0.2463,0.44,10.24,14593.845,10.2533,17194.7367,10.3025,17044.955,10.312,21537.838,10.2637,22896.5113,10.221,20296.399,10.21,21332.8873,10.084,19373.8705
1668,20121024,600064.SH,10.27,10.36,10.2,10.27,10.28,-0.01,-0.1,16475.73,16939.101,0.3192,0.59,10.275,19436.125,10.3333,18489.2867,10.3375,23744.3075,10.352,28591.016,10.2387,22442.4125,10.202,21030.817,10.1813,21850.1033,10.0595,19599.487
1669,20121023,600064.SH,10.45,10.59,10.24,10.28,10.45,-0.17,-1.63,22396.52,23358.864,0.4339,0.85,10.365,19496.065,10.36,26167.1667,10.3725,31619.8375,10.314,27759.132,10.2162,21722.0375,10.204,20839.712,10.1333,21625.9367,10.0475,19336.1025
1670,20121022,600064.SH,10.25,10.49,10.22,10.45,10.35,0.1,0.97,16595.61,17236.073,0.3215,0.67,10.4,28052.49,10.4033,34694.2767,10.3225,29099.785,10.27,26317.576,10.1837,21429.49,10.204,20675.644,10.0973,20713.4507,10.034,18781.548
1671,20121019,600064.SH,10.38,10.49,10.32,10.35,10.41,-0.06,-0.58,39509.37,41187.996,0.7654,2.07,10.38,43743.61,10.28,33267.8433,10.225,28748.0675,10.182,24814.288,10.1637,21175.6238,10.177,21749.559,10.0527,20521.9613,10.0145,19186.9085
1672,20121018,600064.SH,10.1,10.5,10.05,10.41,10.08,0.33,3.27,47977.85,49527.727,0.9294,3.56,10.245,30147.08,10.1833,25160.9667,10.14,21140.5175,10.13,19054.96,10.155,18831.4325,10.159,21230.412,10.008,18652.548,10.017,18513.2655
1673,20121017,600064.SH,10.08,10.11,9.93,10.08,10.06,0.02,0.2,12316.31,12341.195,0.2386,0.88,10.07,13752.525,10.05,12194.74,10.06,11824.2375,10.052,13470.618,10.1262,16251.0463,10.096,18479.647,9.962,16602.3107,10.0105,17332.844
1674,20121016,600064.SH,10.0,10.16,9.98,10.06,10.01,0.05,0.5,15188.74,15299.653,0.2942,1.01,10.035,12133.955,10.0533,11660.2133,10.045,13759.195,10.094,13920.292,10.1375,19001.245,10.043,18559.339,9.9587,16528.426,10.0305,17746.768
1675,20121015,600064.SH,10.09,10.12,9.96,10.01,10.09,-0.08,-0.79,9079.17,9094.112,0.1759,0.49,10.05,9895.95,10.04,13282.68,10.1025,13603.18,10.138,15033.712,10.1025,19661.4275,10.011,17911.388,9.9553,16269.5387,10.0545,18159.2215
1676,20121012,600064.SH,10.09,10.19,10.0,10.09,10.02,0.07,0.7,10712.73,10801.56,0.2075,0.46,10.055,15384.435,10.1333,15111.1833,10.17,16522.3475,10.172,18684.83,10.045,20165.685,9.988,18375.798,9.9587,17311.1153,10.0825,20027.7875
1677,20121011,600064.SH,10.27,10.27,10.0,10.02,10.29,-0.27,-2.62,20056.14,20299.01,0.3885,0.85,10.155,17310.41,10.1967,18458.8867,10.1925,20677.855,10.188,23405.864,10.0012,19915.2475,9.947,18451.342,9.9793,18332.7007,10.1055,23353.367
1678,20121010,600064.SH,10.23,10.35,10.17,10.29,10.28,0.01,0.1,14564.68,14943.706,0.2821,0.63,10.285,17660.26,10.25,20885.0933,10.23,24243.295,10.14,23488.676,9.9712,19123.6388,9.917,18168.157,9.9967,18620.2527,10.1115,23043.404
1679,20121009,600064.SH,10.18,10.36,10.18,10.28,10.18,0.1,0.98,20755.84,21333.254,0.4021,1.0,10.23,24045.3,10.21,27469.5,10.1025,25719.675,9.992,23198.386,9.895,18736.575,9.891,17832.493,10.0093,19022.26,10.0985,23158.502
1680,20121008,600064.SH,10.17,10.28,10.03,10.18,10.17,0.01,0.1,27334.76,27772.883,0.5295,1.51,10.175,30826.33,10.0433,27374.2867,9.92,23809.0225,9.884,20789.064,9.825,18295.1313,9.864,16887.452,10.0267,19201.058,10.083,22830.602
1681,20120928,600064.SH,9.7,10.23,9.7,10.17,9.78,0.39,3.99,34317.9,34381.726,0.6648,2.54,9.975,27394.05,9.8333,22633.7767,9.81,19152.64,9.804,18066.766,9.8062,16279.2913,9.852,16624.258,10.0527,20475.44,10.0775,22658.9065
1682,20120927,600064.SH,9.54,9.86,9.54,9.78,9.55,0.23,2.41,20470.2,19884.907,0.3965,1.59,9.665,16791.715,9.69,14097.5533,9.7125,14003.9825,9.706,13496.82,9.7862,13402.7325,9.875,15796.119,10.078,23335.868,10.0625,21454.354
1683,20120926,600064.SH,9.71,9.74,9.5,9.55,9.74,-0.19,-1.95,13113.23,12567.627,0.254,1.05,9.645,10911.23,9.69,11848.5767,9.6875,11753.475,9.694,12847.638,9.8212,13931.81,9.925,16186.041,10.102,22894.98,10.0615,21159.874
1684,20120925,600064.SH,9.8,9.84,9.7,9.74,9.78,-0.04,-0.41,8709.23,8499.23,0.1687,0.67,9.76,11216.25,9.7333,11300.2233,9.73,12781.24,9.79,12466.6,9.9275,15547.22,10.018,16934.197,10.134,23145.2073,10.0745,21031.6645
1685,20120924,600064.SH,9.68,9.87,9.62,9.78,9.68,0.1,1.03,13723.27,13386.09,0.2658,0.9,9.73,12595.72,9.7267,14138.5767,9.8025,13405.9425,9.844,12985.84,9.995,17504.7438,10.098,18407.055,10.1493,23511.1147,10.081,21116.41
1686,20120921,600064.SH,9.65,9.79,9.6,9.68,9.72,-0.04,-0.41,11468.17,11132.825,0.2222,0.63,9.7,14346.23,9.81,13300.1667,9.86,12801.4825,9.9,15181.75,10.0825,18363.6838,10.177,21679.777,10.1687,24189.62,10.0795,21232.7345
1687,20120920,600064.SH,10.09,10.09,9.7,9.72,10.03,-0.31,-3.09,17224.29,16978.811,0.3337,0.88,9.875,14216.165,9.92,13245.92,9.955,16110.145,10.044,18095.418,10.19,19859.8888,10.264,28255.392,10.1813,24106.8653,10.0995,22453.4995
1688,20120919,600064.SH,10.02,10.12,9.99,10.03,10.01,0.02,0.2,11208.04,11250.762,0.2171,0.52,10.02,11256.735,10.0333,15738.7633,10.125,18313.2,10.156,19524.444,10.2962,23513.1638,10.306,27918.651,10.184,23930.6193,10.1255,23787.085
1689,20120918,600064.SH,9.99,10.12,9.96,10.01,10.06,-0.05,-0.5,11305.43,11356.305,0.219,0.47,10.035,18004.125,10.1567,20681.5867,10.1875,21603.545,10.246,21401.794,10.3612,31765.1988,10.306,28484.511,10.1693,23886.686,10.1195,24098.67
1690,20120917,600064.SH,10.37,10.42,10.05,10.06,10.4,-0.34,-3.27,24702.82,25185.994,0.4785,0.88,10.23,25369.665,10.2467,25036.25,10.305,23925.885,10.352,23828.27,10.3775,32084.13,10.302,28773.752,10.16,23826.6,10.1195,25095.633
1691,20120914,600064.SH,10.41,10.46,10.22,10.4,10.28,0.12,1.17,26036.51,26947.097,0.5044,0.68,10.34,25202.965,10.3867,23666.9067,10.425,23609.6325,10.454,28177.804,10.3737,31104.6075,10.303,28693.555,10.1393,23249.7293,10.1115,24768.015
1692,20120913,600064.SH,10.4,10.53,10.28,10.28,10.48,-0.2,-1.91,24369.42,25371.832,0.4721,0.67,10.38,22482.105,10.4333,22800.6733,10.4675,28713.1275,10.484,38415.366,10.32,29624.7738,10.25,27112.589,10.118,23906.1933,10.082,24072.6415
1693,20120912,600064.SH,10.58,10.62,10.34,10.48,10.54,-0.06,-0.57,20594.79,21575.326,0.399,0.58,10.51,22016.3,10.53,30161.03,10.535,41926.8525,10.456,36312.858,10.2937,29566.2025,10.198,26133.707,10.1153,25207.9653,10.059,23467.319
1694,20120911,600064.SH,10.55,10.61,10.42,10.54,10.57,-0.03,-0.28,23437.81,24563.37,0.454,0.7,10.555,34944.15,10.5533,49037.54,10.45,40242.375,10.366,35567.228,10.2175,28270.21,10.131,25129.132,10.0773,24997.6287,10.0255,23371.243
1695,20120910,600064.SH,10.5,10.76,10.48,10.57,10.55,0.02,0.19,46450.49,49228.021,0.8998,1.59,10.56,61837.405,10.42,45843.8967,10.3225,38599.5825,10.252,33719.234,10.12,27163.0588,10.064,23825.765,10.042,25518.0873,9.9975,23457.265
1696,20120907,600064.SH,10.18,10.7,10.14,10.55,10.14,0.41,4.04,77224.32,80956.258,1.496,4.88,10.345,45540.6,10.24,35982.6133,10.1725,30536.42,10.152,29209.306,10.025,22675.3775,9.982,20785.692,9.9973,23631.4187,9.9595,22548.37
1697,20120906,600064.SH,10.07,10.15,10.02,10.14,10.03,0.11,1.1,13856.88,13974.469,0.2684,0.87,10.085,15361.76,10.0467,14973.7867,10.0525,17205.5525,10.016,15809.812,9.94,14322.855,9.935,16651.607,9.948,19291.7333,9.9365,20261.8015
1698,20120905,600064.SH,10.01,10.18,10.0,10.03,9.97,0.06,0.6,16866.64,17008.049,0.3267,1.15,10.0,15532.24,10.0233,18321.7767,9.985,16298.045,9.94,15954.556,9.8912,14596.965,9.945,19655.519,9.9267,19185.4727,9.9375,20892.0495
1699,20120904,600064.SH,10.07,10.1,9.95,9.97,10.07,-0.1,-0.99,14197.84,14229.4,0.275,1.02,10.02,19049.345,9.97,16108.5133,9.9175,15726.535,9.896,14691.036,9.8975,16974.0688,9.933,19712.829,9.912,19305.9147,9.9415,21630.06
1700,20120903,600064.SH,9.89,10.19,9.89,10.07,9.87,0.2,2.03,23900.85,24048.169,0.463,1.93,9.97,17063.85,9.9,16236.1,9.8775,14814.335,9.876,13932.296,9.9312,20686.3388,9.937,21417.514,9.9127,20036.6087,9.9535,23369.565
1701,20120831,600064.SH,9.8,9.88,9.76,9.87,9.76,0.11,1.13,10226.85,10033.489,0.1981,0.58,9.815,12403.725,9.8133,11785.4967,9.8275,11440.1575,9.812,12362.078,9.9112,19878.7,9.92,20842.475,9.8953,20328.058,9.9655,27335.118
1702,20120830,600064.SH,9.85,9.89,9.62,9.76,9.81,-0.05,-0.51,14580.6,14247.844,0.2824,0.62,9.785,12564.82,9.8133,11844.5933,9.7975,12895.885,9.854,17493.402,9.9287,22505.93,9.914,21032.694,9.91,21745.798,9.9605,27645.4735
1703,20120829,600064.SH,9.87,9.99,9.8,9.81,9.87,-0.06,-0.61,10549.04,10434.864,0.2044,0.43,9.84,10476.59,9.81,12334.3133,9.8775,18221.6025,9.95,23356.482,9.9462,22952.1625,9.92,20800.931,9.9367,22537.8807,9.949,27868.645
1704,20120828,600064.SH,9.75,9.99,9.73,9.87,9.75,0.12,1.23,10404.14,10253.534,0.2015,0.36,9.81,13226.95,9.9,20779.1233,9.985,26558.3425,9.97,24734.622,9.9462,23149.6625,9.92,21613.354,9.9567,23943.068,9.9485,28319.561
1705,20120827,600064.SH,10.08,10.08,9.72,9.75,10.08,-0.33,-3.27,16049.76,15898.027,0.3109,0.55,9.915,25966.615,10.0233,31943.0767,9.995,28317.2425,9.998,28902.732,9.94,23382.0163,9.931,23088.765,9.9793,26515.3213,9.936,28975.0435
1706,20120824,600064.SH,10.16,10.25,10.05,10.08,10.24,-0.16,-1.56,35883.47,36485.51,0.6951,1.46,10.16,39889.735,10.0767,32406.4033,10.06,32115.975,10.028,29322.872,9.9475,23709.955,9.937,24311.048,10.0167,32326.1313,9.9345,29104.754
1707,20120823,600064.SH,9.91,10.27,9.86,10.24,9.91,0.33,3.33,43896.0,44331.66,0.8503,2.41,10.075,30667.87,10.0533,30860.1433,10.015,27682.7225,9.974,24571.986,9.935,22369.3025,9.938,23871.996,9.996,31029.4973,9.9245,28591.0435
1708,20120822,600064.SH,10.02,10.05,9.86,9.91,10.01,-0.1,-1.0,17439.74,17371.444,0.3378,0.94,9.96,24342.215,9.94,22278.2967,9.9075,19740.9825,9.89,18245.38,9.8812,20416.3763,9.93,22128.58,9.9487,29372.6993,9.902,28188.478
1709,20120821,600064.SH,9.91,10.05,9.88,10.01,9.9,0.11,1.11,31244.69,31241.7,0.6053,1.81,9.955,24697.575,9.9067,20508.0633,9.885,18446.79,9.87,18492.086,9.9037,22173.0275,9.95,23547.291,9.9413,29514.5407,9.914,29184.4415
1710,20120820,600064.SH,9.86,9.92,9.79,9.9,9.81,0.09,0.92,18150.46,17893.326,0.3516,0.94,9.855,15139.75,9.8433,14180.8233,9.835,15303.935,9.864,17274.798,9.9225,21575.1713,9.97,25321.616,9.9153,28999.1473,9.9425,31412.1215
1711,20120817,600064.SH,9.81,9.92,9.73,9.81,9.82,-0.01,-0.1,12129.04,11893.117,0.235,0.52,9.815,12196.005,9.8133,14355.0933,9.855,17055.8825,9.846,19299.224,9.9487,23259.72,10.011,33827.761,9.9033,29032.048,9.9685,31350.2295
1712,20120816,600064.SH,9.8,9.87,9.78,9.82,9.81,0.01,0.1,12262.97,12041.092,0.2376,0.47,9.815,15468.12,9.87,18698.1633,9.855,21091.77,9.902,23172.006,9.9987,27867.0825,10.007,34258.253,9.908,29930.7293,10.0075,32311.013
1713,20120815,600064.SH,10.0,10.0,9.8,9.81,9.98,-0.17,-1.7,18673.27,18465.392,0.3617,0.65,9.895,21915.76,9.8667,24034.7033,9.9225,25899.265,9.97,26011.78,10.06,39235.7,9.978,34936.359,9.906,31502.844,10.0525,33656.5855
1714,20120814,600064.SH,9.89,10.06,9.67,9.98,9.81,0.17,1.73,25158.25,24970.148,0.4874,0.75,9.895,26715.42,9.96,28307.93,10.01,27846.4075,10.03,28602.496,10.055,38955.7863,9.977,35025.768,9.9287,32748.56,10.0915,33761.364
1715,20120813,600064.SH,10.11,10.11,9.79,9.81,10.09,-0.28,-2.78,28272.59,28079.326,0.5477,0.58,9.95,29882.77,10.02,28742.46,10.0425,29463.5575,10.076,33368.434,9.9987,38191.5088,9.941,34861.322,9.9687,36124.5627,10.1185,33757.7855
1716,20120810,600064.SH,10.17,10.19,10.03,10.09,10.16,-0.07,-0.69,31492.95,31831.384,0.6101,0.69,10.125,28977.395,10.12,29860.5467,10.1425,34642.395,10.176,48356.298,9.9975,37103.355,9.932,33898.46,10.0093,35367.2313,10.143,33554.0965
1717,20120809,600064.SH,10.09,10.2,10.05,10.16,10.11,0.05,0.49,26461.84,26829.918,0.5126,0.6,10.135,29044.345,10.16,35692.21,10.1975,52572.135,10.112,45344.5,9.9387,36105.96,9.911,33310.091,10.0427,35357.3487,10.178,33015.5125
1718,20120808,600064.SH,10.22,10.28,10.0,10.11,10.21,-0.1,-0.98,31626.85,32006.511,0.6127,0.76,10.16,40307.395,10.21,61275.5667,10.1,50065.165,9.986,43860.938,9.8837,35128.7263,9.874,34248.376,10.08,36204.854,10.2105,33060.857
1719,20120807,600064.SH,10.32,10.4,10.12,10.21,10.31,-0.1,-0.97,48987.94,50146.363,0.949,1.35,10.26,76099.925,10.0967,56211.27,9.955,46919.46,9.924,41449.04,9.855,34376.5275,9.878,34821.592,10.112,35480.9867,10.235,32922.45
1720,20120806,600064.SH,9.93,10.34,9.88,10.31,9.77,0.54,5.53,103211.91,105117.426,1.9994,5.31,10.04,59822.935,9.87,46229.9667,9.8525,39564.315,9.806,36354.21,9.8025,32733.6213,9.915,37502.627,10.1327,33887.5693,10.255,33123.3085
1721,20120803,600064.SH,9.61,9.86,9.57,9.77,9.53,0.24,2.52,16433.96,15968.6,0.3184,0.77,9.65,17738.995,9.7,18348.45,9.68,19639.785,9.688,19440.622,9.7825,24502.0088,9.926,28872.698,10.132,28620.0293,10.301,29769.1615
1722,20120802,600064.SH,9.8,9.85,9.5,9.53,9.8,-0.27,-2.76,19044.03,18354.57,0.3689,0.77,9.665,19305.695,9.65,20708.3933,9.6675,20192.2875,9.71,21275.682,9.8837,31922.55,10.008,30363.773,10.2,28905.85,10.394,31116.9965
1723,20120801,600064.SH,9.57,9.88,9.53,9.8,9.62,0.18,1.87,19567.36,19112.713,0.3791,0.69,9.71,21540.575,9.7133,20575.04,9.755,21833.595,9.762,24635.814,9.995,31656.1238,10.127,32376.812,10.2853,29460.83,10.483,31602.2825
1724,20120731,600064.SH,9.68,9.78,9.47,9.62,9.72,-0.1,-1.03,23513.79,22576.098,0.4555,0.61,9.67,21078.88,9.74,22589.0067,9.7525,25902.9275,9.832,28194.144,10.0937,33128.2925,10.206,32496.96,10.3387,30080.2533,10.573,32072.6135
1725,20120730,600064.SH,9.89,9.9,9.58,9.72,9.88,-0.16,-1.62,18643.97,18166.351,0.3612,0.49,9.8,22126.615,9.7967,26699.3067,9.885,29364.2325,10.024,38651.044,10.2312,35085.8713,10.296,32654.249,10.4047,32046.3413,10.667,32998.823
1726,20120727,600064.SH,9.81,10.15,9.76,9.88,9.79,0.09,0.92,25609.26,25404.833,0.4961,0.65,9.835,30726.975,9.94,32937.6533,10.1,43652.8125,10.164,38304.774,10.34,35351.48,10.354,33209.733,10.5053,33212.008,10.744,33815.756
1727,20120726,600064.SH,10.09,10.14,9.77,9.79,10.15,-0.36,-3.55,35844.69,35756.19,0.6944,0.89,9.97,36601.85,10.1733,49667.33,10.235,41478.6525,10.306,39451.864,10.42,35286.1575,10.445,32720.934,10.622,34397.4347,10.825,35411.6235
1728,20120725,600064.SH,10.5,10.52,10.08,10.15,10.58,-0.43,-4.06,37359.01,38261.517,0.7237,1.02,10.365,56578.65,10.3833,43356.64,10.435,40353.6575,10.492,40117.81,10.4837,33830.4225,10.547,31873.338,10.7233,33924.4387,10.8925,35755.0265
1729,20120724,600064.SH,10.82,10.9,10.48,10.58,10.42,0.16,1.54,75798.29,80811.222,1.4683,2.84,10.5,46355.455,10.53,41351.8733,10.5775,40807.51,10.58,36799.776,10.5637,31750.705,10.592,31023.308,10.82,33365.4367,10.967,35906.7505
1730,20120723,600064.SH,10.55,10.64,10.31,10.42,10.59,-0.17,-1.61,16912.62,17687.435,0.3276,0.6,10.505,24128.665,10.5767,29143.9167,10.58,27050.1475,10.568,26657.454,10.5925,25697.01,10.595,28743.99,10.8813,31114.7493,11.014,34053.7265
1731,20120720,600064.SH,10.65,10.8,10.48,10.59,10.72,-0.13,-1.21,31344.71,33291.882,0.6072,1.21,10.655,35259.565,10.6333,30429.3233,10.605,29093.6625,10.544,28114.692,10.615,27190.2713,10.676,30665.625,10.9373,32319.4167,11.062,35237.3415
1732,20120719,600064.SH,10.56,10.88,10.46,10.72,10.59,0.13,1.23,39174.42,41804.961,0.7589,1.66,10.655,29971.63,10.61,28343.3133,10.5325,27307.1875,10.584,25990.004,10.6175,29897.8213,10.78,31870.22,10.998,34064.8767,11.1185,35869.9695
1733,20120718,600064.SH,10.49,10.65,10.19,10.59,10.52,0.07,0.67,20768.84,21557.041,0.4023,0.82,10.555,22927.76,10.47,23351.4433,10.55,22693.9,10.602,23628.866,10.6812,29517.14,10.839,30827.753,11.026,34300.7653,11.1695,36026.5365
1734,20120717,600064.SH,10.25,10.85,10.22,10.52,10.3,0.22,2.14,25086.68,26394.273,0.486,0.81,10.41,24642.745,10.5367,23335.5867,10.605,24343.8725,10.604,25246.84,10.8112,32344.8675,10.94,31648.267,11.096,35609.0753,11.2245,36431.8845
1735,20120716,600064.SH,10.95,10.95,10.25,10.3,10.79,-0.49,-4.54,24198.81,25386.387,0.4688,0.73,10.545,22460.04,10.6333,24096.27,10.625,25286.88,10.622,30830.526,10.91,32802.7513,11.038,33343.397,11.1627,36519.1507,11.2865,37154.259
1736,20120713,600064.SH,10.73,10.94,10.71,10.79,10.81,-0.02,-0.19,20721.27,22412.584,0.4014,0.55,10.8,24045.0,10.7333,25649.57,10.7025,32488.455,10.808,33216.558,11.0725,33399.6475,11.134,34421.779,11.2347,37611.558,11.36,38918.8575
1737,20120712,600064.SH,10.58,10.88,10.52,10.81,10.6,0.21,1.98,27368.73,29300.945,0.5302,0.72,10.705,28113.72,10.6733,36410.85,10.8125,36340.38,10.976,37750.436,11.1612,36064.2363,11.205,38102.313,11.2967,39163.2913,11.401,41181.8975
1738,20120711,600064.SH,10.58,10.74,10.53,10.6,10.61,-0.01,-0.09,28858.71,30582.59,0.559,0.76,10.605,40931.91,10.8133,39330.93,11.0175,40345.8625,11.076,38026.64,11.2175,37015.9738,11.238,39636.715,11.3587,40159.0933,11.4455,44373.4865
1739,20120710,600064.SH,11.11,11.2,10.51,10.61,11.23,-0.62,-5.52,53005.11,57446.169,1.0268,1.48,10.92,44567.04,11.1567,44174.9133,11.195,40318.6225,11.276,38049.694,11.33,40599.4613,11.342,40790.193,11.4313,40160.2327,11.4725,43945.632
1740,20120709,600064.SH,11.52,11.66,11.2,11.23,11.63,-0.4,-3.44,36128.97,41410.945,0.6999,1.01,11.43,39759.815,11.39,36089.7933,11.4425,34310.84,11.454,35856.268,11.3962,39312.9163,11.433,39363.463,11.508,39262.17,11.5,43431.943
1741,20120706,600064.SH,11.44,11.65,11.28,11.63,11.31,0.32,2.83,43390.66,49889.132,0.8405,1.13,11.47,36070.205,11.5133,33704.7967,11.51,35788.0925,11.46,35627.0,11.4475,39845.9813,11.448,39809.058,11.544,40819.624,11.491,44029.229
1742,20120705,600064.SH,11.59,11.62,11.2,11.31,11.6,-0.29,-2.5,28749.75,32645.383,0.5569,0.7,11.455,28861.865,11.47,33253.9033,11.4175,33686.085,11.434,38454.19,11.4337,39264.375,11.457,39869.719,11.5427,42325.718,11.462,43138.3575
1743,20120704,600064.SH,11.5,11.69,11.44,11.6,11.5,0.1,0.87,28973.98,33496.16,0.5613,0.67,11.55,35505.98,11.4533,35331.53,11.465,40880.3,11.4,41246.79,11.4425,40743.7713,11.5,41225.32,11.5687,46489.102,11.448,42746.3345
1744,20120703,600064.SH,11.43,11.64,11.35,11.5,11.26,0.24,2.13,42037.98,48416.406,0.8143,0.98,11.38,38510.305,11.42,44849.0733,11.35,44314.9925,11.408,43530.692,11.4575,42621.6825,11.509,41215.502,11.538,45910.9447,11.4295,42843.647
1745,20120702,600064.SH,11.59,11.59,11.23,11.26,11.3,-0.04,-0.35,34982.63,40048.797,0.6777,0.8,11.38,46254.62,11.3,45073.9967,11.385,43903.87,11.412,42870.658,11.4875,42655.155,11.535,40965.121,11.5153,45957.168,11.4145,43237.3595
1746,20120629,600064.SH,11.0,11.58,11.0,11.5,11.14,0.36,3.23,57526.61,65408.006,1.1144,1.39,11.32,50119.68,11.4267,46877.6167,11.45,44842.665,11.436,43991.116,11.5412,41891.8013,11.586,43415.936,11.5013,46829.972,11.444,42580.0145
1747,20120628,600064.SH,11.69,11.78,11.0,11.14,11.64,-0.5,-4.3,42712.75,48861.159,0.8274,1.04,11.39,41553.12,11.4333,40614.6833,11.42,40607.2425,11.48,41285.248,11.5737,39642.7463,11.597,44261.482,11.4713,44699.7467,11.4635,41132.072
1748,20120627,600064.SH,11.5,11.68,11.43,11.64,11.52,0.12,1.04,40393.49,46838.196,0.7825,1.04,11.58,39565.65,11.5133,39905.4067,11.565,40928.3725,11.6,41203.85,11.6525,41740.0,11.653,49110.258,11.464,43246.1827,11.5045,40730.0185
1749,20120626,600064.SH,11.23,11.64,11.22,11.52,11.38,0.14,1.23,38737.81,44340.793,0.7504,0.99,11.45,39661.365,11.54,41106.6667,11.59,41406.44,11.61,38900.312,11.6487,44938.5725,11.603,47101.071,11.4367,42614.632,11.5215,41648.339
1750,20120625,600064.SH,11.73,11.86,11.2,11.38,11.72,-0.34,-2.9,40584.92,46863.785,0.7862,0.95,11.55,42291.095,11.6133,42295.9833,11.6325,38940.9375,11.658,39059.584,11.6712,51496.41,11.567,47500.423,11.4153,43359.5933,11.5325,41322.4635
1751,20120621,600064.SH,11.69,11.83,11.51,11.72,11.74,-0.02,-0.17,43997.27,51547.664,0.8523,0.93,11.73,43151.515,11.7167,38392.9433,11.7275,38678.25,11.736,42840.756,11.6412,48960.9975,11.534,48249.4,11.4467,42109.6473,11.542,40410.895
1752,20120620,600064.SH,11.68,11.83,11.61,11.74,11.69,0.05,0.43,42305.76,49516.439,0.8195,0.74,11.715,35590.78,11.73,36905.2433,11.74,42551.6275,11.714,47237.716,11.5712,48802.755,11.467,46406.996,11.458,41081.0133,11.5345,39720.718
1753,20120619,600064.SH,11.74,11.78,11.56,11.69,11.76,-0.07,-0.6,28875.8,33660.62,0.5594,0.52,11.725,34204.985,11.74,42633.5833,11.7075,48470.705,11.706,57016.666,11.485,49523.8713,11.396,44267.349,11.4727,40572.0747,11.5365,39541.762
1754,20120618,600064.SH,11.87,11.87,11.73,11.76,11.77,-0.01,-0.09,39534.17,46693.891,0.7658,0.71,11.765,49512.475,11.7133,55002.34,11.71,64051.8825,11.596,55301.83,11.405,49111.05,11.35,44471.792,11.492,42564.348,11.547,39585.5645
1755,20120615,600064.SH,11.59,11.86,11.57,11.77,11.61,0.16,1.38,59490.78,69779.628,1.1524,1.11,11.69,62736.425,11.6933,72224.4533,11.555,59243.745,11.476,55941.262,11.3137,46782.94,11.294,45509.598,11.4907,42076.7567,11.5485,39494.6935
1756,20120614,600064.SH,11.6,11.85,11.55,11.61,11.7,-0.09,-0.77,65982.07,77381.149,1.2782,1.45,11.655,78591.29,11.4833,59161.4,11.4025,55053.8825,11.332,53658.044,11.2462,43211.6213,11.302,41744.093,11.4773,39600.9413,11.5495,39032.267
1757,20120613,600064.SH,11.21,11.73,11.13,11.7,11.14,0.56,5.03,91200.51,104911.35,1.7667,2.89,11.42,55751.065,11.3333,51411.1533,11.2625,50577.0375,11.22,45576.276,11.195,41202.8913,11.33,38002.662,11.4747,37215.052,11.578,38579.421
1758,20120612,600064.SH,11.1,11.22,11.01,11.14,11.16,-0.02,-0.18,20301.62,22598.936,0.3933,0.6,11.15,31516.475,11.1167,37035.88,11.1,34170.2175,11.086,31518.032,11.2137,32532.2938,11.356,32349.779,11.48,33716.794,11.5935,36941.3475
1759,20120611,600064.SH,11.06,11.24,10.93,11.16,11.05,0.11,1.0,42731.33,47482.082,0.8278,1.22,11.105,45403.01,11.0867,38793.0833,11.0725,34322.135,11.104,33641.754,11.3075,33565.5613,11.44,36195.607,11.5307,34346.8093,11.6575,41775.59
1760,20120608,600064.SH,11.24,11.3,11.01,11.05,11.05,0.0,0.0,48074.69,53761.823,0.9313,1.61,11.05,36823.96,11.0433,31519.07,11.09,31369.36,11.112,35077.934,11.4075,32558.105,11.498,35144.504,11.5727,34012.504,11.7025,45775.681
1761,20120607,600064.SH,11.18,11.25,10.97,11.05,11.03,0.02,0.18,25573.23,28457.319,0.4954,0.84,11.04,23241.26,11.1033,25800.9167,11.1275,31828.745,11.272,29830.142,11.5237,33893.7563,11.55,32572.39,11.622,34157.008,11.726,46653.555
1762,20120606,600064.SH,11.26,11.32,10.99,11.03,11.23,-0.2,-1.78,20909.29,23278.813,0.405,0.63,11.13,25914.76,11.1533,33913.9167,11.3275,30894.37,11.44,30429.048,11.61,34724.64,11.602,33034.44,11.6973,36247.136,11.774,48233.2615
1763,20120605,600064.SH,11.22,11.49,11.18,11.23,11.2,0.03,0.27,30920.23,35089.471,0.599,0.8,11.215,40416.23,11.4267,34222.73,11.5425,32808.9875,11.626,33181.526,11.6775,34905.1725,11.677,34816.175,11.7627,38749.1193,11.8315,50859.241
1764,20120604,600064.SH,11.59,11.65,11.17,11.2,11.85,-0.65,-5.49,49912.23,56899.694,0.9669,1.42,11.525,35873.98,11.6467,33438.5733,11.725,33746.85,11.776,38749.46,11.72,34814.36,11.744,34699.337,11.842,44486.8687,11.8815,54029.1165
1765,20120601,600064.SH,11.87,11.96,11.74,11.85,11.89,-0.04,-0.34,21835.73,25860.865,0.423,0.62,11.87,25201.745,11.9,28358.39,11.92,35958.7675,11.884,35211.074,11.7925,33416.1613,11.803,33479.789,11.8993,49341.5967,11.919,54596.692
1766,20120531,600064.SH,11.89,12.02,11.8,11.89,11.96,-0.07,-0.59,28567.76,33930.202,0.5534,0.8,11.925,31619.72,11.9433,40666.4467,11.8925,38554.91,11.828,35314.638,11.7987,34405.6763,11.797,36320.441,11.8773,52261.3593,11.926,57279.6805
1767,20120530,600064.SH,11.91,12.15,11.88,11.96,11.98,-0.02,-0.17,34671.68,41609.588,0.6716,0.95,11.97,46715.79,11.8933,41883.96,11.8125,37001.3575,11.764,35639.832,11.7862,35549.3,11.826,39156.18,11.8853,54167.9993,11.9365,60903.7345
1768,20120529,600064.SH,11.76,12.03,11.68,11.98,11.74,0.24,2.04,58759.9,70008.711,1.1383,1.92,11.86,45490.1,11.7633,37777.9167,11.715,35881.87,11.728,36450.824,11.765,37495.6213,11.831,41532.916,11.9,56751.8127,11.934,63576.2395
1769,20120528,600064.SH,11.5,11.76,11.24,11.74,11.57,0.17,1.47,32220.3,37183.666,0.6242,1.01,11.655,27286.925,11.6267,28255.86,11.665,30873.555,11.712,30649.214,11.79,37266.2775,11.875,47355.573,11.9167,59122.3353,11.9305,66573.289
1770,20120525,600064.SH,11.6,11.76,11.5,11.57,11.57,0.0,0.0,22353.55,25970.784,0.433,0.6,11.57,26273.64,11.64,30424.64,11.705,30256.4425,11.722,31748.504,11.8237,40543.62,11.907,56406.858,11.9307,61058.5647,11.957,75154.1245
1771,20120524,600064.SH,11.68,11.86,11.5,11.57,11.78,-0.21,-1.78,30193.73,35232.422,0.5849,0.71,11.675,34460.185,11.75,32890.74,11.76,34097.2425,11.766,37326.244,11.93,52372.735,11.902,60734.72,11.9587,64601.3613,11.989,84115.194
1772,20120523,600064.SH,11.85,11.98,11.61,11.78,11.9,-0.12,-1.01,38726.64,45641.289,0.7502,0.83,11.84,34239.245,11.8233,35398.4133,11.815,39109.3725,11.888,42672.528,11.9912,63940.1625,11.946,63432.083,11.994,69325.0353,12.007,91273.11
1773,20120522,600064.SH,11.79,11.95,11.78,11.9,11.79,0.11,0.93,29751.85,35299.608,0.5763,0.46,11.845,33734.3,11.8267,39236.95,11.915,43659.0,11.934,46615.008,11.9587,67303.3538,11.986,66902.307,12.0027,72618.0447,12.0155,98212.7715
1774,20120521,600064.SH,11.77,11.85,11.54,11.79,11.79,0.0,0.0,37716.75,44214.487,0.7306,0.47,11.79,43979.5,11.92,48294.7167,11.9425,50830.7975,12.038,64061.932,11.9725,70730.2925,12.019,73358.896,12.0033,78547.9807,11.9825,101098.616
1775,20120518,600064.SH,12.05,12.08,11.67,11.79,12.18,-0.39,-3.2,50242.25,59560.53,0.9733,0.6,11.985,53583.7,11.9933,55202.1467,12.1,70648.2275,12.092,81065.212,12.0212,75194.3088,12.035,75713.595,12.0353,89622.6647,11.9545,103828.405
1776,20120517,600064.SH,12.03,12.22,11.76,12.18,12.01,0.17,1.42,56925.15,68461.608,1.1027,0.68,12.095,57682.095,12.2033,77450.22,12.1675,88770.9525,12.038,84143.196,12.0762,80703.745,12.055,78238.92,12.0633,99711.5107,11.9075,107475.7735
1777,20120516,600064.SH,12.33,12.38,11.98,12.01,12.42,-0.41,-3.3,58439.04,71021.267,1.1321,0.67,12.215,87712.755,12.1633,99386.22,12.0025,90947.7075,12.004,84191.638,12.0475,81246.0688,12.047,82651.289,12.0467,107473.304,11.877,111989.676
1778,20120515,600064.SH,11.92,12.44,11.9,12.42,12.06,0.36,2.99,116986.47,142958.489,2.2662,1.42,12.24,119859.81,12.0,101783.93,12.0025,90629.7875,12.038,87189.606,12.045,83378.1263,12.037,85619.563,12.0427,115412.026,11.836,114812.0715
1779,20120514,600064.SH,11.65,12.24,11.57,12.06,11.52,0.54,4.69,122733.15,146940.69,2.3775,1.74,11.79,94182.66,11.8633,81844.2267,11.9425,79740.39,12.0,82655.86,12.005,81385.9225,11.986,85791.005,11.964,113444.1773,11.782,118782.844
1780,20120511,600064.SH,12.0,12.0,11.5,11.52,12.01,-0.49,-4.08,65632.17,77146.034,1.2714,0.91,11.765,61399.765,11.9033,65409.47,11.985,72636.5375,11.978,70361.978,11.9862,77059.5013,12.007,93901.391,11.9087,111416.136,11.712,117703.5055
1781,20120509,600064.SH,12.0,12.25,11.88,12.01,12.18,-0.17,-1.4,57167.36,69119.21,1.1074,0.7,12.095,65298.12,12.14,74971.3267,12.0925,71544.43,12.072,72334.644,12.035,83693.0913,12.076,107495.668,11.864,115253.2993,11.652,116120.3635
1782,20120508,600064.SH,12.14,12.35,12.0,12.18,12.23,-0.05,-0.41,73428.88,89419.901,1.4224,0.87,12.205,83873.31,12.12,76336.7867,12.0875,76126.465,12.09,81110.94,12.0675,102026.7975,12.068,119114.137,11.8347,121255.6887,11.5605,115435.274
1783,20120507,600064.SH,11.9,12.25,11.83,12.23,11.95,0.28,2.34,94317.74,113846.879,1.8271,1.06,12.09,77790.74,12.0567,77025.66,12.0675,83031.455,12.036,84049.52,12.0712,118045.055,12.045,129523.236,11.7687,124019.56,11.4635,113824.3995
1784,20120504,600064.SH,11.99,12.08,11.78,11.95,11.99,-0.04,-0.33,61263.74,72949.907,1.1868,0.52,11.97,68379.62,12.0133,79269.36,11.9875,81482.465,11.972,88926.15,12.0337,127924.3438,11.946,128838.336,11.7093,130825.172,11.357,110580.3995
1785,20120503,600064.SH,12.04,12.19,11.79,11.99,12.1,-0.11,-0.91,75495.5,90132.809,1.4625,0.53,12.045,88272.17,12.0,88222.04,11.9775,95841.7525,12.036,117440.804,12.0337,142456.36,11.874,131943.215,11.6233,133484.0147,11.247,108527.16
1786,20120502,600064.SH,12.18,12.19,11.87,12.1,11.91,0.19,1.6,101048.84,121834.882,1.9575,0.64,12.005,94585.31,11.9733,102623.8367,12.0475,127927.13,12.08,142656.692,11.94,143953.015,11.76,136712.627,11.512,130715.6033,11.1325,107589.206
1787,20120427,600064.SH,11.85,12.27,11.81,11.91,11.91,0.0,0.0,88121.78,106186.953,1.7071,0.5,11.91,103411.335,12.03,136886.56,12.075,153058.655,12.046,157117.334,11.8312,142860.9763,11.707,141328.063,11.384,126876.7187,11.0275,106643.953
1788,20120426,600064.SH,12.32,12.35,11.81,11.91,12.27,-0.36,-2.93,118700.89,142996.253,2.2994,0.7,12.09,161268.95,12.13,174704.28,12.08,174366.2225,12.054,174996.952,11.6987,147244.4563,11.635,144004.58,11.2727,123749.3593,10.94,104014.104
1789,20120425,600064.SH,12.1,12.64,12.02,12.27,12.21,0.06,0.49,203837.01,252085.001,3.9487,1.39,12.24,202705.975,12.1367,192921.3333,12.09,189070.9675,11.92,168750.522,11.6562,150807.245,11.578,151774.683,11.152,117798.4827,10.848,98843.0155
1790,20120424,600064.SH,11.82,12.39,11.58,12.21,11.93,0.28,2.35,201574.94,241860.168,3.9048,1.54,12.07,187463.495,12.03,184148.9533,11.8325,159978.9,11.712,146445.626,11.5212,139688.4875,11.417,141505.62,10.984,105555.9453,10.738,90619.0215
1791,20120423,600064.SH,11.98,12.26,11.62,11.93,11.95,-0.02,-0.17,173352.05,207408.56,3.3581,1.38,11.94,175435.96,11.7067,146113.5533,11.5875,132663.2975,11.44,130768.562,11.4125,139041.86,11.228,124745.059,10.8167,95900.044,10.6415,82256.241
1792,20120420,600064.SH,11.24,12.08,11.23,11.95,11.24,0.71,6.32,177519.87,209205.802,3.4388,1.57,11.595,132494.305,11.4733,119100.38,11.3175,120122.69,11.368,125538.792,11.2537,130016.1513,11.053,111756.411,10.688,89819.4927,10.559,75102.2845
1793,20120419,600064.SH,11.15,11.53,11.05,11.24,11.23,0.01,0.09,87468.74,98963.854,1.6944,0.65,11.235,89890.635,11.1067,100990.2967,11.2225,112543.5225,11.216,113012.208,11.05,112072.3338,10.882,98125.563,10.5687,80353.1547,10.473,70254.5185
1794,20120418,600064.SH,10.98,11.35,10.82,11.23,10.85,0.38,3.5,92312.53,102874.15,1.7882,0.68,11.04,107751.075,11.2167,120901.7833,11.21,119398.075,11.236,134798.844,10.9175,106571.9375,10.768,92322.463,10.4907,75540.5133,10.44,67577.0175
1795,20120417,600064.SH,11.47,11.62,10.83,10.85,11.57,-0.72,-6.22,123189.62,138085.215,2.3864,1.04,11.21,135196.41,11.2033,128426.59,11.2375,145420.4225,11.122,136565.614,10.7937,100184.295,10.62,85111.105,10.4133,72010.1533,10.405,64828.6715
1796,20120416,600064.SH,11.1,11.67,11.0,11.57,11.19,0.38,3.4,147203.2,168047.675,2.8516,1.5,11.38,131045.075,11.3667,152830.69,11.19,139909.6125,11.016,118721.556,10.7,88465.31,10.505,78465.785,10.3753,66085.4673,10.38,60734.3375
1797,20120413,600064.SH,11.22,11.4,11.07,11.19,11.34,-0.15,-1.32,114886.95,129316.598,2.2255,1.38,11.265,155644.435,11.0633,137478.4167,10.8775,111601.145,10.738,97974.03,10.4725,72589.7788,10.348,71959.843,10.2893,58290.1153,10.3305,58075.4855
1798,20120412,600064.SH,10.73,11.56,10.56,11.34,10.66,0.68,6.38,196401.92,218376.726,3.8046,3.94,11.0,148774.15,10.7733,110505.8767,10.625,93745.8,10.548,83238.918,10.2862,65320.9625,10.245,64023.628,10.2253,56001.9553,10.334,53651.942
1799,20120411,600064.SH,10.16,10.72,10.16,10.66,10.32,0.34,3.29,101146.38,106673.982,1.9594,3.01,10.49,67557.855,10.3867,59527.0933,10.35,54948.1675,10.3,49846.082,10.1187,51038.695,10.118,45911.348,10.1747,45169.742,10.325,46095.0075
1800,20120410,600064.SH,10.2,10.34,9.94,10.32,10.18,0.14,1.38,33969.33,34476.117,0.658,0.89,10.25,38717.45,10.2467,39548.7633,10.21,37021.0075,10.118,33656.596,10.0562,42835.9975,10.059,39732.423,10.166,40916.3573,10.351,43491.0055
1801,20120409,600064.SH,10.21,10.46,10.12,10.18,10.24,-0.06,-0.59,43465.57,44862.323,0.842,0.95,10.21,42338.48,10.1733,38038.2333,10.0675,33578.4125,9.994,38210.014,10.025,40499.7213,10.055,39767.423,10.168,41405.2647,10.395,46212.574
1802,20120406,600064.SH,10.13,10.27,10.11,10.24,10.1,0.14,1.39,41211.39,41996.069,0.7983,0.92,10.17,35324.565,10.03,30282.6933,9.9475,36896.125,9.958,45945.656,10.0112,39986.1663,10.065,38448.158,10.1947,44775.9707,10.4255,45383.3305
1803,20120405,600064.SH,9.8,10.13,9.73,10.1,9.75,0.35,3.59,29437.74,29417.127,0.5703,0.7,9.925,24818.345,9.85,35457.7033,9.8875,47129.2225,9.942,44808.338,10.0162,39124.6588,10.064,42383.474,10.2627,43789.6167,10.4545,45440.1335
1804,20120330,600064.SH,9.73,9.8,9.66,9.75,9.7,0.05,0.52,20198.95,19624.85,0.3913,0.44,9.725,38467.685,9.8167,53026.3833,9.9025,48650.9875,9.936,41976.614,10.0387,39229.0563,10.112,42831.572,10.3333,44844.6493,10.4965,45834.7
1805,20120329,600064.SH,9.78,10.1,9.46,9.7,10.0,-0.3,-3.0,56736.42,55129.318,1.0991,1.37,9.85,69440.1,9.9533,58135.0,9.9825,47421.03,10.0,45808.25,10.0987,46774.7563,10.19,44546.238,10.4287,46769.142,10.559,47958.601
1806,20120328,600064.SH,10.18,10.43,9.96,10.0,10.16,-0.16,-1.57,82143.78,84374.544,1.5913,2.65,10.08,58834.29,10.0767,44315.9,10.075,43076.2075,10.116,41324.832,10.2087,43922.5438,10.255,43002.89,10.5287,48880.094,10.6055,46524.55
1807,20120327,600064.SH,10.1,10.29,10.07,10.16,10.07,0.09,0.89,35524.8,36141.612,0.6882,0.89,10.115,25401.96,10.1,30053.6833,10.145,31120.095,10.172,30950.66,10.275,38322.7725,10.313,44191.128,10.5813,45195.8887,10.6315,45787.7775
1808,20120326,600064.SH,10.03,10.16,9.99,10.07,10.07,0.0,0.0,15279.12,15359.449,0.296,0.35,10.07,27318.125,10.14,29651.86,10.175,29807.125,10.186,39958.61,10.2987,39045.04,10.423,43280.256,10.6253,45650.732,10.6665,46322.9165
1809,20120323,600064.SH,10.27,10.29,9.98,10.07,10.28,-0.21,-2.04,39357.13,39773.017,0.7624,0.91,10.175,36838.23,10.21,34649.7933,10.215,46128.4825,10.288,43686.53,10.3625,48888.42,10.532,46278.667,10.6833,47120.7287,10.7035,50805.534
1810,20120322,600064.SH,10.28,10.42,10.21,10.28,10.28,0.0,0.0,34319.33,35394.321,0.6648,0.77,10.28,32296.125,10.2633,48385.6,10.3425,44768.88,10.38,43284.226,10.5112,47270.7888,10.643,47249.588,10.7453,48675.3847,10.7435,55344.2565
1811,20120321,600064.SH,10.23,10.4,10.17,10.28,10.23,0.05,0.49,30272.92,31150.446,0.5864,0.53,10.255,55418.735,10.3633,48252.0633,10.405,45525.45,10.394,44680.948,10.6212,48638.7763,10.735,52657.725,10.7687,48257.7893,10.748,55151.539
1812,20120320,600064.SH,10.55,10.56,10.19,10.23,10.58,-0.35,-3.31,80564.55,83075.638,1.5607,1.73,10.405,57241.635,10.4467,50609.6267,10.4225,48282.955,10.454,57431.596,10.7337,50987.9538,10.786,52318.503,10.7847,50733.4833,10.7545,57490.8315
1813,20120319,600064.SH,10.51,10.62,10.41,10.58,10.53,0.05,0.47,33918.72,35696.193,0.6571,0.69,10.555,35632.165,10.4867,37522.4233,10.51,51648.3575,10.66,46601.902,10.855,51967.4725,10.845,48496.793,10.8267,48444.352,10.753,55195.4665
1814,20120316,600064.SH,10.38,10.55,10.34,10.53,10.35,0.18,1.74,37345.61,39059.32,0.7234,0.73,10.44,39324.275,10.4867,57558.2367,10.68,49772.6975,10.776,48870.804,10.8812,51087.72,10.881,48837.828,10.842,53178.5353,10.7295,54944.0745
1815,20120315,600064.SH,10.62,10.67,10.31,10.35,10.58,-0.23,-2.17,41302.94,43165.718,0.8001,0.68,10.465,67664.55,10.73,53915.06,10.8375,51752.1025,10.906,51214.95,10.9175,51712.95,10.928,51370.964,10.8647,59364.2667,10.707,54362.3465
1816,20120314,600064.SH,11.32,11.4,10.53,10.58,11.26,-0.68,-6.04,94026.16,103595.711,1.8214,1.99,10.92,60221.12,11.0,55235.1567,11.045,53692.9525,11.076,60634.502,10.9912,51216.2163,10.956,50046.21,10.866,58641.736,10.6935,53731.6605
1817,20120313,600064.SH,11.18,11.27,11.1,11.26,11.16,0.1,0.9,26416.08,29564.293,0.5117,0.52,11.21,35839.655,11.2,40248.55,11.2,52286.5875,11.118,47205.41,11.0437,47297.5675,10.95,47384.427,10.8547,57510.5767,10.6695,50648.4735
1818,20120312,600064.SH,11.2,11.3,11.03,11.16,11.18,-0.02,-0.18,45263.23,50533.529,0.8768,0.93,11.17,47164.785,11.18,60910.09,11.0825,52402.7425,11.03,50391.684,10.965,47502.4825,10.91,49365.577,10.784,58059.988,10.6075,50310.46
1819,20120309,600064.SH,11.25,11.35,11.1,11.18,11.2,-0.02,-0.18,49066.34,55047.1,0.9505,0.95,11.19,68733.52,11.0567,54782.58,10.9975,51673.7975,10.986,48804.852,10.885,50270.62,10.875,55332.401,10.714,56968.498,10.55,49658.367
1820,20120308,600064.SH,10.83,11.32,10.83,11.2,10.79,0.41,3.8,88400.7,98590.437,1.7125,2.24,10.995,57640.7,10.9367,52542.95,10.9375,48739.48,10.95,51526.978,10.845,49915.775,10.844,63438.925,10.6407,55411.4787,10.4955,49460.7375
1821,20120307,600064.SH,10.72,10.91,10.61,10.79,10.82,-0.03,-0.28,26880.7,28986.106,0.5207,0.57,10.805,34614.075,10.85,35519.0733,10.8875,42308.5475,10.836,39457.918,10.7962,51982.1213,10.761,57645.353,10.566,51430.7133,10.439,47562.248
1822,20120306,600064.SH,10.94,11.05,10.78,10.82,10.94,-0.12,-1.1,42347.45,46082.466,0.8203,0.88,10.88,39838.26,10.92,47451.1633,10.8475,42602.2225,10.782,47563.444,10.8062,64888.4813,10.723,62663.16,10.52,51796.1613,10.385,48158.7315
1823,20120305,600064.SH,11.0,11.15,10.87,10.94,11.0,-0.06,-0.55,37329.07,40964.442,0.7231,0.6,10.97,50003.02,10.8567,42687.1467,10.7725,48867.4425,10.79,48339.47,10.75,63403.1725,10.661,61894.14,10.4667,50283.3853,10.3465,47845.402
1824,20120302,600064.SH,10.61,11.05,10.59,11.0,10.63,0.37,3.48,62676.97,68314.362,1.2142,0.83,10.815,45366.185,10.7167,52713.5667,10.7525,51092.07,10.764,61859.95,10.6837,68369.385,10.578,61050.321,10.4047,49942.872,10.3035,47342.868
1825,20120301,600064.SH,10.46,10.7,10.46,10.63,10.52,0.11,1.05,28055.4,29696.727,0.5435,0.37,10.575,47731.865,10.67,47230.4367,10.705,61655.695,10.738,75350.872,10.5837,64866.92,10.486,57353.729,10.344,48771.9907,10.252,45081.1975
1826,20120229,600064.SH,10.73,10.73,10.47,10.52,10.86,-0.34,-3.13,67408.33,71358.934,1.3058,0.87,10.69,56817.955,10.73,72855.7933,10.765,87174.74,10.686,75832.788,10.5187,64971.355,10.431,57417.111,10.3067,50263.6913,10.21,44726.2025
1827,20120228,600064.SH,10.78,10.95,10.7,10.86,10.81,0.05,0.46,46227.58,49967.639,0.8955,0.61,10.835,75579.525,10.8467,93763.5433,10.7275,77938.9025,10.664,77762.876,10.4637,59759.195,10.389,53912.52,10.2527,48357.1607,10.177,42263.6875
1828,20120227,600064.SH,10.89,11.1,10.8,10.81,10.87,-0.06,-0.55,104931.47,114732.969,2.0327,1.74,10.84,117531.525,10.6833,88509.3433,10.615,85646.7,10.532,75448.81,10.3662,57566.9,10.305,51255.343,10.1987,47680.7127,10.1235,41536.4285
1829,20120224,600064.SH,10.4,10.95,10.33,10.87,10.37,0.5,4.82,130131.58,139457.701,2.5209,3.31,10.62,80298.28,10.55,79218.4433,10.4625,68078.145,10.392,60240.692,10.2775,48495.7688,10.225,43984.333,10.15,42503.8407,10.081,38732.6275
1830,20120223,600064.SH,10.42,10.46,10.26,10.37,10.41,-0.04,-0.38,30464.98,31593.001,0.5902,0.78,10.39,53761.875,10.3267,47393.6667,10.2725,42767.97,10.234,39356.586,10.1712,34686.2975,10.147,35482.55,10.09,34991.306,10.02,33626.869
1831,20120222,600064.SH,10.2,10.45,10.16,10.41,10.2,0.21,2.06,77058.77,79828.004,1.4928,2.56,10.305,55858.01,10.24,46868.9667,10.2,41579.4875,10.176,39001.434,10.1262,34905.8463,10.117,37479.143,10.0513,34357.3407,9.975,33438.792
1832,20120221,600064.SH,10.15,10.2,9.93,10.2,10.11,0.09,0.89,34657.25,34937.8,0.6714,1.28,10.155,31774.065,10.13,29753.06,10.1175,29487.1,10.114,30062.164,10.0862,30912.7188,10.047,33654.303,10.0147,30430.6247,9.9355,31060.316
1833,20120220,600064.SH,10.22,10.23,10.08,10.11,10.08,0.03,0.3,28890.88,29359.32,0.5597,1.04,10.095,27300.965,10.09,27763.7167,10.0925,28913.3925,10.078,27061.876,10.07,32884.4263,10.032,33796.664,9.9873,30232.3013,9.887,30137.9615
1834,20120217,600064.SH,10.12,10.17,9.98,10.08,10.08,0.0,0.0,25711.05,25871.23,0.4981,0.81,10.08,27200.135,10.0867,28920.8967,10.07,26604.625,10.058,27727.974,10.02,34124.3625,10.029,33635.415,9.9773,31563.2727,9.845,29997.428
1835,20120216,600064.SH,10.09,10.22,10.01,10.08,10.1,-0.02,-0.2,28689.22,29020.783,0.5558,0.8,10.09,30525.82,10.0667,26902.4833,10.0525,28232.205,10.06,31608.514,10.0162,35420.5888,10.018,32808.666,9.9487,31716.9633,9.8135,30537.818
1836,20120215,600064.SH,9.98,10.17,9.93,10.1,10.02,0.08,0.8,32362.42,32641.611,0.6269,0.87,10.06,26009.115,10.0433,28079.8667,10.055,32338.3375,10.058,35956.852,10.0162,35244.235,9.989,32035.294,9.908,31584.578,9.7865,31319.1985
1837,20120214,600064.SH,9.98,10.04,9.9,10.02,10.01,0.01,0.1,19655.81,19567.416,0.3808,0.48,10.015,25938.59,10.04,32330.31,10.0475,36855.46,9.98,37246.442,10.0,33379.3775,9.965,30614.855,9.876,31393.0333,9.753,32031.611
1838,20120213,600064.SH,9.95,10.06,9.87,10.01,10.09,-0.08,-0.79,32221.37,32101.672,0.6242,0.81,10.05,38667.56,10.0567,42588.6767,9.97,41644.1,9.986,40531.452,9.9712,33541.8388,9.942,31817.514,9.8233,31163.3233,9.709,32324.7435
1839,20120210,600064.SH,10.06,10.24,10.01,10.09,10.07,0.02,0.2,45113.75,45740.255,0.8739,1.33,10.08,47772.33,9.9567,44785.01,9.98,42608.9725,10.0,39542.856,9.9525,31783.9213,9.937,33480.922,9.774,30753.9127,9.65,31380.532
1840,20120209,600064.SH,9.99,10.14,9.96,10.07,9.71,0.36,3.71,50430.91,50628.713,0.9769,1.79,9.89,44620.64,9.9433,41774.0467,9.9775,38150.1325,9.976,34008.818,9.915,30105.0025,9.893,31771.188,9.7313,30180.9193,9.585,30051.477
1841,20120207,600064.SH,9.99,9.99,9.67,9.71,10.05,-0.34,-3.38,38810.37,37988.483,0.7518,1.62,9.88,37445.615,9.9467,34056.54,9.9525,29903.295,9.92,28113.736,9.9012,29908.07,9.833,29398.441,9.696,29773.314,9.523,28499.565
1842,20120206,600064.SH,10.1,10.26,9.99,10.05,10.08,-0.03,-0.3,36080.86,36451.318,0.6989,1.56,10.065,31679.625,10.0333,26934.27,9.9725,25439.5775,9.95,23983.268,9.8937,28558.825,9.824,28466.329,9.6773,30293.334,9.489,27462.6735
1843,20120203,600064.SH,10.0,10.16,9.95,10.08,9.97,0.11,1.1,27278.39,27491.411,0.5284,0.99,10.025,22360.975,9.9467,21892.4833,9.925,20958.87,9.898,23103.576,9.8212,27386.6475,9.742,26479.259,9.6167,29589.174,9.426,26654.4185
1844,20120202,600064.SH,9.82,9.97,9.74,9.97,9.79,0.18,1.84,17443.56,17226.286,0.3379,0.59,9.88,19199.53,9.8733,18852.3633,9.8525,22059.8725,9.874,27418.988,9.7637,27663.005,9.661,26359.441,9.5333,28659.7573,9.37,26226.4455
1845,20120201,600064.SH,9.79,9.95,9.77,9.79,9.86,-0.07,-0.71,20955.5,20662.548,0.4059,0.68,9.825,19556.765,9.8133,23598.6433,9.85,29912.845,9.81,29533.558,9.6712,27508.83,9.609,28266.97,9.4547,28732.3633,9.3225,26007.188
1846,20120131,600064.SH,9.84,9.89,9.75,9.86,9.79,0.07,0.72,18158.03,17812.275,0.3518,0.55,9.825,24920.215,9.87,32898.6267,9.815,31678.0725,9.746,30683.146,9.6062,28149.4188,9.584,30603.103,9.3907,28628.1747,9.2915,26026.2515
1847,20120130,600064.SH,10.0,10.01,9.75,9.79,9.96,-0.17,-1.71,31682.4,31451.603,0.6137,1.06,9.875,40268.925,9.8,36184.7533,9.7175,33814.425,9.698,32949.39,9.555,30444.5213,9.541,33448.367,9.3353,28622.4753,9.261,26626.101
1848,20120120,600064.SH,9.62,10.01,9.62,9.96,9.65,0.31,3.21,48855.45,48271.333,0.9464,1.93,9.805,38435.93,9.6933,34525.1,9.675,33266.1375,9.586,29854.942,9.5237,32023.825,9.476,32831.973,9.2687,27838.0327,9.2295,26121.8115
1849,20120119,600064.SH,9.55,9.66,9.33,9.65,9.47,0.18,1.9,28016.41,26787.037,0.5427,1.04,9.56,27359.925,9.58,28069.7,9.4925,25104.815,9.448,25299.894,9.4575,31743.2275,9.363,29280.142,9.202,25828.9313,9.1885,24193.917
1850,20120118,600064.SH,9.59,9.74,9.45,9.47,9.62,-0.15,-1.56,26703.44,25687.692,0.5173,0.87,9.545,28096.345,9.44,24134.2833,9.3975,24620.765,9.408,27000.382,9.3937,31430.9838,9.277,28331.766,9.16,24831.7313,9.174,23362.3045
1851,20120117,600064.SH,9.28,9.63,9.21,9.62,9.23,0.39,4.23,29489.25,27955.094,0.5713,0.87,9.425,22849.705,9.3733,23926.54,9.3925,27074.6175,9.422,30523.06,9.3137,29760.1963,9.213,27600.689,9.14,24473.9533,9.1675,22519.205
1852,20120116,600064.SH,9.25,9.39,9.21,9.23,9.27,-0.04,-0.43,16210.16,15096.238,0.314,0.45,9.25,21145.185,9.3167,26269.74,9.3725,30781.5125,9.384,33947.344,9.21,28390.6213,9.154,26459.018,9.1153,24518.338,9.156,21584.3755
1853,20120113,600064.SH,9.44,9.49,9.25,9.27,9.45,-0.18,-1.9,26080.21,24314.013,0.5052,0.78,9.36,31299.53,9.42,35638.63,9.4225,38381.64,9.366,35809.004,9.16,28788.435,9.11,26829.578,9.1107,24877.4347,9.1545,21874.0945
1854,20120112,600064.SH,9.53,9.75,9.43,9.45,9.54,-0.09,-0.94,36518.85,35024.997,0.7074,1.23,9.495,40417.84,9.4733,42482.1167,9.39,38241.2025,9.278,33260.39,9.13,27787.4763,9.079,26093.45,9.102,23825.258,9.1675,21142.174
1855,20120111,600064.SH,9.47,9.64,9.43,9.54,9.43,0.11,1.17,44316.83,42229.463,0.8585,1.8,9.485,45463.75,9.37,38815.32,9.235,32445.775,9.146,29663.15,9.0475,25712.09,9.036,23747.406,9.096,22149.612,9.1795,20145.556
1856,20120110,600064.SH,9.13,9.45,9.08,9.43,9.14,0.29,3.17,46610.67,43436.019,0.9029,2.46,9.285,36064.565,9.1333,28488.7567,9.0475,25999.73,9.004,24678.318,8.975,22512.3525,8.999,21449.4,9.0827,19851.2533,9.2,18489.667
1857,20120109,600064.SH,8.91,9.16,8.84,9.14,8.83,0.31,3.51,25518.46,23017.415,0.4943,1.43,8.985,19427.8,8.92,19129.4167,8.8975,19195.23,8.924,18970.692,8.9237,18318.32,8.981,19803.835,9.08,17463.386,9.2335,17004.763
1858,20120106,600064.SH,8.8,8.88,8.7,8.83,8.79,0.04,0.46,13337.14,11691.076,0.2584,0.7,8.81,15934.895,8.8167,17087.4867,8.87,17333.75,8.854,17850.152,8.9275,17795.6088,8.983,19411.65,9.084,17229.1247,9.2825,16331.5295
1859,20120105,600064.SH,8.82,8.96,8.71,8.79,8.83,-0.04,-0.45,18532.65,16352.79,0.359,1.04,8.81,18962.66,8.8833,18665.9533,8.86,18978.405,8.88,18926.51,8.98,19897.8438,9.014,19107.692,9.1307,17102.7687,9.346,16120.0265
1860,20120104,600064.SH,9.08,9.15,8.83,8.83,9.03,-0.2,-2.21,19392.67,17413.945,0.3757,1.06,8.93,18732.605,8.8833,19126.99,8.9025,19024.975,8.926,17831.662,9.0262,20280.8388,9.071,18392.843,9.1907,16973.0247,9.41,15711.7635
1861,20111230,600064.SH,8.83,9.05,8.81,9.03,8.79,0.24,2.73,18072.54,16154.165,0.3501,0.88,8.91,18994.15,8.9267,18902.41,8.95,17441.41,8.994,18220.482,9.065,19143.95,9.122,17437.721,9.2653,16426.7833,9.468,15615.8895
1862,20111229,600064.SH,8.95,8.98,8.78,8.79,8.96,-0.17,-1.9,19915.76,17623.041,0.3858,0.95,8.875,19317.345,8.9233,17231.0333,8.985,18257.4675,9.038,20636.978,9.1062,18307.9025,9.158,16709.733,9.3367,16349.4533,9.527,15532.7635
1863,20111228,600064.SH,8.99,8.99,8.73,8.96,9.02,-0.06,-0.67,18718.93,16589.271,0.3626,0.97,8.99,15888.67,9.05,17704.7033,9.1,20817.2825,9.112,20973.148,9.175,17048.6138,9.199,16918.611,9.4253,15825.322,9.6075,15729.933
1864,20111227,600064.SH,9.15,9.27,9.01,9.02,9.17,-0.15,-1.64,13058.41,11890.191,0.253,0.69,9.095,17197.59,9.1467,21516.7333,9.15,21536.7025,9.148,19288.874,9.2287,16057.83,9.256,16190.898,9.5013,15184.532,9.664,15677.176
1865,20111226,600064.SH,9.3,9.3,9.1,9.17,9.25,-0.08,-0.86,21336.77,19544.611,0.4133,1.28,9.21,25745.895,9.1933,24362.8,9.18,20846.49,9.216,18954.024,9.2512,17176.0963,9.323,16543.706,9.5713,15005.1307,9.7395,15772.9045
1866,20111223,600064.SH,9.16,9.41,9.11,9.25,9.16,0.09,0.98,30155.02,27916.017,0.5842,2.36,9.205,25875.815,9.1833,20683.0633,9.2275,18358.3375,9.25,16654.96,9.2962,15939.225,9.401,15529.934,9.626,14747.692,9.801,15410.2605
1867,20111222,600064.SH,9.16,9.31,9.07,9.16,9.14,0.02,0.22,21596.61,19866.739,0.4184,1.68,9.15,15947.085,9.22,14426.11,9.25,13279.945,9.278,12782.488,9.3512,14243.1588,9.486,14205.691,9.69,13831.3587,9.8515,14523.127
1868,20111221,600064.SH,9.43,9.46,9.13,9.14,9.36,-0.22,-2.35,10297.56,9591.916,0.1995,0.79,9.25,10840.86,9.28,10507.7233,9.3075,10578.9575,9.286,12864.074,9.45,12943.4638,9.582,13251.409,9.7727,13982.1947,9.9145,14049.433
1869,20111220,600064.SH,9.38,9.52,9.31,9.36,9.34,0.02,0.21,11384.16,10715.308,0.2205,0.81,9.35,10612.805,9.3633,10672.7567,9.3225,13505.7025,9.364,13092.922,9.57,13770.3425,9.678,13132.361,9.836,14473.2767,9.975,14042.742
1870,20111219,600064.SH,9.34,9.54,9.13,9.34,9.39,-0.05,-0.53,9841.45,9146.104,0.1906,0.68,9.365,10317.055,9.31,14212.8833,9.365,13520.1125,9.43,14133.388,9.665,13854.0463,9.749,13030.684,9.914,14712.5313,10.0295,13962.6735
1871,20111216,600064.SH,9.18,9.4,9.12,9.39,9.2,0.19,2.07,10792.66,9996.48,0.2091,0.69,9.295,16398.6,9.3733,14746.3333,9.4525,15206.3725,9.552,14404.908,9.76,13762.25,9.814,13794.058,9.9847,14995.3607,10.085,14106.025
1872,20111215,600064.SH,9.49,9.49,9.11,9.2,9.53,-0.33,-3.46,22004.54,20377.698,0.4263,1.61,9.365,16723.17,9.4733,16677.61,9.5925,15307.97,9.694,15628.894,9.845,13709.0913,9.896,14355.794,10.0427,15103.34,10.1355,14744.456
1873,20111214,600064.SH,9.68,9.77,9.42,9.53,9.69,-0.16,-1.65,11441.8,11012.634,0.2216,0.87,9.61,14014.145,9.7233,13075.78,9.8175,14034.9825,9.878,13638.744,9.9437,13142.9225,10.016,14541.255,10.124,14444.5527,10.217,14353.2285
1874,20111213,600064.SH,9.98,10.03,9.66,9.69,9.95,-0.26,-2.61,16586.49,16271.086,0.3213,1.39,9.82,13892.77,9.9133,14899.3767,9.965,14187.98,9.992,13171.8,10.0287,13763.95,10.072,15163.454,10.1787,14359.3487,10.283,15051.3435
1875,20111212,600064.SH,10.11,10.11,9.92,9.95,10.1,-0.15,-1.49,11199.05,11212.288,0.2169,0.85,10.025,14055.82,10.0567,13388.4767,10.0675,12318.1275,10.068,11927.98,10.1175,14673.0325,10.156,15002.103,10.2293,13905.7687,10.3565,15284.9375
1876,20111209,600064.SH,10.1,10.23,10.04,10.1,10.12,-0.02,-0.2,16912.59,17189.852,0.3276,1.29,10.11,14483.19,10.1067,12691.1533,10.0975,12110.2125,10.076,13183.208,10.135,15481.125,10.201,15290.587,10.2627,14006.3973,10.414,16516.8845
1877,20111208,600064.SH,10.1,10.22,9.99,10.12,10.1,0.02,0.2,12053.79,12207.24,0.2335,0.78,10.11,10580.435,10.0967,10509.42,10.07,12250.8625,10.098,13082.694,10.1887,15238.6738,10.217,14840.563,10.2827,14449.6433,10.453,16411.0175
1878,20111207,600064.SH,10.12,10.19,10.06,10.1,10.07,0.03,0.3,9107.08,9204.467,0.1764,0.53,10.085,9737.235,10.0533,12316.5533,10.0925,13339.92,10.154,15443.766,10.2237,15492.4363,10.247,14847.457,10.33,14591.39,10.4905,16924.857
1879,20111206,600064.SH,10.02,10.15,9.99,10.07,9.99,0.08,0.8,10367.39,10445.91,0.2008,0.57,10.03,13921.29,10.09,14750.8667,10.1675,17027.9375,10.152,17155.108,10.2437,15905.595,10.272,14953.123,10.38,15677.858,10.54,17458.056
1880,20111205,600064.SH,10.2,10.22,9.95,9.99,10.21,-0.22,-2.15,17475.19,17627.587,0.3385,1.0,10.1,16942.605,10.2,19248.12,10.1725,18852.0375,10.244,18076.226,10.2875,16125.0125,10.31,14894.663,10.4527,16403.9233,10.5835,18794.8335
1881,20111202,600064.SH,10.39,10.4,10.12,10.21,10.4,-0.19,-1.83,16410.02,16808.78,0.3179,0.99,10.305,20134.585,10.2333,19310.9867,10.3075,18226.485,10.326,17397.966,10.3325,15211.0813,10.356,14417.992,10.5267,17628.11,10.643,19781.399
1882,20111201,600064.SH,10.35,10.57,10.33,10.4,10.09,0.31,3.07,23859.15,24921.864,0.4622,1.67,10.245,20761.47,10.34,18831.9733,10.355,17644.9525,10.336,16598.432,10.3625,14382.6775,10.375,15133.118,10.5713,17520.4587,10.7015,21546.0945
1883,20111130,600064.SH,10.53,10.53,10.03,10.09,10.53,-0.44,-4.18,17663.79,18031.285,0.3422,1.39,10.31,16318.385,10.34,15573.5533,10.32,14783.2525,10.34,14251.148,10.3687,12988.8438,10.418,14165.202,10.6027,17418.554,10.7415,23229.5085
1884,20111129,600064.SH,10.46,10.55,10.39,10.53,10.4,0.13,1.25,14972.98,15693.477,0.2901,1.28,10.465,14528.435,10.3967,13823.0733,10.4025,13397.9875,10.392,12751.138,10.4075,13726.03,10.494,14939.233,10.6693,17559.0387,10.794,24260.876
1885,20111128,600064.SH,10.35,10.51,10.31,10.4,10.26,0.14,1.36,14083.89,14659.623,0.2728,1.23,10.33,13248.12,10.36,12872.99,10.3575,12195.6775,10.376,11713.1,10.445,13626.9063,10.557,15567.772,10.6967,19034.3693,10.8165,24767.8485
1886,20111125,600064.SH,10.39,10.45,10.22,10.26,10.42,-0.16,-1.54,12412.35,12839.646,0.2404,0.91,10.34,12267.54,10.3433,11566.2733,10.37,11120.4025,10.386,11438.018,10.5012,15041.9325,10.627,17743.182,10.7487,20575.8767,10.8495,25518.4595
1887,20111124,600064.SH,10.34,10.49,10.21,10.42,10.35,0.07,0.68,12122.73,12544.881,0.2348,0.86,10.385,11143.235,10.4067,10689.7533,10.4175,11194.435,10.414,13667.804,10.6137,16147.685,10.689,17981.472,10.8233,23195.3153,10.8925,26926.821
1888,20111123,600064.SH,10.45,10.49,10.33,10.35,10.45,-0.1,-0.96,10163.74,10562.794,0.1969,0.59,10.4,9973.265,10.4167,10885.0033,10.4125,14054.0725,10.496,14079.256,10.6987,19112.0925,10.734,19002.257,10.8753,26222.2953,10.915,27987.904
1889,20111122,600064.SH,10.42,10.5,10.32,10.45,10.45,0.0,0.0,9782.79,10188.584,0.1895,0.5,10.45,11245.635,10.4333,15350.85,10.5325,15058.135,10.596,17127.328,10.765,19691.0313,10.808,19962.989,10.928,28097.4553,10.944,29609.8765
1890,20111121,600064.SH,10.41,10.51,10.38,10.45,10.4,0.05,0.48,12708.48,13254.297,0.2462,0.53,10.425,18134.88,10.56,16816.5833,10.6325,18963.4625,10.738,19422.444,10.8175,21259.505,10.857,22695.004,10.9633,29119.4313,10.971,30487.963
1891,20111118,600064.SH,10.72,10.82,10.35,10.4,10.83,-0.43,-3.97,23561.28,24837.698,0.4564,1.06,10.615,18870.635,10.6933,21048.4567,10.81,21100.935,10.868,24048.346,10.8975,22142.3275,10.93,25144.806,11.004,30211.94,10.982,30709.892
1892,20111117,600064.SH,10.8,11.05,10.8,10.83,10.85,-0.02,-0.18,14179.99,15464.234,0.2747,0.59,10.84,19792.045,10.9467,20280.82,10.985,24170.1125,10.964,22295.14,10.965,23835.035,11.028,27959.071,11.052,31346.4933,10.9835,30064.6245
1893,20111116,600064.SH,11.16,11.16,10.8,10.85,11.16,-0.31,-2.78,25404.1,27813.284,0.4921,1.11,11.005,23331.235,11.0367,27500.1533,10.9975,24323.9275,10.972,23925.258,11.0087,26713.3488,11.065,32293.815,11.0547,32624.12,10.9615,30318.3845
1894,20111115,600064.SH,11.13,11.17,11.05,11.16,11.1,0.06,0.54,21258.37,23614.731,0.4118,0.82,11.13,28548.18,11.0467,23963.87,11.0025,23555.5475,11.02,22798.65,11.075,30000.8275,11.094,33582.519,11.06,33770.726,10.9555,29615.264
1895,20111114,600064.SH,10.97,11.15,10.94,11.1,10.88,0.22,2.02,35837.99,39631.531,0.6942,1.37,10.99,25316.62,10.95,24321.2733,10.985,23183.72,10.976,25967.564,11.08,34534.46,11.076,33967.925,11.0487,34176.4693,10.9305,29735.785
1896,20111111,600064.SH,10.88,11.05,10.83,10.88,10.87,0.01,0.09,14795.25,16158.355,0.2866,0.44,10.875,18562.915,10.9467,18965.63,10.945,23499.9575,10.992,26241.266,11.085,34841.1038,11.072,33293.737,11.02,32930.4073,10.922,29298.4455
1897,20111110,600064.SH,10.97,11.07,10.86,10.87,11.09,-0.22,-1.98,22330.58,24457.99,0.4326,0.55,10.98,21050.82,10.9667,26401.5267,11.02,29102.77,11.092,33623.002,11.0975,36130.7513,11.096,35872.17,10.99,32654.4527,10.928,29977.996
1898,20111109,600064.SH,10.92,11.1,10.92,11.09,10.94,0.15,1.37,19771.06,21786.971,0.383,0.45,11.015,28437.0,11.07,31360.1667,11.1475,36446.1075,11.158,40662.372,11.1212,36976.4425,11.096,36973.551,10.958,32449.4267,10.928,30291.2405
1899,20111108,600064.SH,11.19,11.23,10.9,10.94,11.18,-0.24,-2.15,37102.94,40981.039,0.7187,0.88,11.06,37154.72,11.1667,42004.4567,11.175,45885.2,11.168,44366.388,11.125,39577.5075,11.08,39256.764,10.934,31887.4687,10.9165,31387.8785
1900,20111107,600064.SH,11.3,11.42,11.12,11.18,11.38,-0.2,-1.76,37206.5,41856.151,0.7208,0.92,11.28,44455.215,11.2533,48812.62,11.225,46182.25,11.176,41968.286,11.1162,39107.6888,11.085,38280.922,10.9153,30991.8587,10.8865,30639.1445
1901,20111104,600064.SH,11.26,11.48,11.21,11.38,11.2,0.18,1.61,51703.93,58636.11,1.0016,1.36,11.29,54615.68,11.24,49174.1667,11.175,43158.7325,11.152,40346.208,11.085,39782.275,11.034,36274.978,10.8987,30317.5053,10.8475,29560.88
1902,20111103,600064.SH,11.15,11.29,11.12,11.2,11.14,0.06,0.54,57527.43,64535.779,1.1144,1.73,11.17,47909.285,11.1067,40310.3333,11.095,37506.7775,11.1,38121.338,11.0362,36737.3488,10.939,32170.178,10.8733,28762.994,10.806,27623.101
1903,20111102,600064.SH,10.83,11.16,10.75,11.14,10.98,0.16,1.46,38291.14,41877.259,0.7418,1.12,11.06,31701.785,11.06,30833.2267,11.075,33269.815,11.034,33284.73,10.97,31689.8025,10.858,28342.954,10.8513,26834.1967,10.77,25654.3045
1904,20111101,600064.SH,10.99,11.15,10.92,10.98,11.06,-0.08,-0.72,25112.43,27668.219,0.4865,0.73,11.02,27104.27,11.0533,31596.04,11.0075,32033.1275,10.992,34147.14,10.8812,28235.4013,10.817,25648.009,10.8327,27061.7087,10.7495,24525.1075
1905,20111031,600064.SH,11.14,11.19,11.0,11.06,11.12,-0.06,-0.54,29096.11,32202.13,0.5636,0.9,11.09,34837.845,11.0167,34340.0267,10.995,36405.8175,10.994,34593.558,10.8075,27503.2463,10.785,25503.645,10.79,26862.764,10.7455,24024.144
1906,20111028,600064.SH,11.02,11.21,10.98,11.12,10.87,0.25,2.3,40579.58,45046.018,0.7861,1.55,10.995,36961.985,10.9733,38842.3867,10.9775,35967.92,10.916,32203.748,10.7662,25283.9438,10.772,25303.154,10.746,25965.7707,10.733,24350.9505
1907,20111027,600064.SH,10.94,11.06,10.85,10.87,10.93,-0.06,-0.55,33344.39,36494.85,0.6459,1.42,10.9,37973.79,10.93,34430.7,10.865,30109.79,10.778,26219.018,10.7087,23170.095,10.76,24083.822,10.708,24123.6887,10.7335,25648.724
1908,20111026,600064.SH,10.86,11.11,10.86,10.93,10.99,-0.06,-0.55,42603.19,46882.497,0.8253,2.48,10.96,34973.855,10.8633,29031.59,10.755,24437.675,10.682,23401.178,10.7162,22388.4463,10.76,23608.93,10.682,23110.8293,10.7645,27199.2185
1909,20111025,600064.SH,10.69,11.02,10.62,10.99,10.67,0.32,3.0,27344.52,29752.767,0.5297,1.67,10.83,22245.79,10.6967,18382.5033,10.62,18600.675,10.642,17148.878,10.725,20611.33,10.753,23518.993,10.6687,21317.7633,10.797,28303.4175
1910,20111024,600064.SH,10.48,10.73,10.3,10.67,10.43,0.24,2.3,17147.06,18091.691,0.3322,0.93,10.55,13901.495,10.4967,15686.06,10.555,14599.9675,10.576,16413.732,10.71,20767.6988,10.688,22997.367,10.6627,20501.006,10.802,27653.183
1911,20111021,600064.SH,10.4,10.58,10.33,10.43,10.39,0.04,0.39,10655.93,11118.623,0.2064,0.49,10.41,14955.56,10.5167,13750.9367,10.5525,16230.4,10.628,18402.56,10.7337,23837.2938,10.661,22846.782,10.672,21733.3513,10.818,27482.6105
1912,20111020,600064.SH,10.66,10.82,10.3,10.39,10.73,-0.34,-3.17,19255.19,20176.673,0.373,0.81,10.56,15298.44,10.5933,18088.5567,10.6775,20339.2175,10.742,21948.626,10.7225,25271.335,10.673,23076.024,10.7187,25458.626,10.862,27752.2335
1913,20111019,600064.SH,10.78,10.89,10.66,10.73,10.66,0.07,0.66,11341.69,12218.647,0.2197,0.38,10.695,17505.24,10.7733,20700.56,10.83,22621.985,10.838,23816.682,10.7237,24819.5875,10.682,22965.655,10.792,28465.232,10.912,28118.933
1914,20111018,600064.SH,10.82,10.92,10.64,10.66,10.93,-0.27,-2.47,23668.79,25481.508,0.4585,0.8,10.795,25379.995,10.8633,26382.0833,10.865,26935.43,10.864,29889.108,10.7012,25020.42,10.682,23402.206,10.8487,32021.5973,10.939,28043.22
1915,20111017,600064.SH,10.96,11.17,10.85,10.93,11.0,-0.07,-0.64,27091.2,29884.919,0.5248,0.99,10.965,27738.73,10.9333,28024.31,10.915,31444.1875,10.8,29581.002,10.6787,24330.7588,10.706,22544.643,10.8773,31399.6667,10.9635,27619.575
1916,20111014,600064.SH,10.85,11.02,10.69,11.0,10.87,0.13,1.2,28386.26,30776.204,0.5499,1.17,10.935,28490.865,10.91,32895.1833,10.7675,30203.4525,10.694,27291.004,10.6537,22907.7588,10.694,23398.747,10.8813,30509.294,10.983,27132.162
1917,20111013,600064.SH,10.83,10.91,10.7,10.87,10.86,0.01,0.09,28595.47,30982.385,0.5539,1.29,10.865,35149.645,10.69,30809.1833,10.6175,27017.19,10.604,24203.422,10.6412,21246.1213,10.707,27213.626,10.902,29686.7693,10.9975,26491.5695
1918,20111012,600064.SH,10.31,10.94,10.21,10.86,10.34,0.52,5.03,41703.82,44562.228,0.8079,2.47,10.6,31916.04,10.5333,26491.0967,10.5375,23105.41,10.526,22114.628,10.6337,22125.7175,10.769,30789.507,10.9367,29553.0167,11.024,26058.3435
1919,20111011,600064.SH,10.62,10.68,10.26,10.34,10.4,-0.06,-0.58,22128.26,23138.069,0.4287,1.43,10.37,18884.735,10.43,16905.94,10.4425,17217.33,10.5,16915.304,10.6675,25229.6213,10.841,33087.842,10.964,27427.924,11.04,24721.389
1920,20111010,600064.SH,10.55,10.63,10.36,10.4,10.55,-0.15,-1.42,15641.21,16342.076,0.303,0.8,10.475,14294.78,10.4767,15580.3533,10.54,15612.065,10.612,15508.284,10.8112,30507.8738,10.916,32308.999,11.018,26965.766,11.0855,24700.3565
1921,20110930,600064.SH,10.5,10.63,10.45,10.55,10.48,0.07,0.67,12948.35,13648.66,0.2508,0.43,10.515,15549.925,10.5867,15602.35,10.665,15475.0525,10.694,19506.49,10.9587,36638.6188,10.975,32118.439,11.0793,27079.2147,11.1415,25747.9835
1922,20110929,600064.SH,10.65,10.68,10.44,10.48,10.73,-0.25,-2.33,18151.5,19169.31,0.3516,0.46,10.605,16929.35,10.7033,16317.2867,10.73,21146.025,10.81,30223.83,11.0262,36812.5538,11.051,32428.443,11.1287,27254.2853,11.2015,26704.352
1923,20110928,600064.SH,10.99,11.0,10.72,10.73,10.9,-0.17,-1.56,15707.2,17056.317,0.3043,0.32,10.815,15400.18,10.8133,22144.2,10.8925,33241.9125,11.012,39464.386,11.09,36260.5675,11.142,33272.211,11.19,27372.9153,11.2725,27351.034
1924,20110927,600064.SH,10.92,10.97,10.81,10.9,10.81,0.09,0.83,15093.16,16447.147,0.2924,0.31,10.855,25362.7,10.9467,39086.8167,11.0825,45403.6825,11.182,49260.38,11.1625,36303.2163,11.196,32684.234,11.22,27323.4173,11.331,28502.553
1925,20110926,600064.SH,11.15,11.2,10.78,10.81,11.13,-0.32,-2.88,35632.24,39022.743,0.6903,0.8,10.97,51083.645,11.1433,55507.19,11.2525,57802.185,11.22,49109.714,11.2237,37740.2188,11.221,32694.507,11.2433,27764.3807,11.3895,29571.414
1926,20110923,600064.SH,11.38,11.5,11.1,11.13,11.49,-0.36,-3.13,66535.05,74679.26,1.2889,1.92,11.31,65444.665,11.4,65192.1667,11.3225,52479.0825,11.256,44730.388,11.2812,34514.6175,11.272,30865.577,11.2907,27828.4813,11.4675,29818.469
1927,20110922,600064.SH,11.64,11.68,11.33,11.49,11.58,-0.09,-0.78,64354.28,74175.77,1.2466,2.38,11.535,64520.725,11.3867,47793.76,11.2875,39279.2225,11.292,34633.056,11.2837,28097.2225,11.288,25769.513,11.332,25531.1927,11.532,29439.16
1928,20110921,600064.SH,11.06,11.68,11.0,11.58,11.09,0.49,4.42,64687.17,74241.93,1.2531,4.02,11.335,39513.5,11.22,30920.87,11.2425,27202.75,11.272,27080.036,11.2625,22220.805,11.279,21327.18,11.3593,23313.25,11.5595,27657.4235
1929,20110920,600064.SH,10.99,11.12,10.9,11.09,10.99,0.1,0.91,14339.83,15798.058,0.2778,0.88,11.04,14037.72,11.13,14707.9433,11.195,17678.2525,11.21,16108.088,11.2262,16081.71,11.239,16354.936,11.3807,21583.2773,11.585,25564.9215
1930,20110919,600064.SH,11.21,11.23,10.95,10.99,11.31,-0.32,-2.83,13735.61,15210.281,0.2661,0.81,11.15,14892.0,11.23,18791.06,11.24,16550.1525,11.222,16279.3,11.265,16780.6,11.255,17091.714,11.446,23058.6473,11.6245,25861.7485
1931,20110916,600064.SH,11.49,11.5,11.27,11.31,11.39,-0.08,-0.7,16048.39,18273.976,0.3109,0.95,11.35,21318.785,11.3233,17488.3333,11.28,16915.2225,11.288,17000.766,11.2887,16934.24,11.308,19377.528,11.538,24847.8293,11.671,26311.781
1932,20110915,600064.SH,11.27,11.52,11.27,11.39,11.27,0.12,1.06,26589.18,30396.122,0.5151,1.71,11.33,18208.305,11.27,17204.1667,11.2825,17238.86,11.284,16905.97,11.2812,17641.6425,11.352,20980.261,11.612,27707.8613,11.7105,26850.395
1933,20110914,600064.SH,11.2,11.28,11.07,11.27,11.15,0.12,1.08,9827.43,10986.034,0.1904,0.59,11.21,12511.66,11.2467,14122.0867,11.2575,14485.1675,11.286,15574.324,11.2975,18892.2138,11.403,21429.857,11.6553,27849.886,11.7565,27215.5475
1934,20110913,600064.SH,11.15,11.21,10.91,11.15,11.32,-0.17,-1.5,15195.89,16825.756,0.2944,0.85,11.235,16269.415,11.2533,16037.7467,11.29,17011.0475,11.268,16601.784,11.3575,21673.25,11.466,24320.872,11.71,28717.1993,11.821,28474.443
1935,20110909,600064.SH,11.25,11.52,11.25,11.32,11.29,0.03,0.27,17342.94,19713.465,0.336,0.8,11.305,16458.675,11.3367,17616.1,11.2975,16953.2575,11.288,17904.128,11.4512,23659.4063,11.558,26448.321,11.7587,29055.898,11.8855,30560.437
1936,20110908,600064.SH,11.47,11.47,11.27,11.29,11.4,-0.11,-0.96,15574.41,17713.571,0.3017,0.62,11.345,17752.68,11.29,16823.3633,11.28,18044.425,11.328,21754.29,11.5237,26333.7363,11.663,28771.361,11.7987,29415.4527,11.933,31773.1675
1937,20110907,600064.SH,11.24,11.42,11.24,11.4,11.18,0.22,1.97,19930.95,22584.752,0.3861,0.73,11.29,17447.84,11.2767,18867.7633,11.3375,23299.26,11.42,25054.552,11.6212,28945.7325,11.776,33108.807,11.8527,30165.2033,11.9725,33933.8335
1938,20110906,600064.SH,11.12,11.26,11.06,11.18,11.25,-0.07,-0.62,14964.73,16717.414,0.2899,0.47,11.215,18336.17,11.3167,24422.03,11.425,26335.4525,11.52,27285.39,11.7425,31526.0313,11.84,33987.667,11.9133,31095.9553,12.0005,36071.126
1939,20110905,600064.SH,11.45,11.45,11.1,11.25,11.52,-0.27,-2.34,21707.61,24533.695,0.4205,0.62,11.385,29150.68,11.5067,30125.6933,11.605,30365.555,11.664,32039.96,11.8975,37024.0488,11.931,34774.907,12.0053,32431.996,12.0545,37764.09
1940,20110902,600064.SH,11.75,11.77,11.48,11.52,11.75,-0.23,-1.96,36593.75,42319.858,0.7089,1.02,11.635,34334.735,11.7233,33251.5367,11.7675,34623.0475,11.828,34992.514,11.9962,37900.5413,11.994,34631.783,12.0847,34779.2067,12.152,38356.016
1941,20110901,600064.SH,11.9,11.98,11.7,11.75,11.9,-0.15,-1.26,32075.72,37863.404,0.6214,0.78,11.825,31580.43,11.85,33966.1467,11.905,34592.205,11.998,35788.432,12.0675,36180.9638,12.034,33246.034,12.1347,35112.7933,12.258,37733.4525
1942,20110831,600064.SH,11.9,11.98,11.7,11.9,11.9,0.0,0.0,31085.14,36746.346,0.6022,0.76,11.9,34911.36,11.9567,35431.0333,12.06,36716.61,12.132,41163.062,12.0837,34706.045,12.069,32720.529,12.1567,36893.594,12.355,38053.872
1943,20110830,600064.SH,12.18,12.24,11.87,11.9,12.07,-0.17,-1.41,38737.58,46750.893,0.7504,1.03,11.985,37603.98,12.1133,38593.7667,12.19,43682.5425,12.16,40689.944,12.0862,33662.435,12.11,33001.238,12.1607,38999.7047,12.452,39696.557
1944,20110829,600064.SH,12.3,12.3,12.0,12.07,12.37,-0.3,-2.43,36470.38,44157.475,0.7065,1.06,12.22,38521.86,12.2867,45330.8633,12.225,41178.035,12.198,37509.854,12.1112,32172.8213,12.176,32628.014,12.1847,39672.1333,12.5555,41552.6915
1945,20110826,600064.SH,12.42,12.43,12.2,12.37,12.42,-0.05,-0.4,40573.34,49988.086,0.786,1.32,12.395,49761.105,12.2767,42747.2533,12.23,37769.7225,12.16,34271.052,12.1412,31850.5525,12.213,34672.553,12.26,39477.1833,12.6425,42469.8775
1946,20110825,600064.SH,12.09,12.5,12.09,12.42,12.04,0.38,3.16,58948.87,72566.864,1.1419,2.43,12.23,43834.21,12.1833,36835.1833,12.1075,32695.48,12.07,30703.636,12.165,31154.5525,12.203,34774.974,12.3447,38381.7927,12.697,41509.293
1947,20110824,600064.SH,12.16,12.19,12.02,12.04,12.09,-0.05,-0.41,28719.55,34743.858,0.5563,1.13,12.065,25778.34,12.0033,23944.35,11.9825,23642.3275,12.006,24277.996,12.1675,30900.415,12.169,34758.86,12.4293,37017.4753,12.746,39404.4905
1948,20110823,600064.SH,11.91,12.1,11.91,12.09,11.88,0.21,1.77,22837.13,27481.165,0.4424,0.82,11.985,21556.75,11.9633,21949.92,11.9975,23167.6075,12.06,25312.532,12.1962,32510.165,12.161,38154.585,12.5493,39365.428,12.808,39003.338
1949,20110822,600064.SH,11.91,12.0,11.82,11.88,11.92,-0.04,-0.34,20276.37,24158.078,0.3928,0.58,11.9,21506.315,11.9667,23277.7667,12.0525,25931.3825,12.154,27746.174,12.195,37003.99,12.178,40753.273,12.6747,42900.304,12.8615,40206.103
1950,20110819,600064.SH,11.78,11.98,11.73,11.92,12.1,-0.18,-1.49,22736.26,26995.932,0.4404,0.59,12.01,24778.465,12.11,27816.3867,12.2225,29613.625,12.266,35074.054,12.205,42304.0438,12.31,42080.249,12.8033,45202.8193,12.9465,40325.132
1951,20110818,600064.SH,12.38,12.45,12.05,12.1,12.31,-0.21,-1.71,26820.67,32888.934,0.5196,0.59,12.205,30356.45,12.3233,31906.08,12.3525,38158.5025,12.336,38846.312,12.2475,45565.0125,12.482,42220.871,12.906,45111.1787,13.0305,40575.2795
1952,20110817,600064.SH,12.45,12.55,12.28,12.31,12.56,-0.25,-1.99,33892.23,41919.982,0.6565,0.66,12.435,34448.785,12.4367,41937.78,12.395,41852.7225,12.332,45239.724,12.385,46405.695,12.641,43387.215,12.9927,44446.6553,13.1205,40650.496
1953,20110815,600064.SH,12.41,12.61,12.38,12.56,12.44,0.12,0.96,35005.34,43726.687,0.6781,0.65,12.5,45960.555,12.4233,44506.22,12.3375,48076.5975,12.262,50996.638,12.5512,45186.9763,12.794,46391.876,13.0573,43566.94,13.196,40422.831
1954,20110812,600064.SH,12.35,12.62,12.29,12.44,12.27,0.17,1.39,56915.77,70712.248,1.1026,1.16,12.355,49256.66,12.2633,52433.6833,12.1875,54994.4625,12.202,53760.372,12.6925,45621.8225,12.935,50477.369,13.0973,44359.4127,13.2665,41638.924
1955,20110811,600064.SH,11.8,12.28,11.62,12.27,12.08,0.19,1.57,41597.55,50297.221,0.8058,0.91,12.175,50192.64,12.1033,54354.0267,12.1425,52971.5225,12.354,49086.444,12.8675,46499.7063,13.072,50267.202,13.1733,42075.4913,13.334,40408.9675
1956,20110810,600064.SH,12.25,12.26,12.0,12.08,11.96,0.12,1.0,58787.73,71323.7,1.1388,1.42,12.02,60732.265,12.1,56762.8467,12.375,50958.6675,12.628,45595.43,13.08,50782.5463,13.191,48243.612,13.262,41151.602,13.4065,39887.572
1957,20110809,600064.SH,11.97,12.15,11.56,11.96,12.26,-0.3,-2.45,62676.8,74724.745,1.2142,1.5,12.11,55750.405,12.4733,48348.98,12.765,42297.355,12.95,41534.706,13.2962,50285.8425,13.323,44050.121,13.3833,39120.7533,13.488,38307.222
1958,20110808,600064.SH,13.06,13.07,12.15,12.26,13.2,-0.94,-7.12,48824.01,61511.034,0.9458,1.03,12.73,41185.07,13.0333,35504.2067,13.1975,36249.1825,13.326,41787.114,13.4837,45121.4488,13.455,39852.091,13.5073,36898.2287,13.5655,37192.404
1959,20110805,600064.SH,13.29,13.29,13.02,13.2,13.64,-0.44,-3.23,33546.13,44259.505,0.6498,0.65,13.42,28844.305,13.51,32057.5733,13.5925,40027.89,13.668,47194.366,13.6262,41125.05,13.545,39658.933,13.6213,37598.4413,13.646,36271.342
1960,20110804,600064.SH,13.7,13.78,13.57,13.64,13.69,-0.05,-0.37,24142.48,33009.892,0.4677,0.47,13.665,31313.295,13.7233,42188.4767,13.785,50606.425,13.79,51447.96,13.6362,39518.8463,13.583,38570.015,13.6607,37516.4753,13.6825,37624.0325
1961,20110803,600064.SH,13.7,13.97,13.57,13.69,13.84,-0.15,-1.08,38484.11,52748.83,0.7455,0.83,13.765,51211.475,13.8333,59427.74,13.8275,58274.33,13.754,50891.794,13.5762,42362.59,13.579,38929.688,13.666,37984.9527,13.7035,38748.0155
1962,20110802,600064.SH,13.88,14.18,13.62,13.84,13.97,-0.13,-0.93,63938.84,88539.931,1.2386,1.69,13.905,69899.555,13.8733,64871.07,13.77,53993.715,13.696,46565.536,13.5625,40384.195,13.6,37913.777,13.6673,37231.394,13.725,38962.7835
1963,20110801,600064.SH,13.74,14.12,13.66,13.97,13.81,0.16,1.16,75860.27,105175.725,1.4695,2.36,13.89,65337.185,13.7467,50678.6733,13.66,42222.21,13.584,37917.068,13.5325,35859.2413,13.598,34453.786,13.6453,35660.834,13.7365,37126.8475
1964,20110729,600064.SH,13.43,13.87,13.37,13.81,13.46,0.35,2.6,54814.1,74848.364,1.0618,2.13,13.635,38087.875,13.5567,31009.5233,13.4875,28431.2675,13.422,32123.5,13.5237,29917.3325,13.598,32800.479,13.6387,32630.334,13.744,35893.5205
1965,20110728,600064.SH,13.3,13.47,13.23,13.46,13.4,0.06,0.45,21361.65,28471.594,0.4138,0.79,13.43,19107.235,13.38,19636.99,13.325,26450.85,13.376,25692.07,13.525,26732.9363,13.596,30550.733,13.6467,33016.0567,13.744,34713.9915
1966,20110727,600064.SH,13.23,13.43,13.15,13.4,13.28,0.12,0.9,16852.82,22484.439,0.3265,0.58,13.34,18774.66,13.28,28147.25,13.355,26774.675,13.404,26967.582,13.5887,31478.63,13.622,31531.532,13.6867,34700.0893,13.7635,35839.9165
1967,20110726,600064.SH,13.23,13.29,13.13,13.28,13.16,0.12,0.91,20696.5,27343.327,0.4009,0.67,13.22,33794.465,13.34,30081.96,13.405,29496.2725,13.504,29262.018,13.6375,33411.6075,13.653,32564.323,13.7347,36428.5327,13.772,36438.522
1968,20110725,600064.SH,13.66,13.82,13.1,13.16,13.58,-0.42,-3.09,46892.43,63138.23,0.9084,1.4,13.37,34774.69,13.4467,32429.53,13.56,31403.3975,13.612,30990.504,13.6925,34720.75,13.676,34532.717,13.7873,36863.4407,13.8025,37673.9845
1969,20110722,600064.SH,13.67,13.74,13.48,13.58,13.6,-0.02,-0.15,22656.95,30842.324,0.4389,0.64,13.59,25198.08,13.6933,26240.3867,13.725,27015.0225,13.774,33477.458,13.7612,32256.7875,13.747,32883.751,13.8513,37150.194,13.836,37774.182
1970,20110721,600064.SH,13.98,13.99,13.59,13.6,13.9,-0.3,-2.16,27739.21,38274.629,0.5374,0.77,13.75,28032.105,13.7733,28467.7133,13.8225,36182.585,13.816,35409.396,13.7525,34472.2238,13.782,36678.05,13.8667,37721.2987,13.8425,39131.448
1971,20110720,600064.SH,13.9,13.98,13.76,13.9,13.82,0.08,0.58,28325.0,39275.454,0.5487,0.79,13.86,28831.965,13.8967,38997.0433,13.87,37326.9425,13.84,36095.482,13.7862,34805.1688,13.828,38566.343,13.8833,38797.3613,13.8335,39033.0475
1972,20110719,600064.SH,13.93,13.93,13.75,13.82,13.97,-0.15,-1.07,29338.93,40538.843,0.5683,0.77,13.895,44333.065,13.86,40327.59,13.825,38038.1025,13.802,35866.628,13.79,38839.5363,13.85,40011.79,13.8613,38830.69,13.8035,38357.405
1973,20110718,600064.SH,13.79,14.12,13.79,13.97,13.79,0.18,1.31,59327.2,82904.428,1.1493,1.84,13.88,45821.92,13.8267,40937.8267,13.7975,37498.5525,13.74,38074.93,13.82,40999.9375,13.875,39799.909,13.866,39901.8113,13.7805,38090.711
1974,20110715,600064.SH,13.7,13.79,13.58,13.79,13.72,0.07,0.51,32316.64,44275.996,0.626,0.85,13.755,31743.14,13.74,30222.3367,13.6825,32761.8625,13.72,32290.044,13.8387,38931.4713,13.89,38986.562,13.8567,39206.4233,13.737,35918.284
1975,20110714,600064.SH,13.7,13.78,13.6,13.72,13.71,0.01,0.07,31169.64,42674.203,0.6038,0.76,13.715,29175.185,13.6467,32910.27,13.7025,32283.395,13.748,37946.704,13.8737,38294.4063,13.892,38877.25,13.8513,40372.132,13.6995,35054.979
1976,20110713,600064.SH,13.46,13.72,13.46,13.71,13.51,0.2,1.48,27180.73,37076.429,0.5265,0.62,13.61,33780.585,13.6967,32654.6467,13.755,39640.97,13.816,41037.204,13.9237,40797.4175,13.905,40148.301,13.8313,40012.236,13.6705,34580.803
1977,20110712,600064.SH,13.75,13.78,13.47,13.51,13.87,-0.36,-2.6,40380.44,54864.368,0.7822,0.97,13.69,35391.605,13.77,43794.3833,13.8425,44501.3225,13.898,44156.952,13.9362,41302.7663,13.891,40312.721,13.804,39187.664,13.656,34372.4295
1978,20110711,600064.SH,13.84,13.92,13.77,13.87,13.93,-0.06,-0.43,30402.77,42087.787,0.589,0.67,13.9,45501.355,13.9533,45874.95,13.995,45101.08,14.01,41524.888,13.9787,41740.23,13.929,40815.252,13.794,38095.9713,13.661,34328.611
1979,20110708,600064.SH,14.08,14.15,13.71,13.93,14.06,-0.13,-0.92,60599.94,83935.788,1.1739,1.52,13.995,53611.04,14.0367,50000.5167,14.045,44305.4175,14.06,45683.08,13.9412,41543.0,13.925,42664.613,13.7427,37127.6973,13.642,34020.8005
1980,20110707,600064.SH,14.09,14.35,14.05,14.06,14.12,-0.06,-0.42,46622.14,66228.323,0.9031,1.19,14.09,44700.805,14.0833,38873.91,14.0925,41953.865,14.036,39807.796,13.9362,39643.7263,13.903,41584.846,13.6833,34091.0707,13.624,33094.1615
1981,20110706,600064.SH,14.06,14.3,14.03,14.12,14.07,0.05,0.36,42779.47,60547.281,0.8287,1.17,14.095,34999.795,14.1033,40397.7733,14.03,38104.21,13.994,39259.398,13.9075,39928.0063,13.839,39499.752,13.622,32428.6693,13.582,31946.2265
1982,20110705,600064.SH,14.12,14.16,14.01,14.07,14.12,-0.05,-0.35,27220.12,38269.59,0.5273,0.68,14.095,39206.925,14.0,36545.79,13.9625,38379.38,13.884,36468.49,13.8562,40805.8563,13.757,36703.02,13.5753,31110.922,13.5575,31223.324
1983,20110704,600064.SH,13.84,14.14,13.83,14.12,13.81,0.31,2.24,51193.73,71790.176,0.9917,1.29,13.965,41208.625,13.9267,42099.1333,13.8375,38780.5825,13.848,40105.616,13.775,40624.7413,13.686,36381.513,13.5447,31929.852,13.534,31507.417
1984,20110701,600064.SH,13.88,14.05,13.76,13.81,13.85,-0.04,-0.29,31223.52,43308.49,0.6049,0.72,13.83,37551.835,13.7433,34642.8667,13.78,37333.5875,13.79,39646.146,13.6725,36077.0438,13.584,32850.006,13.5027,30133.374,13.493,30088.858
1985,20110630,600064.SH,13.59,14.02,13.59,13.85,13.57,0.28,2.06,43880.15,60995.493,0.85,1.1,13.71,36352.54,13.77,39370.2767,13.785,41751.8025,13.77,43361.896,13.6162,35174.735,13.507,31232.708,13.4867,30856.2833,13.4585,30186.343
1986,20110629,600064.SH,13.89,13.89,13.55,13.57,13.89,-0.32,-2.3,28824.93,39634.341,0.5584,0.78,13.73,37115.34,13.7633,41042.3533,13.75,43232.3325,13.684,39740.106,13.5225,31674.5488,13.436,29013.305,13.4447,29508.5027,13.444,29190.8485
1987,20110628,600064.SH,13.8,14.04,13.57,13.89,13.83,0.06,0.43,45405.75,62740.22,0.8796,1.39,13.86,47151.065,13.81,48034.8,13.7125,42468.9,13.63,36937.55,13.4562,29952.75,13.421,28432.138,13.4487,29474.9353,13.4445,29038.5185
1988,20110627,600064.SH,13.69,13.9,13.64,13.83,13.71,0.12,0.88,48896.38,67534.493,0.9472,1.88,13.77,49349.325,13.6533,41489.95,13.565,34820.5,13.524,32657.41,13.3625,26987.7963,13.393,27841.97,13.4293,28641.3507,13.412,29013.356
1989,20110624,600064.SH,13.31,13.83,13.31,13.71,13.42,0.29,2.16,49802.27,67918.721,0.9648,2.61,13.565,37786.735,13.4767,30128.54,13.4475,28597.6675,13.378,26053.866,13.3112,23752.4063,13.359,25376.988,13.394,26903.0953,13.408,29215.039
1990,20110623,600064.SH,13.3,13.48,13.06,13.42,13.3,0.12,0.9,25771.2,34247.589,0.4992,1.41,13.36,20291.675,13.36,21529.4667,13.295,20116.765,13.244,19103.52,13.2987,22465.1313,13.345,24603.477,13.3547,25794.492,13.438,32227.3995
1991,20110622,600064.SH,13.38,13.43,13.15,13.3,13.36,-0.06,-0.45,14812.15,19685.373,0.2869,0.74,13.33,19408.6,13.2533,18231.9533,13.2,17436.6,13.188,18286.504,13.3075,22274.5513,13.325,24392.701,13.364,25674.4293,13.4675,34922.659
1992,20110621,600064.SH,13.09,13.43,13.09,13.36,13.1,0.26,1.98,24005.05,31887.806,0.465,1.04,13.23,19941.855,13.1667,18311.4167,13.16,19155.0925,13.212,19926.726,13.3412,25681.4275,13.358,25743.628,13.3827,26405.508,13.4805,36270.6285
1993,20110620,600064.SH,13.08,13.2,12.92,13.1,13.04,0.06,0.46,15878.66,20735.995,0.3076,0.64,13.07,15464.6,13.0933,17538.44,13.175,18907.145,13.262,23026.53,13.3237,25638.7263,13.382,26633.321,13.3747,27798.6713,13.4975,38829.0575
1994,20110617,600064.SH,13.14,13.27,13.02,13.04,13.14,-0.1,-0.76,15050.54,19805.891,0.2916,0.5,13.09,18368.33,13.2,19916.64,13.3025,24813.4975,13.34,24700.11,13.39,27194.0713,13.402,27327.71,13.418,30268.7633,13.5505,39334.932
1995,20110616,600064.SH,13.42,13.42,13.13,13.14,13.42,-0.28,-2.09,21686.12,28708.251,0.4201,0.71,13.28,22349.69,13.39,28067.8167,13.415,27112.5025,13.446,30103.434,13.46,29425.5013,13.41,29139.978,13.5027,36602.026,13.6025,39815.1255
1996,20110615,600064.SH,13.63,13.66,13.41,13.42,13.61,-0.19,-1.4,23013.26,31115.08,0.4458,0.73,13.515,31258.665,13.5067,28921.2967,13.5225,32207.7625,13.462,30498.898,13.48,29567.555,13.452,29368.392,13.5607,40468.044,13.6555,39877.5225
1997,20110614,600064.SH,13.48,13.88,13.45,13.61,13.49,0.12,0.89,39504.07,54110.07,0.7653,1.31,13.55,31875.315,13.5567,35272.5967,13.4725,32370.3075,13.504,31560.53,13.4425,30837.55,13.468,29644.899,13.57,41718.596,13.691,40628.843
1998,20110613,600064.SH,13.6,13.76,13.37,13.49,13.57,-0.08,-0.59,24246.56,32696.35,0.4697,0.81,13.53,33156.86,13.4267,29992.3867,13.4775,29574.645,13.502,30240.112,13.4362,28895.8238,13.431,30184.742,13.576,44096.5667,13.7215,41094.403
1999,20110610,600064.SH,13.21,13.67,13.2,13.57,13.22,0.35,2.65,42067.16,56460.333,0.8149,1.49,13.395,32865.3,13.4733,31350.6733,13.505,31738.5,13.464,29955.31,13.4475,29087.295,13.457,33053.09,13.6207,44213.206,13.7555,42405.973
2000,20110609,600064.SH,13.53,13.58,13.21,13.22,13.53,-0.31,-2.29,23663.44,31695.111,0.4584,0.84,13.425,25992.43,13.4833,28295.6133,13.4375,26927.3475,13.374,28176.522,13.4062,29441.7125,13.531,39851.322,13.6547,43052.356,13.772,42520.1465
2001,20110608,600064.SH,13.6,13.67,13.3,13.63,13.6,0.03,0.22,28321.42,38352.841,0.5486,1.02,13.615,30611.7,13.51,28015.3167,13.4125,29304.7925,13.442,28237.886,13.4725,33100.0375,13.61,45452.617,13.72,43003.7307,13.806,43196.9485
2002,20110607,600064.SH,13.26,13.65,13.26,13.6,13.3,0.3,2.26,32901.98,44509.952,0.6374,1.09,13.45,27862.265,13.34,29632.5833,13.395,28217.0025,13.432,27729.268,13.5575,43316.045,13.603,46797.629,13.7533,43651.614,13.816,43734.292
2003,20110603,600064.SH,13.21,13.42,13.13,13.3,13.12,0.18,1.37,22822.55,30394.991,0.4421,0.63,13.21,27997.885,13.3267,26655.3433,13.39,26436.09,13.36,30129.372,13.6087,49162.8463,13.613,51024.794,13.7947,44712.5,13.8245,43479.822
2004,20110602,600064.SH,13.32,13.44,12.98,13.12,13.56,-0.44,-3.24,33173.22,43739.343,0.6426,0.64,13.34,28571.74,13.42,27640.6033,13.375,31956.0775,13.45,36150.87,13.6412,51531.47,13.699,51342.154,13.8527,46556.194,13.843,43782.433
2005,20110601,600064.SH,13.53,13.59,13.39,13.56,13.58,-0.02,-0.15,23970.26,32348.578,0.4643,0.38,13.57,24874.295,13.46,31550.3633,13.5325,36895.2825,13.688,51526.122,13.7137,56781.5213,13.795,50490.273,13.9047,47301.3547,13.8725,43817.1825
2006,20110531,600064.SH,13.25,13.62,13.25,13.58,13.24,0.34,2.57,25778.33,34635.989,0.4994,0.39,13.41,35340.415,13.5233,41203.6233,13.72,58415.0875,13.778,62667.348,13.7887,57034.7575,13.859,50386.653,13.9273,48183.3027,13.8725,45377.8275
2007,20110530,600064.SH,13.6,13.6,13.2,13.24,13.75,-0.51,-3.71,44902.5,60121.053,0.8698,0.62,13.495,48916.27,13.7667,69294.0067,13.8275,71889.6025,13.774,65865.99,13.8512,56894.2675,13.914,51612.787,13.944,49069.3,13.901,45772.753
2008,20110527,600064.SH,14.1,14.24,13.7,13.75,14.31,-0.56,-3.91,52930.04,73536.797,1.0253,0.8,14.03,81489.76,14.0233,80885.3033,13.9075,71106.8625,13.866,71920.216,13.9712,54148.2125,14.012,52004.064,13.9793,47929.972,13.942,45076.8425
2009,20110526,600064.SH,14.24,14.83,14.18,14.31,14.01,0.3,2.14,110049.48,159105.322,2.1318,2.23,14.16,94862.935,13.96,77165.8033,13.895,76667.76,13.948,66533.438,14.0187,52286.9163,14.054,51758.856,13.974,46326.2873,13.9485,45546.6305
2010,20110525,600064.SH,13.55,14.3,13.41,14.01,13.56,0.45,3.32,79676.39,111531.76,1.5435,2.09,13.785,60723.965,13.7567,65540.52,13.8575,55654.4275,13.902,49454.424,14.0075,44632.64,14.013,45188.971,13.934,41247.536,13.9455,43230.3335
2011,20110524,600064.SH,13.58,13.7,13.25,13.56,13.7,-0.14,-1.02,41771.54,56135.399,0.8092,1.12,13.63,58472.585,13.8067,47647.1067,13.875,41898.9325,13.94,38105.958,14.0275,40982.8363,14.002,40941.28,13.904,39614.654,13.991,42042.519
2012,20110523,600064.SH,14.2,14.55,13.69,13.7,14.16,-0.46,-3.25,75173.63,106638.732,1.4562,2.34,13.93,50584.89,13.98,41941.3967,14.035,37189.5625,14.054,37359.584,14.07,41305.2225,14.029,40670.955,13.9433,39075.0073,14.083,42146.951
2013,20110520,600064.SH,14.08,14.18,13.94,14.16,14.08,0.08,0.57,25996.15,36570.918,0.5036,0.7,14.12,25325.28,14.1467,24528.2067,14.1425,27906.0725,14.158,32087.912,14.095,36558.4538,14.036,35934.85,13.9673,36129.0513,14.167,41787.9085
2014,20110519,600064.SH,14.33,14.33,14.05,14.08,14.2,-0.12,-0.85,24654.41,34905.298,0.4776,0.6,14.14,23794.235,14.1367,28542.7133,14.1575,33610.8525,14.16,36984.274,14.0537,38192.4713,13.987,36222.712,13.9487,38551.028,14.224,43745.615
2015,20110518,600064.SH,14.14,14.25,14.06,14.2,14.13,0.07,0.5,22934.06,32460.048,0.4443,0.52,14.165,30486.865,14.1833,36596.3333,14.18,40066.74,14.124,40923.518,14.015,38587.2425,13.95,37144.092,13.96,41155.6367,14.292,46753.7985
2016,20110517,600064.SH,14.24,14.3,13.92,14.13,14.22,-0.09,-0.63,38039.67,53811.696,0.7369,0.86,14.175,43427.47,14.1733,45777.6333,14.105,45420.8825,14.064,43776.602,13.9487,39329.8313,13.886,40369.002,14.008,43354.706,14.383,49255.8695
2017,20110516,600064.SH,14.14,14.38,14.08,14.22,14.17,0.05,0.35,48815.27,69449.174,0.9456,1.23,14.195,49646.615,14.0967,47881.2867,14.0475,45210.835,14.004,43982.326,13.8962,38808.3988,13.888,39932.719,14.0927,43742.74,14.4695,50634.0985
2018,20110513,600064.SH,13.82,14.2,13.8,14.17,13.9,0.27,1.94,50477.96,70813.537,0.9778,1.42,14.035,47414.295,13.99,44009.3567,13.95,42774.09,13.914,39781.788,13.8137,39604.385,13.872,38149.621,14.17,45021.2407,14.5525,54809.8835
2019,20110512,600064.SH,13.82,14.13,13.7,13.9,13.9,0.0,0.0,44350.63,61967.681,0.8591,1.33,13.9,40775.055,13.8767,40206.1333,13.85,37107.745,13.814,35461.15,13.8112,37504.245,13.843,39334.405,14.2453,45999.3953,14.6255,56230.283
2020,20110511,600064.SH,13.76,14.06,13.71,13.9,13.83,0.07,0.51,37199.48,51768.452,0.7206,1.01,13.865,38133.885,13.8333,34693.45,13.7925,33238.78,13.776,33364.666,13.8312,35833.4525,13.878,41271.696,14.348,48697.2253,14.708,57905.913
2021,20110510,600064.SH,13.81,13.92,13.69,13.83,13.77,0.06,0.44,39068.29,53826.531,0.7568,1.09,13.8,33440.435,13.7567,31918.5467,13.745,32405.9625,13.708,36961.402,13.8287,38974.2425,13.98,43143.758,14.4893,51082.292,14.8005,60567.6755
2022,20110509,600064.SH,13.76,14.0,13.63,13.77,13.67,0.1,0.73,27812.58,38478.14,0.5388,0.76,13.72,28343.675,13.7167,30185.1867,13.6775,36434.68,13.772,35883.112,13.8812,42056.1488,14.137,43622.947,14.6247,52851.356,14.9135,62285.6175
2023,20110506,600064.SH,13.6,13.82,13.42,13.67,13.71,-0.04,-0.29,28874.77,39314.692,0.5594,0.67,13.69,31371.49,13.6467,39308.7133,13.7725,37900.745,13.83,36517.454,14.025,45569.5888,14.298,47640.967,14.7653,59819.2487,15.026,66515.3355
2024,20110505,600064.SH,13.52,13.99,13.51,13.71,13.56,0.15,1.11,33868.21,46779.503,0.6561,0.69,13.635,44525.685,13.8067,40909.4033,13.87,38428.125,13.872,43207.66,14.2412,47442.765,14.461,51268.518,14.896,63153.3273,15.1655,74276.733
2025,20110504,600064.SH,14.13,14.13,13.48,13.56,14.15,-0.59,-4.17,55183.16,75943.87,1.069,1.12,13.855,44430.0,13.9233,39948.0967,13.9125,45542.5225,13.98,49178.726,14.45,51708.3363,14.634,56363.505,15.0187,66086.3287,15.2815,76560.58
2026,20110503,600064.SH,14.06,14.17,14.01,14.15,14.06,0.09,0.64,33676.84,47482.662,0.6524,0.66,14.105,32330.565,14.03,42328.9767,14.085,47677.6175,14.252,49326.114,14.6675,52954.2263,14.88,58142.737,15.1647,68436.4333,15.3965,78651.2455
2027,20110429,600064.SH,13.9,14.15,13.9,14.06,13.88,0.18,1.3,30984.29,43532.35,0.6002,0.53,13.97,46655.045,14.0633,52344.5433,14.2775,53238.4325,14.502,51362.782,14.8287,59346.8813,15.051,61335.478,15.294,71086.4527,15.4895,83910.558
2028,20110428,600064.SH,14.35,14.46,13.82,13.88,14.25,-0.37,-2.6,62325.8,88074.757,1.2074,1.05,14.065,63024.67,14.35,60656.48,14.6125,56457.405,14.766,58764.48,15.0737,64595.78,15.233,71470.146,15.4247,76514.6293,15.615,96377.318
2029,20110427,600064.SH,14.87,14.95,14.11,14.25,14.92,-0.67,-4.49,63723.54,92615.799,1.2344,1.0,14.585,59821.82,14.8567,54501.2733,14.9875,57874.15,15.05,59329.376,15.3212,65005.5863,15.408,73126.161,15.5967,84633.0907,15.7655,109568.005
2030,20110425,600064.SH,15.5,15.5,14.9,14.92,15.4,-0.48,-3.12,55920.1,84162.216,1.0833,0.84,15.16,49890.14,15.2333,55924.3533,15.25,58230.835,15.288,63548.284,15.525,73581.515,15.538,74540.13,15.7153,85687.8647,15.8655,119462.5615
2031,20110422,600064.SH,15.38,15.47,15.3,15.4,15.38,0.02,0.13,43860.18,67499.035,0.8496,0.62,15.39,55926.48,15.36,59001.08,15.38,65455.33,15.508,66959.36,15.6137,76452.2463,15.621,77991.593,15.778,88426.2893,15.9,122642.07
2032,20110421,600064.SH,15.39,15.54,15.24,15.38,15.3,0.08,0.52,67992.78,104469.922,1.3171,0.81,15.34,66571.53,15.3733,72653.7133,15.535,72734.155,15.6,71308.174,15.6325,80702.6275,15.69,80948.288,15.8187,94759.8167,15.91,128851.3475
2033,20110420,600064.SH,15.45,15.59,15.18,15.3,15.44,-0.14,-0.91,65150.28,100007.522,1.2621,0.75,15.37,74984.18,15.5867,74314.6133,15.655,72137.0225,15.7,84175.812,15.6787,83507.8713,15.754,85389.704,15.898,108914.9307,15.89,128493.566
2034,20110419,600064.SH,15.9,15.91,15.41,15.44,16.02,-0.58,-3.62,84818.08,132837.666,1.6431,0.99,15.73,78896.78,15.7733,74465.9367,15.8,88932.195,15.766,86922.946,15.7775,84542.4775,15.87,97284.948,16.004,126314.2147,15.8865,127877.3865
2035,20110418,600064.SH,15.81,16.05,15.61,16.02,15.86,0.16,1.01,72975.48,115773.854,1.4137,0.82,15.94,69289.865,15.92,90303.5667,15.8475,87449.1625,15.788,85531.976,15.85,87991.085,15.929,96757.655,16.058,138100.654,15.874,126883.013
2036,20110415,600064.SH,15.74,16.0,15.56,15.86,15.88,-0.02,-0.13,65604.25,103563.992,1.2709,0.72,15.87,98967.61,15.79,92273.7233,15.73,88671.1,15.734,89023.826,15.905,101881.99,15.913,99159.754,16.0307,141202.9733,15.8155,127934.4115
2037,20110414,600064.SH,15.71,16.15,15.63,15.88,15.63,0.25,1.6,132330.97,211167.969,2.5635,1.53,15.755,105608.46,15.6867,96360.05,15.7025,94878.72,15.78,90588.402,15.9262,103624.6025,15.928,106485.638,16.0133,148032.4053,15.78,128026.301
2038,20110413,600064.SH,15.45,15.65,15.21,15.63,15.55,0.08,0.51,78885.95,121665.525,1.5281,0.73,15.59,78374.59,15.6433,82394.6367,15.755,80152.76,15.808,86603.596,15.9237,99207.79,15.997,121284.49,15.9533,143266.1507,15.7345,125835.369
2039,20110412,600064.SH,15.76,15.84,15.46,15.55,15.75,-0.2,-1.27,77863.23,121360.016,1.5083,0.72,15.65,84148.98,15.7967,80575.03,15.8525,88533.0075,15.974,107646.95,15.9712,106704.9325,16.123,146009.849,15.9267,141528.8667,15.7225,125614.28
2040,20110411,600064.SH,16.14,16.15,15.71,15.75,16.09,-0.34,-2.11,90434.73,143447.29,1.7519,0.83,15.92,81930.93,15.9533,92089.6,16.08,115092.88,16.07,107983.334,16.0987,132011.965,16.193,164384.993,15.9027,140666.692,15.7175,126369.418
2041,20110408,600064.SH,16.0,16.17,15.75,16.09,16.02,0.07,0.44,73427.13,116956.674,1.4224,0.6,16.055,92917.035,16.19,123312.2633,16.15,112370.485,16.092,109295.682,16.2412,161475.0663,16.179,167292.547,15.8427,140904.6067,15.711,128048.5035
2042,20110407,600064.SH,16.48,16.48,15.93,16.02,16.46,-0.44,-2.67,112406.94,181621.406,2.1775,0.72,16.24,148254.83,16.17,125351.6033,16.0925,118262.82,16.076,122382.874,16.2612,184998.5088,16.13,176754.407,15.78,140505.6007,15.709,129849.122
2043,20110406,600064.SH,15.96,16.66,15.88,16.46,16.03,0.43,2.68,184102.72,301348.525,3.5664,1.0,16.245,131823.935,16.1167,120214.78,16.09,124876.8575,16.186,155965.384,16.21,185886.425,16.026,171597.428,15.71,138912.6267,15.724,134650.6235
2044,20110401,600064.SH,15.86,16.08,15.75,16.03,15.86,0.17,1.07,79545.15,126814.55,1.5409,0.36,15.945,88270.81,15.9667,105134.9033,16.1175,148931.05,16.272,184372.748,16.1025,183879.3013,15.903,158469.825,15.6387,131603.39,15.697,131689.5035
2045,20110331,600064.SH,16.01,16.2,15.58,15.86,16.01,-0.15,-0.94,96996.47,154033.416,1.879,0.43,15.935,117929.78,16.1467,172059.6833,16.3325,210579.6475,16.316,220786.652,15.9712,181540.8013,15.819,157008.371,15.6,132498.1127,15.6885,133258.0935
2046,20110330,600064.SH,16.47,16.57,15.75,16.01,16.57,-0.56,-3.38,138863.09,222356.393,2.69,0.6,16.29,209591.29,16.49,248440.7067,16.43,251734.1975,16.266,225289.412,15.8925,176019.5788,15.718,156709.069,15.584,134299.444,15.6765,133765.5525
2047,20110329,600064.SH,16.5,16.77,16.01,16.57,16.89,-0.32,-1.89,280319.49,459625.363,5.4302,1.5,16.73,303229.515,16.57,289357.9,16.33,246895.9925,16.184,231125.94,15.79,166778.0188,15.632,149566.964,15.5867,132337.8713,15.6715,136374.0235
2048,20110328,600064.SH,16.29,17.27,16.27,16.89,16.25,0.64,3.94,326139.54,549929.061,6.3179,2.46,16.57,293877.105,16.25,235754.8267,16.0875,218827.5525,15.866,187229.472,15.575,143488.5138,15.472,130386.248,15.57,127545.7033,15.6235,129780.0705
2049,20110325,600064.SH,15.62,16.5,15.51,16.25,15.61,0.64,4.1,261614.67,421920.429,5.0679,2.81,15.93,190562.47,15.82,183056.89,15.61,152501.955,15.534,132566.902,15.3575,111151.3263,15.322,105218.711,15.5053,114128.422,15.561,122684.226
2050,20110324,600064.SH,15.55,15.83,15.43,15.61,15.6,0.01,0.06,119510.27,186536.971,2.3151,1.36,15.605,143778.0,15.3967,116131.05,15.355,100304.96,15.322,93230.09,15.1975,89513.5338,15.242,88353.843,15.4793,104081.9073,15.502,115680.7305
2051,20110323,600064.SH,15.29,15.76,15.18,15.6,14.98,0.62,4.14,168045.73,261000.204,3.2553,2.47,15.29,114441.44,15.27,93903.19,15.25,86660.045,15.17,88128.726,15.17,83882.7713,15.243,88804.46,15.48,103257.5993,15.4875,121496.883
2052,20110322,600064.SH,15.3,15.31,14.86,14.98,15.23,-0.25,-1.64,60837.15,91558.176,1.1785,0.83,15.105,56831.92,15.1333,59531.4833,15.0625,68149.475,15.08,68007.988,15.1512,74497.8038,15.288,82943.837,15.5007,104790.0513,15.4775,124479.664
2053,20110321,600064.SH,15.12,15.46,15.11,15.23,15.19,0.04,0.26,52826.69,80623.088,1.0233,0.68,15.21,58878.65,15.09,70586.9167,15.105,69800.6975,15.078,73543.024,15.2312,82395.215,15.422,97703.819,15.5427,110630.27,15.4515,127214.2855
2054,20110318,600064.SH,14.99,15.25,14.9,15.19,14.85,0.34,2.29,64930.61,98229.179,1.2578,0.78,15.02,79467.03,15.0633,75458.7,15.04,78722.1075,15.11,77870.52,15.3337,89471.8163,15.491,104909.182,15.57,119390.0007,15.4465,131442.474
2055,20110317,600064.SH,15.26,15.46,14.81,14.85,15.15,-0.3,-1.98,94003.45,142865.94,1.821,1.05,15.0,80722.745,14.99,83319.2733,15.09,81105.4975,15.162,83477.596,15.475,107410.1113,15.558,109507.816,15.562,123164.2773,15.4155,130982.8325
2056,20110316,600064.SH,14.96,15.25,14.9,15.15,14.97,0.18,1.2,67442.04,102160.449,1.3065,0.69,15.06,77977.185,15.17,76806.18,15.24,80846.1325,15.316,89480.194,15.6087,111269.72,15.635,110822.036,15.5933,132619.602,15.4035,129644.823
2057,20110315,600064.SH,15.3,15.3,14.74,14.97,15.39,-0.42,-2.73,88512.33,132410.326,1.7146,0.73,15.18,81488.25,15.27,85314.1633,15.3575,94989.7325,15.496,97879.686,15.6975,116704.0838,15.711,123181.083,15.61,143303.556,15.382,129831.098
2058,20110314,600064.SH,15.35,15.47,15.0,15.39,15.45,-0.06,-0.39,74464.17,113624.546,1.4425,0.56,15.42,83715.08,15.4867,97148.8667,15.6275,100221.525,15.766,121864.614,15.7787,119033.2488,15.775,129173.893,15.576,145104.706,15.3535,129601.955
2059,20110311,600064.SH,15.46,15.7,15.31,15.45,15.62,-0.17,-1.09,92965.99,144063.829,1.8009,0.69,15.535,108491.215,15.7067,108807.31,15.86,133714.725,15.872,131947.844,15.8437,133604.2913,15.8,140149.741,15.5587,149299.792,15.3165,130470.344
2060,20110310,600064.SH,16.08,16.09,15.43,15.62,16.05,-0.43,-2.68,124016.44,194012.335,2.4024,0.94,15.835,116727.97,15.9967,147297.6367,15.9775,141693.3075,15.954,135538.036,15.8637,140538.5963,15.762,143007.618,15.5,146817.9113,15.2645,131442.8625
2061,20110309,600064.SH,16.36,16.36,15.96,16.05,16.32,-0.27,-1.65,109439.5,176190.896,2.12,0.74,16.185,158938.235,16.0967,147585.5967,16.0375,138418.435,15.954,132163.878,15.8662,148064.3725,15.732,154189.306,15.4327,143033.0327,15.1755,127532.0975
2062,20110308,600064.SH,15.99,16.57,15.9,16.32,15.92,0.4,2.51,208436.97,338678.288,4.0378,1.53,16.12,166658.645,16.0333,148078.08,15.93,137844.9725,15.926,148482.48,15.7437,149577.53,15.667,166015.491,15.344,140481.5687,15.0515,124191.419
2063,20110307,600064.SH,15.86,16.1,15.77,15.92,15.86,0.06,0.38,124880.32,198456.912,2.4191,0.84,15.89,117898.635,15.8,114314.3067,15.8275,133493.8575,15.784,136483.172,15.6187,153002.0738,15.481,156724.752,15.216,132181.0687,14.9155,115328.521
2064,20110304,600064.SH,15.59,15.95,15.51,15.86,15.62,0.24,1.54,110916.95,175224.273,2.1486,0.74,15.74,109031.3,15.7967,136365.0367,15.75,139383.885,15.728,148351.638,15.5537,165854.7025,15.402,157975.766,15.1313,129977.844,14.7955,111619.1715
2065,20110303,600064.SH,15.79,15.9,15.31,15.62,15.91,-0.29,-1.82,107145.65,167417.132,2.0756,0.61,15.765,149089.08,15.7133,148872.8633,15.695,157710.31,15.57,150477.2,15.3787,166431.2813,15.273,152457.849,15.0347,130077.8047,14.6875,108625.2765
2066,20110302,600064.SH,15.48,16.1,15.15,15.91,15.61,0.3,1.92,191032.51,298887.587,3.7006,1.04,15.76,169736.47,15.72,174565.1967,15.5575,161310.0875,15.51,176214.734,15.3175,170211.8825,15.172,148467.61,14.916,125988.1707,14.6005,108812.784
2067,20110301,600064.SH,15.47,15.97,15.35,15.61,15.64,-0.03,-0.19,148440.43,232640.936,2.8755,0.84,15.625,166331.54,15.44,151402.6133,15.41,172510.29,15.408,183548.502,15.15,153300.0413,15.053,136481.113,14.76,116094.3987,14.4865,100950.1945
2068,20110228,600064.SH,14.99,15.87,14.88,15.64,15.07,0.57,3.78,184222.65,285797.293,3.5687,1.1,15.355,152883.705,15.3433,180533.5767,15.3575,192325.52,15.178,176966.332,15.025,143150.395,14.932,130030.017,14.626,108276.9707,14.378,95007.6435
2069,20110225,600064.SH,15.1,15.3,14.6,15.07,15.32,-0.25,-1.63,121544.76,182209.594,2.3545,0.79,15.195,178689.04,15.2633,195026.4767,15.0625,175152.2525,15.076,167599.894,14.91,129018.5063,14.833,120790.947,14.4847,99375.016,14.2595,87794.358
2070,20110224,600064.SH,15.75,16.2,15.12,15.32,15.4,-0.08,-0.52,235833.32,368497.694,4.5685,1.95,15.36,231767.335,15.06,193021.4167,15.0775,179113.6775,14.976,154438.498,14.8262,124316.595,14.767,119878.107,14.3933,94674.6353,14.1825,83971.4365
2071,20110223,600064.SH,14.4,15.9,14.2,15.4,14.46,0.94,6.5,227701.35,347705.047,4.4109,2.55,14.93,171615.465,14.9967,160207.13,14.89,134089.7925,14.834,120720.486,14.7425,106316.4238,14.619,100874.889,14.2973,86345.4673,14.081,75242.0905
2072,20110222,600064.SH,15.07,15.28,14.39,14.46,15.13,-0.67,-4.43,115529.58,171088.711,2.238,1.39,14.795,126460.02,14.72,102885.94,14.6925,93975.27,14.698,89413.724,14.6187,91905.8,14.436,82367.347,14.1793,73417.4253,14.0045,67300.003
2073,20110221,600064.SH,14.4,15.3,14.39,15.13,14.57,0.56,3.84,137390.46,205684.639,2.6615,1.86,14.85,96564.12,14.77,86790.5,14.7575,82884.76,14.686,83093.702,14.5412,83189.745,14.35,73932.29,14.1113,67688.0807,13.9685,63795.3225
2074,20110218,600064.SH,14.59,14.9,14.4,14.57,14.61,-0.04,-0.27,55737.78,81376.011,1.0797,0.65,14.59,61490.52,14.6333,64716.1933,14.575,69519.5125,14.59,73982.0,14.3462,71344.1788,14.189,65262.577,13.9873,61192.5127,13.908,61205.709
2075,20110217,600064.SH,14.65,14.84,14.39,14.61,14.72,-0.11,-0.75,67243.26,97953.894,1.3026,0.83,14.665,69205.4,14.5767,74113.4233,14.595,78543.055,14.558,85317.716,14.225,68274.3325,14.102,64792.704,13.918,60482.416,13.934,62072.5045
2076,20110216,600064.SH,14.34,14.88,14.31,14.72,14.4,0.32,2.22,71167.54,104294.959,1.3786,0.94,14.56,77548.505,14.59,82309.6533,14.545,89836.33,14.404,81029.292,14.0887,66205.5913,14.029,69157.958,13.83,60082.6253,13.979,62356.232
2077,20110215,600064.SH,14.7,14.8,14.38,14.4,14.65,-0.25,-1.71,83929.47,122745.042,1.6259,1.3,14.525,87880.71,14.4867,96059.26,14.325,83494.73,14.174,75320.97,13.9612,63689.53,13.92,65419.276,13.7733,59928.7627,14.014,63419.2425
2078,20110214,600064.SH,14.4,14.84,14.36,14.65,14.41,0.24,1.67,91831.95,134255.009,1.7789,1.62,14.53,102124.155,14.3,83349.8167,14.1175,73168.845,14.014,64770.878,13.8962,67060.3213,13.824,59985.27,13.7293,57362.5293,14.059,64713.1805
2079,20110211,600064.SH,13.85,14.66,13.83,14.41,13.84,0.57,4.12,112416.36,161688.798,2.1777,2.54,14.125,79108.75,13.94,66947.81,13.855,58005.61,13.788,56543.154,13.7687,59803.9175,13.686,54797.769,13.6807,56946.9453,14.111,68555.037
2080,20110210,600064.SH,13.5,13.86,13.47,13.84,13.57,0.27,1.99,45801.14,62998.356,0.8872,0.8,13.705,44213.535,13.67,39868.6933,13.6325,42574.8525,13.646,44267.692,13.6475,49450.5488,13.598,48064.766,13.726,54324.1007,14.181,70558.6955
2081,20110209,600064.SH,13.46,13.69,13.29,13.57,13.6,-0.03,-0.22,42625.93,57669.878,0.8257,0.77,13.585,36902.47,13.5633,41499.4233,13.5975,43884.33,13.654,57286.624,13.5762,48720.0238,13.543,49609.292,13.8373,56131.8787,14.277,75853.358
2082,20110201,600064.SH,13.6,13.69,13.5,13.6,13.52,0.08,0.59,31179.01,42324.63,0.604,0.56,13.56,40936.17,13.6067,44303.7967,13.675,60951.7975,13.666,55517.582,13.5712,49027.5738,13.573,52232.659,13.9607,59452.0,14.39,86328.131
2083,20110131,600064.SH,13.6,13.78,13.36,13.52,13.7,-0.18,-1.31,50693.33,68496.783,0.982,0.96,13.61,50866.19,13.7,70876.06,13.6825,61602.225,13.634,55199.662,13.5325,52785.9975,13.587,53658.355,14.074,64693.948,14.4685,93871.6145
2084,20110128,600064.SH,13.7,13.97,13.61,13.7,13.88,-0.18,-1.3,51039.05,70086.495,0.9887,0.98,13.79,80967.425,13.7367,65238.5233,13.6625,56326.245,13.584,53052.384,13.5762,55056.7813,13.627,57148.841,14.2187,72558.998,14.5245,97722.82
2085,20110127,600064.SH,13.4,14.99,12.91,13.88,13.63,0.25,1.83,110895.8,151092.365,2.1482,2.64,13.755,72338.26,13.65,58088.6433,13.555,53555.7175,13.55,51861.84,13.5812,54356.3963,13.766,59352.305,14.3593,79322.3633,14.5705,101108.095
2086,20110126,600064.SH,13.46,13.79,13.4,13.63,13.44,0.19,1.41,33780.72,45981.921,0.6544,0.69,13.535,31685.065,13.4467,34442.3567,13.4675,37103.35,13.432,41931.96,13.5862,51194.195,13.929,55554.506,14.4847,82042.2693,14.6265,101884.168
2087,20110125,600064.SH,13.31,13.7,13.21,13.44,13.27,0.17,1.28,29589.41,39676.13,0.5732,0.57,13.355,34773.175,13.4133,38210.8933,13.3825,43969.77,13.48,48947.736,13.7687,56105.8163,14.108,61419.209,14.6313,96598.314,14.6675,109907.5425
2088,20110124,600064.SH,13.58,13.58,13.19,13.27,13.53,-0.26,-1.92,39956.94,53273.347,0.774,0.65,13.4,42521.635,13.3633,48763.2233,13.49,53787.3175,13.54,52117.048,14.0275,61521.8663,14.294,69441.091,14.7467,106762.2653,14.732,116468.4545
2089,20110121,600064.SH,13.28,13.82,13.26,13.53,13.29,0.24,1.81,45086.33,61029.667,0.8734,0.67,13.41,53166.365,13.5633,58397.4433,13.6075,55157.075,13.67,61245.298,14.2962,68080.7175,14.536,82312.305,14.838,112612.9653,14.7955,120576.1335
2090,20110120,600064.SH,13.85,13.96,13.26,13.29,13.87,-0.58,-4.18,61246.4,83088.558,1.1864,0.89,13.58,65053.0,13.6333,58513.99,13.705,65285.04,13.982,66842.77,14.5175,76170.955,14.764,93052.625,14.9107,117523.5133,14.836,122274.0845
2091,20110119,600064.SH,13.84,13.94,13.46,13.87,13.74,0.13,0.95,68859.6,94492.081,1.3339,0.93,13.805,57147.785,13.8433,66631.2533,14.155,68241.8625,14.426,69177.052,14.8175,89598.79,15.011,102097.424,15.0247,121868.2373,14.882,123687.1175
2092,20110118,600064.SH,13.71,14.15,13.6,13.74,13.92,-0.18,-1.29,45435.97,62901.469,0.8802,0.52,13.83,65517.08,14.25,68035.95,14.565,69256.415,14.736,73890.682,15.06,100052.5313,15.207,120423.603,15.0633,130227.478,14.912,127088.6295
2093,20110117,600064.SH,14.99,14.99,13.9,13.92,15.09,-1.17,-7.75,85598.19,122860.633,1.6582,0.83,14.505,79335.94,14.84,77196.5633,14.985,81004.36,15.048,86765.134,15.3125,113334.8338,15.35,134084.874,15.1293,137918.9233,14.9125,128694.4225
2094,20110114,600064.SH,15.35,15.66,15.0,15.09,15.51,-0.42,-2.71,73073.69,112110.396,1.4156,0.61,15.3,72995.75,15.34,79473.0833,15.33,87056.87,15.402,103379.312,15.5512,134150.2338,15.422,138296.799,15.1707,140353.0787,14.9215,129294.8875
2095,20110113,600064.SH,15.45,15.62,15.14,15.51,15.42,0.09,0.58,72917.81,112397.101,1.4125,0.54,15.465,82672.78,15.41,91717.93,15.48,110955.7175,15.546,119262.48,15.5612,147772.1075,15.375,142863.885,15.1207,140751.1893,14.854,128454.7095
2096,20110112,600064.SH,15.38,15.73,15.07,15.42,15.3,0.12,0.78,92427.75,142462.264,1.7905,0.55,15.36,101117.99,15.47,123635.02,15.555,130848.6475,15.596,135017.796,15.4525,154622.0613,15.324,148213.83,15.034,141857.1393,14.7755,127554.105
2097,20110111,600064.SH,15.47,15.77,14.9,15.3,15.69,-0.39,-2.49,109808.23,168327.092,2.1272,0.61,15.495,139238.655,15.6,143655.6133,15.64,145665.3075,15.678,166956.524,15.3525,157911.6613,15.227,158395.876,14.9707,144821.2787,14.6945,125335.0795
2098,20110110,600064.SH,15.83,16.1,15.4,15.69,15.81,-0.12,-0.76,168669.08,265574.603,3.2674,0.97,15.75,160579.305,15.7533,157617.6667,15.7725,181243.5975,15.652,181404.614,15.315,159987.79,15.17,163495.818,14.8673,142670.852,14.6005,121223.235
2099,20110107,600064.SH,15.76,16.18,15.57,15.81,15.76,0.05,0.32,152489.53,242988.126,2.954,0.92,15.785,152091.96,15.8,185435.1033,15.6425,184588.4975,15.442,173214.286,15.16,163185.1813,15.055,158839.962,14.7613,137933.4127,14.4795,115115.2945
2100,20110106,600064.SH,15.8,16.0,15.36,15.76,15.83,-0.07,-0.44,151694.39,238275.866,2.9386,0.94,15.795,201907.89,15.5867,195288.1533,15.35,178395.475,15.204,166465.29,15.025,164224.9463,14.908,151495.544,14.6233,131518.786,14.374,109973.1655
2101,20110105,600064.SH,15.17,15.9,14.97,15.83,15.17,0.66,4.35,252121.39,394811.601,4.884,1.68,15.5,217085.035,15.2133,187295.8367,15.065,170158.015,15.052,161409.864,14.8725,160526.9625,14.753,145276.811,14.502,125066.208,14.282,105026.209
2102,20110104,600064.SH,14.63,15.29,14.48,15.17,14.64,0.53,3.62,182048.68,274109.733,3.5266,1.25,14.905,154883.06,14.81,142836.89,14.8575,138731.9825,14.776,149835.228,14.6862,138892.4575,14.617,133753.656,14.3667,111461.2647,14.1755,94630.033
2103,20101231,600064.SH,14.54,14.85,14.37,14.64,14.62,0.02,0.14,127717.44,186100.085,2.4741,0.88,14.63,123230.995,14.7533,124293.0833,14.6775,141781.865,14.688,145587.022,14.5662,127324.755,14.475,123303.971,14.25,101162.7753,14.108,88479.482
2104,20101230,600064.SH,14.86,15.07,14.6,14.62,15.0,-0.38,-2.53,118744.55,176371.118,2.3003,0.87,14.81,122580.905,14.69,146470.0067,14.7,150054.4175,14.668,144465.638,14.545,128471.305,14.421,120292.976,14.1587,95748.964,14.0775,87145.193
2105,20101229,600064.SH,14.15,15.03,14.02,15.0,14.45,0.55,3.81,126417.26,184153.414,2.4489,0.98,14.725,160332.735,14.7267,160491.04,14.68,150895.91,14.612,136525.798,14.4362,123322.215,14.333,114045.534,14.0973,91142.4573,14.056,89014.0775
2106,20101228,600064.SH,14.7,15.07,14.26,14.45,14.73,-0.28,-1.9,194248.21,286701.875,3.7629,1.65,14.59,177527.93,14.5733,159055.46,14.515,139052.9325,14.454,129143.758,14.3237,119720.9938,14.227,106894.38,14.0253,86231.6573,13.974,86131.7235
2107,20101227,600064.SH,14.5,14.79,14.23,14.73,14.54,0.19,1.31,160807.65,233763.378,3.1151,1.59,14.635,141459.085,14.5367,120654.5067,14.455,112867.645,14.458,117672.084,14.235,102473.7338,14.162,92274.283,13.9753,76228.3013,13.9385,78923.187
2108,20101224,600064.SH,14.2,14.65,14.1,14.54,14.34,0.2,1.39,122110.52,176370.202,2.3655,1.27,14.44,100577.935,14.3633,96887.6433,14.39,106888.1925,14.262,101020.92,14.1362,89235.9925,14.031,78950.652,13.9147,69443.6353,13.8925,74246.803
2109,20101223,600064.SH,14.2,14.5,14.05,14.34,14.21,0.13,0.91,79045.35,112943.071,1.5312,0.86,14.275,84276.205,14.34,101814.0833,14.1925,95748.52,14.174,96120.314,14.0437,79978.0825,13.904,71390.627,13.8807,68038.378,13.874,73489.6345
2110,20101222,600064.SH,14.39,14.54,14.1,14.21,14.47,-0.26,-1.8,89507.06,128023.009,1.7339,1.06,14.34,113198.45,14.1433,101316.2433,14.1325,100389.055,14.054,91565.27,13.9287,73543.8313,13.84,68450.787,13.8707,73176.8373,13.842,72651.073
2111,20101221,600064.SH,13.82,14.65,13.82,14.47,13.75,0.72,5.24,136889.84,195753.448,2.6518,2.05,14.11,107220.835,14.1067,104016.3867,14.015,92079.8225,14.0,84645.002,13.8112,68169.2325,13.811,64775.607,13.814,71794.3787,13.801,73254.714
2112,20101220,600064.SH,14.19,14.27,13.6,13.75,14.1,-0.35,-2.48,77551.83,108009.93,1.5023,1.36,13.925,87579.66,13.8633,77143.15,13.8825,71583.7925,13.866,66876.482,13.715,57263.8713,13.734,55506.41,13.7653,66006.888,13.7825,71136.5985
2113,20101216,600064.SH,13.73,14.14,13.73,14.1,13.74,0.36,2.62,97607.49,136761.909,1.8908,2.09,13.92,76938.81,13.9267,69594.4467,13.895,64207.645,13.8,56880.384,13.7362,54164.3,13.741,53654.993,13.7693,65322.0973,13.8095,73691.5575
2114,20101215,600064.SH,13.96,14.03,13.72,13.74,13.94,-0.2,-1.43,56270.13,77926.097,1.09,1.24,13.84,55587.925,13.8267,53074.3633,13.725,46698.6075,13.634,46660.94,13.6862,47488.0975,13.734,53997.41,13.774,65946.0747,13.791,71680.517
2115,20101214,600064.SH,13.88,13.96,13.75,13.94,13.8,0.14,1.01,54905.72,76143.487,1.0636,1.22,13.87,51476.48,13.72,43508.1,13.6075,44258.6425,13.626,45336.304,13.6962,47834.0388,13.779,63982.621,13.7713,66346.3407,13.7875,72899.5695
2116,20101213,600064.SH,13.45,13.87,13.45,13.8,13.42,0.38,2.83,48047.24,65810.457,0.9308,1.09,13.61,37809.29,13.4967,40709.6167,13.5475,42943.95,13.622,44906.212,13.7075,53599.7813,13.721,65369.067,13.7347,69457.9513,13.768,75966.941
2117,20101210,600064.SH,13.26,13.48,13.21,13.42,13.27,0.15,1.13,27571.34,36804.313,0.5341,0.55,13.345,37040.805,13.4633,41242.8533,13.5775,44120.955,13.602,44136.338,13.7562,67109.1563,13.715,65572.091,13.7547,72556.6373,13.7855,79848.2655
2118,20101209,600064.SH,13.66,13.66,13.24,13.27,13.7,-0.43,-3.14,46510.27,62382.588,0.901,0.76,13.485,48078.61,13.63,49637.4933,13.6475,48277.5875,13.682,50429.602,13.7487,72259.0113,13.754,69542.954,13.8127,79295.282,13.8035,89000.3045
2119,20101208,600064.SH,13.97,14.09,13.69,13.7,13.92,-0.22,-1.58,49646.95,68850.746,0.9617,0.6,13.81,51201.105,13.7733,48866.6933,13.785,51409.435,13.834,61333.88,13.8075,72704.9125,13.844,75588.642,13.8433,80020.376,13.8965,95181.152
2120,20101207,600064.SH,13.72,13.94,13.6,13.92,13.7,0.22,1.61,52755.26,72889.213,1.022,0.61,13.81,48476.565,13.8133,51996.93,13.8675,64255.6125,13.932,82628.938,13.8212,74909.04,13.844,76851.359,13.8413,82087.3247,13.992,102554.4415
2121,20101206,600064.SH,13.81,13.89,13.55,13.7,13.82,-0.12,-0.87,44197.87,60600.852,0.8562,0.51,13.76,51617.765,13.85,68089.0633,13.935,90097.3575,13.82,85831.922,13.8525,81685.5263,13.791,81733.821,13.8167,86320.5173,14.082,113639.6425
2122,20101203,600064.SH,14.02,14.16,13.6,13.82,14.03,-0.21,-1.5,59037.66,81516.59,1.1437,0.67,13.925,80034.66,14.0133,105397.1867,13.85,96240.435,13.828,87007.844,13.8525,83945.0575,13.831,86766.787,13.8467,91752.2413,14.2015,135297.036
2123,20101202,600064.SH,14.35,14.36,13.96,14.03,14.19,-0.16,-1.13,101031.66,142508.972,1.9571,1.12,14.11,128576.95,13.86,108641.36,13.83,94000.39,13.826,88656.306,13.7987,89262.835,13.878,93728.122,13.844,101857.2053,14.242,148765.706
2124,20101201,600064.SH,13.35,14.28,13.3,14.19,13.36,0.83,6.21,156122.24,219083.007,3.0243,2.2,13.775,112446.21,13.7633,91656.6333,13.775,85562.4675,13.854,89843.404,13.8075,88449.8188,13.848,89363.624,13.9173,106463.576,14.2055,147708.5515
2125,20101130,600064.SH,13.71,13.91,13.1,13.36,13.74,-0.38,-2.77,68770.18,92271.307,1.3322,0.89,13.55,59423.83,13.6367,62042.5433,13.77,73273.695,13.756,71073.78,13.82,85015.915,13.796,81816.518,14.012,109196.276,14.1545,144451.715
2126,20101129,600064.SH,13.79,13.91,13.43,13.74,13.81,-0.07,-0.51,50077.48,68323.173,0.9701,0.58,13.775,58678.725,13.9067,74774.8667,13.855,71649.68,13.762,77635.72,13.8662,83592.9775,13.815,86564.815,14.1693,122908.8827,14.142,146611.1905
2127,20101126,600064.SH,14.14,14.14,13.7,13.81,14.17,-0.36,-2.54,67279.97,93204.523,1.3033,0.68,13.99,87123.56,13.8933,78840.4133,13.7675,84525.28,13.834,86525.73,13.8575,87414.69,13.856,94124.44,14.326,151393.4333,14.1155,149124.1035
2128,20101125,600064.SH,13.78,14.3,13.66,14.17,13.7,0.47,3.43,106967.15,150381.482,2.0721,1.2,13.935,84620.635,13.7533,90273.7167,13.84,91337.17,13.93,98799.938,13.825,93536.3375,13.853,108457.655,14.3807,168802.1727,14.078,150954.665
2129,20101124,600064.SH,13.29,13.73,13.19,13.7,13.39,0.31,2.32,62274.12,84589.099,1.2064,0.67,13.545,81927.0,13.73,86127.1767,13.87,96758.135,13.842,88883.844,13.8225,95874.66,13.949,114773.662,14.3227,166996.934,14.041,149521.6115
2130,20101123,600064.SH,14.03,14.06,12.97,13.39,14.1,-0.71,-5.04,101579.88,136687.005,1.9678,1.06,13.745,98053.705,13.9267,108252.8067,13.8775,95536.275,13.836,92559.256,13.8325,114416.91,14.14,128257.524,14.2873,168911.0267,14.023,152073.19
2131,20101122,600064.SH,14.04,14.26,13.95,14.1,14.29,-0.19,-1.33,94527.53,133052.785,1.8312,0.93,14.195,111589.27,14.04,93521.74,13.9475,90304.1,13.868,95493.91,14.05,122985.3275,14.373,145545.464,14.2687,169603.014,14.028,153970.0475
2132,20101119,600064.SH,13.77,14.33,13.77,14.29,13.73,0.56,4.08,128651.01,181258.197,2.4922,1.09,14.01,93018.845,13.8967,88896.29,13.81,95735.505,13.878,101723.15,14.2387,135808.4788,14.572,183827.285,14.2093,169990.228,13.9985,156006.66
2133,20101118,600064.SH,13.71,13.92,13.53,13.73,13.67,0.06,0.44,57386.68,78767.607,1.1117,0.41,13.7,69018.93,13.65,84763.67,13.775,94991.185,13.776,118115.372,14.4175,154034.5125,14.606,203803.29,14.1273,168339.574,13.93,153112.491
2134,20101117,600064.SH,13.33,13.8,13.26,13.67,13.55,0.12,0.89,80651.18,109418.047,1.5623,0.49,13.61,98452.165,13.79,107526.02,13.7875,133297.545,14.056,140663.48,14.7125,206529.395,14.563,206053.479,14.1073,169734.2007,13.889,155568.3405
2135,20101116,600064.SH,14.2,14.29,13.42,13.55,14.15,-0.6,-4.24,116253.15,160980.033,2.252,0.59,13.85,120963.44,13.8267,150846.3333,14.1525,155666.555,14.444,163955.792,14.8325,237499.38,14.513,207086.912,14.0853,171911.168,13.861,160661.9525
2136,20101115,600064.SH,13.85,14.2,13.73,14.15,13.78,0.37,2.69,125673.73,176170.658,2.4345,0.47,13.965,168142.925,14.3533,168804.3567,14.6675,175881.4525,14.878,195597.018,14.8012,232953.8075,14.469,206657.566,14.0813,173462.0933,13.8585,160854.4145
2137,20101112,600064.SH,15.09,15.09,13.73,13.78,15.13,-1.35,-8.92,210612.12,302166.072,4.0799,0.73,14.455,190369.67,14.84,192617.36,15.06,213077.84,15.266,265931.42,14.6787,228617.78,14.375,204123.767,14.0387,174101.1633,13.8155,166982.9475
2138,20101111,600064.SH,15.38,15.58,15.1,15.13,15.61,-0.48,-3.08,170127.22,261380.633,3.2956,0.63,15.37,183619.98,15.4867,213899.7467,15.6375,279761.245,15.436,289491.208,14.595,216286.2263,14.303,193451.675,13.9813,164778.1973,13.796,167994.7705
2139,20101110,600064.SH,15.58,15.76,15.11,15.61,15.72,-0.11,-0.7,197112.74,303679.096,3.8184,0.79,15.665,235786.01,15.8067,316305.92,15.5125,319332.205,15.07,271443.478,14.355,207562.2913,14.133,184269.561,13.8333,160536.6273,13.679,169999.901
2140,20101109,600064.SH,16.26,16.27,15.47,15.72,16.09,-0.37,-2.3,274459.28,433054.423,5.3167,1.26,15.905,375902.51,15.48,360072.0267,14.935,290026.1625,14.582,250218.032,14.0362,195909.5988,13.906,175888.856,13.6667,159564.006,13.526,166118.663
2141,20101108,600064.SH,14.97,16.09,14.97,16.09,14.63,1.46,9.98,477345.74,740801.149,9.247,3.35,15.36,402878.4,14.6733,295215.1233,14.2975,244157.72,14.06,217718.114,13.75,171390.4488,13.683,162394.631,13.5187,149273.5467,13.3515,156460.125
2142,20101105,600064.SH,13.42,14.63,13.42,14.63,13.3,1.33,10.0,328411.06,469916.452,6.3619,3.37,13.965,204149.815,13.7,166428.38,13.5525,152811.2075,13.484,142316.114,13.4062,125885.4425,13.425,128186.035,13.332,134000.1233,13.1615,138934.7285
2143,20101104,600064.SH,13.15,13.35,13.13,13.3,13.17,0.13,0.99,79888.57,105658.447,1.5476,0.82,13.235,85437.04,13.1933,94277.9233,13.1975,95792.3775,13.17,97412.142,13.2637,102273.6888,13.254,102421.692,13.2493,127495.958,13.017,126464.6145
2144,20101103,600064.SH,13.1,13.38,13.04,13.17,13.11,0.06,0.46,90985.51,120512.474,1.7625,0.9,13.14,101472.6,13.1633,101093.6467,13.1375,101793.035,13.196,97095.644,13.29,109195.09,13.215,105083.202,13.2153,136185.3753,12.9285,125086.9495
2145,20101102,600064.SH,13.2,13.27,13.04,13.11,13.21,-0.1,-0.76,111959.69,147097.776,2.1688,1.05,13.16,106147.715,13.1267,105395.5433,13.2025,98623.1775,13.23,101559.68,13.2587,106667.855,13.209,114236.993,13.174,138085.54,12.831,122363.325
2146,20101101,600064.SH,13.07,13.28,13.01,13.21,13.06,0.15,1.15,100335.74,132135.576,1.9437,0.88,13.135,102113.47,13.2333,94177.6733,13.26,98959.6775,13.306,107071.148,13.2337,105985.8525,13.248,115051.263,13.1153,136040.7953,12.743,118444.7705
2147,20101029,600064.SH,13.5,13.58,12.96,13.06,13.43,-0.37,-2.76,103891.2,136511.958,2.0125,0.97,13.245,91098.64,13.2767,98500.99,13.33,108755.0,13.366,114055.956,13.2212,116259.3125,13.256,129842.128,13.054,137807.6,12.6635,115478.644
2148,20101028,600064.SH,13.41,13.57,13.3,13.43,13.34,0.09,0.67,78306.08,105083.779,1.5169,0.69,13.385,95805.885,13.42,110376.2667,13.4425,116597.145,13.338,107431.242,13.2762,118285.7113,13.289,142537.866,12.966,136148.772,12.579,111612.256
2149,20101027,600064.SH,13.47,13.76,13.23,13.34,13.49,-0.15,-1.11,113305.69,153551.276,2.1949,0.89,13.415,126411.36,13.4467,129360.8333,13.315,114712.5325,13.234,113070.76,13.2587,139528.0,13.225,155730.241,12.8393,134417.3847,12.478,109520.84
2150,20101026,600064.SH,13.6,13.82,13.36,13.49,13.51,-0.02,-0.15,139517.03,190073.413,2.7027,1.13,13.5,137388.405,13.3067,115181.48,13.2075,113012.0275,13.188,126914.306,13.265,154220.8613,13.146,156348.47,12.698,129297.8733,12.3895,105240.3115
2151,20101025,600064.SH,12.96,13.64,12.85,13.51,12.92,0.59,4.57,135259.78,180337.265,2.6202,0.93,13.215,103013.705,13.1133,104177.0267,13.1125,123763.625,13.19,123031.378,13.1775,163059.9613,13.02,150525.619,12.5553,122235.978,12.2955,101039.1765
2152,20101022,600064.SH,12.88,13.04,12.82,12.92,12.91,0.01,0.08,70767.63,91407.896,1.3709,0.4,12.915,88635.65,12.98,119931.5733,13.11,119974.2775,13.146,145628.3,13.0575,161088.4863,12.898,149683.422,12.4293,115952.8733,12.22,96845.687
2153,20101021,600064.SH,13.12,13.12,12.73,12.91,13.11,-0.2,-1.53,106503.67,137535.845,2.0631,0.54,13.01,144513.545,13.1733,136376.4933,13.2025,164343.4675,13.24,177644.49,12.9712,162403.5975,12.78,150507.537,12.326,113005.9273,12.1845,96135.0485
2154,20101020,600064.SH,13.2,13.36,12.8,13.11,13.5,-0.39,-2.89,182523.42,239654.896,3.5358,0.98,13.305,151312.905,13.3,183623.4,13.3225,195429.695,13.216,198389.722,12.8937,164945.365,12.642,145090.697,12.226,108337.5333,12.1535,94282.259
2155,20101019,600064.SH,13.2,13.56,13.15,13.5,13.29,0.21,1.58,120102.39,160455.168,2.3266,0.67,13.395,184173.39,13.3933,199731.7867,13.2425,202356.2975,13.104,185782.634,12.7225,152006.035,12.453,130489.657,12.1233,98015.6467,12.108,88139.9795
2156,20101018,600064.SH,13.55,14.04,13.19,13.29,13.39,-0.1,-0.75,248244.39,337328.82,4.8089,1.61,13.34,239546.485,13.1567,229774.2667,13.005,202202.695,12.85,178019.86,12.4762,143535.145,12.238,121838.278,11.9973,93708.4427,12.036,85657.356
2157,20101015,600064.SH,12.8,13.39,12.58,13.39,12.79,0.6,4.69,230848.58,302300.15,4.4719,1.87,13.09,220539.205,12.91,186855.4633,12.74,160463.7275,12.65,153738.544,12.2175,117068.7238,12.071,101115.16,11.9113,80584.816,11.9915,76605.6665
2158,20101014,600064.SH,12.53,13.15,12.53,12.79,12.55,0.24,1.91,210229.83,271136.342,4.0725,2.29,12.67,164858.905,12.5233,137002.11,12.465,134461.035,12.32,123370.584,11.9625,92411.2263,11.869,80686.646,11.8327,68965.2347,11.9485,67805.4825
2159,20101013,600064.SH,12.27,12.87,12.27,12.55,12.23,0.32,2.62,119487.98,150189.386,2.3147,1.59,12.39,100388.25,12.3567,109204.77,12.2025,101655.7725,12.068,91791.672,11.8162,71259.1488,11.731,63311.439,11.7993,59579.7713,11.937,61617.287
2160,20101012,600064.SH,12.19,12.32,12.07,12.23,12.29,-0.06,-0.49,81288.52,99004.845,1.5747,1.24,12.26,104063.165,12.0867,95711.7033,11.9475,84867.595,11.802,75196.68,11.6687,59643.5813,11.633,54132.153,11.776,55592.428,11.926,59212.017
2161,20101011,600064.SH,11.78,12.45,11.71,12.29,11.74,0.55,4.68,126837.81,154378.032,2.4571,2.62,12.015,102923.295,11.8533,86060.62,11.695,73673.72,11.626,65656.696,11.5662,54042.2363,11.571,51552.734,11.7647,54869.8547,11.9385,60095.914
2162,20101008,600064.SH,11.42,11.84,11.32,11.74,11.53,0.21,1.82,79008.78,91860.218,1.5305,2.08,11.635,65672.025,11.4967,55952.3567,11.46,50361.4175,11.492,48491.776,11.4762,41649.4,11.542,44007.952,11.772,50894.7073,11.93,57275.1705
2163,20100930,600064.SH,11.17,11.59,11.01,11.53,11.22,0.31,2.76,52335.27,59605.757,1.0138,1.5,11.375,44424.145,11.3667,40812.2967,11.43,40862.525,11.418,38002.708,11.46,38710.0938,11.589,41762.56,11.8247,49283.782,11.9555,55698.8725
2164,20100929,600064.SH,11.35,11.48,11.21,11.22,11.35,-0.13,-1.15,36513.02,41348.677,0.7073,1.1,11.285,35050.81,11.3967,37038.2767,11.39,34419.5675,11.394,34831.206,11.5187,38591.9338,11.665,43473.821,11.8933,51559.1587,12.0015,55850.3975
2165,20100928,600064.SH,11.54,11.57,11.33,11.35,11.62,-0.27,-2.32,33588.6,38392.861,0.6507,0.9,11.485,37300.905,11.4467,33721.75,11.4375,34410.7525,11.464,33067.626,11.6425,41097.1638,11.763,45790.302,11.9673,53883.796,12.0515,55498.1385
2166,20100927,600064.SH,11.5,11.67,11.4,11.62,11.37,0.25,2.2,41013.21,47172.648,0.7945,1.04,11.495,33788.325,11.4667,34684.8033,11.4925,32937.3825,11.516,37448.772,11.76,45579.5738,11.834,49476.434,12.0427,58242.32,12.089,55540.2665
2167,20100921,600064.SH,11.5,11.51,11.33,11.37,11.41,-0.04,-0.35,26563.44,30267.746,0.5146,0.58,11.39,31520.6,11.45,30245.44,11.49,36557.6625,11.592,39524.128,11.8325,47912.6513,11.912,52096.173,12.076,60202.9687,12.109,56665.089
2168,20100920,600064.SH,11.56,11.68,11.38,11.41,11.57,-0.16,-1.38,36477.76,41984.65,0.7066,0.7,11.49,32086.44,11.53,39889.07,11.6475,42764.3,11.76,45522.412,11.9187,53398.4613,12.028,54924.319,12.1347,61597.594,12.1705,57389.7905
2169,20100917,600064.SH,11.74,11.75,11.55,11.57,11.61,-0.04,-0.34,27695.12,32263.295,0.5365,0.47,11.59,41594.725,11.7267,44859.8133,11.8475,47783.575,11.936,52116.436,12.0425,57240.0663,12.143,59923.135,12.204,62856.7947,12.222,57741.101
2170,20100916,600064.SH,12.08,12.1,11.52,11.61,12.0,-0.39,-3.25,55494.33,65386.007,1.075,0.9,11.805,53442.16,11.94,54479.7267,12.0275,58221.765,12.062,58512.978,12.1625,60633.7888,12.219,64291.881,12.2473,62974.976,12.268,60048.2745
2171,20100915,600064.SH,12.2,12.2,11.95,12.0,12.21,-0.21,-1.72,51389.99,62073.472,0.9955,0.79,12.105,53972.425,12.1667,59130.91,12.175,59267.64,12.152,61504.096,12.2812,64505.2375,12.306,68639.094,12.28,61570.7647,12.3385,60887.9535
2172,20100914,600064.SH,12.31,12.44,12.16,12.21,12.29,-0.08,-0.65,56554.86,69388.921,1.0956,0.88,12.25,63001.37,12.2333,61893.5233,12.19,64032.6225,12.232,64668.218,12.3225,67004.3113,12.318,70542.389,12.2813,62378.7427,12.394,62197.4895
2173,20100913,600064.SH,12.15,12.37,12.05,12.29,12.2,0.09,0.74,69447.88,84815.317,1.3453,1.03,12.245,64562.855,12.1833,66525.21,12.2375,66696.5575,12.296,64326.226,12.3562,72305.7613,12.322,69635.185,12.3073,61345.5833,12.4515,62621.535
2174,20100910,600064.SH,12.1,12.21,12.01,12.2,12.06,0.14,1.16,59677.83,72301.368,1.1561,0.85,12.13,65063.875,12.22,65779.45,12.2975,63045.8125,12.35,67729.834,12.335,72427.6438,12.338,68226.974,12.3173,59615.9893,12.499,62986.8045
2175,20100909,600064.SH,12.35,12.4,12.02,12.06,12.4,-0.34,-2.74,70449.92,85950.997,1.3647,0.93,12.23,68830.26,12.33,64168.4733,12.3875,69742.835,12.376,70070.784,12.3412,70903.2675,12.34,65205.975,12.3367,60560.04,12.537,62383.358
2176,20100908,600064.SH,12.42,12.48,12.23,12.4,12.53,-0.13,-1.04,67210.6,82933.692,1.302,0.88,12.465,61027.75,12.4967,69507.14,12.455,69976.0,12.46,75774.092,12.39,69017.7488,12.344,61604.099,12.4007,60682.5727,12.575,62665.044
2177,20100907,600064.SH,12.55,12.67,12.35,12.53,12.56,-0.03,-0.24,54844.9,68714.503,1.0624,0.73,12.545,70655.41,12.4733,70897.8,12.475,77914.965,12.404,76416.56,12.3675,64299.9038,12.306,61234.005,12.448,61373.9133,12.6055,63016.0735
2178,20100906,600064.SH,12.4,12.75,12.27,12.56,12.33,0.23,1.87,86465.92,108344.925,1.675,1.26,12.445,78924.25,12.4567,85604.9867,12.3725,81809.475,12.348,74944.144,12.3137,61748.1863,12.313,59855.262,12.5033,62053.3047,12.617,66397.253
2179,20100903,600064.SH,12.48,12.48,12.17,12.33,12.48,-0.15,-1.2,71382.58,87739.169,1.3828,1.18,12.405,85174.52,12.31,80257.3267,12.295,72063.7,12.326,68724.114,12.2462,58878.6538,12.301,55559.067,12.5487,61405.7947,12.646,70755.942
2180,20100902,600064.SH,12.3,12.54,12.2,12.48,12.12,0.36,2.97,98966.46,122710.346,1.9171,2.09,12.3,84694.7,12.2833,72290.74,12.325,68059.4975,12.304,60341.166,12.28,55088.015,12.317,55804.668,12.5907,59820.8827,12.651,70771.5835
2181,20100901,600064.SH,12.31,12.46,12.0,12.12,12.25,-0.13,-1.06,70422.94,86150.724,1.3642,1.53,12.185,58952.88,12.2733,57757.1767,12.26,50684.8425,12.228,47434.106,12.275,48155.2038,12.371,53136.813,12.6133,58295.3613,12.6415,68724.595
2182,20100831,600064.SH,12.38,12.38,12.18,12.25,12.45,-0.2,-1.61,47482.82,58190.495,0.9198,1.06,12.35,51424.295,12.3067,44105.4767,12.255,41686.8975,12.208,46051.45,12.3212,48582.16,12.47,53852.59,12.6727,58549.2447,12.6585,68845.4745
2183,20100830,600064.SH,12.25,12.48,12.25,12.45,12.22,0.23,1.88,55365.77,68386.83,1.0725,1.31,12.335,42416.805,12.2567,39754.9233,12.1975,45693.6075,12.278,44766.38,12.4175,51682.7963,12.581,55607.885,12.7067,63548.2893,12.669,70526.0755
2184,20100827,600064.SH,12.1,12.34,12.1,12.22,12.1,0.12,0.99,29467.84,36041.995,0.5708,0.57,12.16,31949.5,12.1133,42469.5533,12.235,42116.5325,12.276,42394.02,12.5,54459.6638,12.66,57746.635,12.7527,71433.218,12.678,71736.159
2185,20100826,600064.SH,12.11,12.31,12.04,12.1,12.02,0.08,0.67,34431.16,41856.768,0.667,0.59,12.06,48970.41,12.24,46332.7633,12.29,45625.565,12.33,51268.17,12.6425,58905.655,12.734,59560.741,12.7667,74248.3893,12.6875,72787.106
2186,20100825,600064.SH,12.33,12.55,11.99,12.02,12.6,-0.58,-4.6,63509.66,78008.752,1.2303,1.03,12.31,52283.565,12.3533,49357.0333,12.3875,55477.4225,12.514,58839.52,12.785,64195.9188,12.806,63725.989,12.7793,75821.4247,12.705,75371.8505
2187,20100824,600064.SH,12.48,12.68,12.3,12.6,12.44,0.16,1.29,41057.47,51467.559,0.7954,0.62,12.52,42280.72,12.51,52800.01,12.6375,57671.985,12.732,61653.73,12.9025,62208.3238,12.905,64798.142,12.8087,76443.4827,12.719,76652.8165
2188,20100823,600064.SH,12.49,12.61,12.37,12.44,12.49,-0.05,-0.4,43503.97,54412.661,0.8427,0.6,12.465,58671.28,12.65,63210.1567,12.765,66802.795,12.884,66449.39,12.93,66586.595,12.921,72939.244,12.7993,79112.6407,12.689,76979.706
2189,20100820,600064.SH,12.95,12.95,12.48,12.49,13.02,-0.53,-4.07,73838.59,93676.857,1.4304,1.09,12.755,73063.25,12.8733,74569.07,12.995,72185.745,13.044,73099.25,13.0012,70427.4975,12.991,85952.817,12.812,81516.872,12.6765,77338.285
2190,20100819,600064.SH,13.11,13.19,12.92,13.02,13.11,-0.09,-0.69,72287.91,94287.586,1.4003,1.05,13.065,74934.31,13.1633,71634.7967,13.1825,72914.415,13.138,67853.312,13.035,76506.235,12.985,85738.499,12.8067,79960.0847,12.6595,76821.791
2191,20100818,600064.SH,13.28,13.37,13.06,13.11,13.36,-0.25,-1.87,77580.71,102069.248,1.5029,1.14,13.235,71308.24,13.2367,73123.25,13.1675,66744.6625,13.098,68612.458,13.05,89175.2088,12.912,84312.377,12.7687,80882.6273,12.619,78201.694
2192,20100817,600064.SH,13.3,13.37,13.16,13.36,13.24,0.12,0.91,65035.77,86390.354,1.2598,0.82,13.3,70894.52,13.1867,63132.6467,13.095,66370.395,13.078,67942.554,12.965,88439.5463,12.847,83838.359,12.7147,81652.512,12.5495,77884.198
2193,20100816,600064.SH,12.9,13.29,12.89,13.24,12.96,0.28,2.16,76753.27,100919.123,1.4868,0.78,13.1,62181.085,13.0067,66815.27,13.0075,68669.25,12.958,79429.098,12.8312,87563.4113,12.757,85444.266,12.624,80489.8113,12.468,78586.523
2194,20100813,600064.SH,12.77,12.99,12.61,12.96,12.82,0.14,1.09,47608.9,61070.957,0.9223,0.46,12.89,61846.27,12.93,65974.5767,12.8875,80098.055,12.938,98806.384,12.7337,87074.3188,12.696,85725.683,12.554,78751.2967,12.379,77050.2805
2195,20100812,600064.SH,12.8,13.17,12.71,12.82,13.01,-0.19,-1.46,76083.64,98444.158,1.4739,0.76,12.915,75157.415,12.8633,90927.7733,12.9325,111605.755,12.832,103623.686,12.6712,91260.0613,12.641,86013.471,12.5,79811.284,12.2895,76017.1335
2196,20100811,600064.SH,12.73,13.09,12.64,13.01,12.76,0.25,1.96,74231.19,95901.929,1.438,0.74,12.885,98349.84,12.97,123446.46,12.835,110508.6975,12.726,100012.296,12.6475,91695.5363,12.604,87017.712,12.4593,81398.106,12.2045,74319.8915
2197,20100810,600064.SH,13.05,13.39,12.74,12.76,13.14,-0.38,-2.89,122468.49,160290.244,2.3724,1.34,12.95,148054.095,12.7767,122601.2,12.655,106457.5725,12.616,99734.164,12.5725,88727.485,12.533,88507.491,12.3733,81198.0793,12.12,72590.005
2198,20100809,600064.SH,12.4,13.48,12.34,13.14,12.43,0.71,5.71,173639.7,225021.05,3.3637,2.39,12.785,122667.555,12.62,101120.6,12.58,94050.5825,12.556,91459.434,12.5337,84184.68,12.457,81020.168,12.3047,78305.6647,12.0445,69205.398
2199,20100806,600064.SH,12.27,12.48,12.06,12.43,12.29,0.14,1.14,71695.41,88278.006,1.3889,1.05,12.36,64861.05,12.3933,67520.8767,12.41,70914.3675,12.454,72644.982,12.4287,73620.84,12.362,68723.753,12.1927,69798.246,11.969,64188.0105
2200,20100805,600064.SH,12.41,12.48,12.24,12.29,12.46,-0.17,-1.36,58026.69,71785.714,1.1241,0.78,12.375,65433.61,12.4033,70654.02,12.46,72882.375,12.45,68403.256,12.375,70608.3213,12.334,67905.083,12.1087,66814.9493,11.907,63347.6595
2201,20100804,600064.SH,12.4,12.5,12.16,12.46,12.46,0.0,0.0,72840.53,89584.834,1.411,0.94,12.46,76967.685,12.5167,77834.27,12.49,70997.3975,12.482,74023.128,12.3625,69689.4288,12.326,72091.011,12.0307,65755.7567,11.8365,62444.6995
2202,20100803,600064.SH,12.64,12.74,12.45,12.46,12.63,-0.17,-1.35,81094.84,102356.363,1.5709,1.15,12.545,80331.14,12.5,70383.02,12.4875,74318.7775,12.45,77280.818,12.3237,68522.9513,12.252,71930.037,11.9547,63541.952,11.75,60492.932
2203,20100802,600064.SH,12.36,12.7,12.27,12.63,12.41,0.22,1.77,79567.44,99829.287,1.5414,1.23,12.52,65027.11,12.4967,72060.09,12.4475,76327.3125,12.358,70580.902,12.2925,70871.8425,12.179,71728.78,11.874,61787.386,11.663,58111.5835
2204,20100730,600064.SH,12.42,12.55,12.3,12.41,12.45,-0.04,-0.32,50486.78,62668.908,0.978,0.75,12.43,68306.415,12.3867,75247.27,12.29,68334.2675,12.27,64802.524,12.1787,69829.7613,12.062,68374.878,11.8073,61369.02,11.557,55449.6975
2205,20100729,600064.SH,12.4,12.56,12.28,12.45,12.3,0.15,1.22,86126.05,106859.836,1.6684,1.23,12.375,87627.515,12.25,74283.43,12.235,68381.46,12.218,67406.91,12.0937,73404.1975,11.938,66020.796,11.726,61662.4607,11.472,54778.773
2206,20100728,600064.SH,11.96,12.31,11.88,12.3,12.0,0.3,2.5,89128.98,108378.658,1.7266,1.34,12.15,68362.12,12.1633,62466.5967,12.16,62727.125,12.17,70158.894,11.97,68391.9938,11.805,61622.071,11.6213,58585.2233,11.3735,51707.6385
2207,20100727,600064.SH,12.15,12.16,11.98,12.0,12.19,-0.19,-1.56,47595.26,57407.477,0.922,0.65,12.095,49135.405,12.1133,53926.5067,12.1375,65416.3725,12.054,66579.256,11.8287,60619.1163,11.707,56672.519,11.5167,54896.97,11.2845,48874.438
2208,20100726,600064.SH,12.14,12.22,12.02,12.19,12.15,0.04,0.33,50675.55,61453.586,0.9817,0.7,12.17,57092.13,12.1833,71356.7433,12.0675,71325.255,12.0,72876.658,11.7187,59937.0588,11.632,57390.628,11.4313,53955.144,11.23,48934.259
2209,20100723,600064.SH,12.19,12.26,11.91,12.15,12.21,-0.06,-0.49,63508.71,76793.589,1.2303,0.98,12.18,81697.34,12.0267,78208.49,11.9525,78426.935,11.854,71947.232,11.61,58556.7975,11.576,59652.268,11.3193,52332.0887,11.196,47606.7585
2210,20100722,600064.SH,11.72,12.22,11.62,12.21,11.72,0.49,4.18,99885.97,120117.134,1.935,1.88,11.965,85558.38,11.8867,83399.6767,11.78,74056.8625,11.658,64634.682,11.4975,57465.2525,11.48,58790.236,11.2233,50569.394,11.1715,45671.61
2211,20100721,600064.SH,11.75,11.99,11.68,11.72,11.73,-0.01,-0.09,71230.79,84117.597,1.3799,1.52,11.725,75156.53,11.6367,65447.16,11.52,55821.86,11.44,53085.248,11.425,54141.0,11.347,52798.388,11.108,45557.22,11.153,42131.269
2212,20100720,600064.SH,11.48,11.78,11.41,11.73,11.46,0.27,2.36,79082.27,92317.74,1.532,1.89,11.595,62555.345,11.4533,50685.55,11.37,48548.8625,11.36,46765.782,11.3587,52098.2,11.248,49055.827,11.028,42972.832,11.159,40280.43
2213,20100719,600064.SH,11.14,11.48,11.0,11.46,11.17,0.29,2.6,46028.42,52150.847,0.8916,0.97,11.315,36487.19,11.25,38371.06,11.2675,38686.66,11.264,41904.598,11.2525,47208.8525,11.147,44494.387,10.9733,40953.4593,11.1715,39300.9635
2214,20100716,600064.SH,11.03,11.23,10.88,11.17,11.12,0.05,0.45,26945.96,29789.692,0.522,0.51,11.145,34542.38,11.2033,36239.4067,11.215,40873.6425,11.298,47357.304,11.1612,45680.9475,11.052,42524.517,10.9767,39493.2673,11.1955,39900.1835
2215,20100715,600064.SH,11.29,11.5,11.09,11.12,11.32,-0.2,-1.77,42138.8,47706.503,0.8163,0.8,11.22,40886.13,11.23,45516.2033,11.33,52460.14,11.302,52945.79,11.105,46496.1863,11.006,43536.75,11.0093,39350.586,11.207,40366.6305
2216,20100714,600064.SH,11.43,11.54,11.26,11.32,11.25,0.07,0.62,39633.46,45156.338,0.7678,0.77,11.285,47204.905,11.4,55900.5867,11.3475,55647.5375,11.254,52511.528,11.0287,44520.0513,10.942,41793.206,11.0573,38479.9427,11.2365,39685.945
2217,20100713,600064.SH,11.45,11.45,11.18,11.25,11.63,-0.38,-3.27,54776.35,61869.295,1.0611,1.16,11.44,64034.15,11.3567,60985.5633,11.2375,55731.045,11.136,51345.872,10.9525,44199.405,10.862,41076.357,11.092,38118.646,11.262,39505.6875
2218,20100712,600064.SH,11.19,11.67,11.11,11.63,11.19,0.44,3.93,73291.95,84347.192,1.4198,1.94,11.41,64090.17,11.2333,56049.2767,11.1075,50488.2525,11.03,47084.176,10.8562,40440.2813,10.828,40477.89,11.1407,38433.0853,11.288,39333.989
2219,20100709,600064.SH,10.87,11.22,10.77,11.19,10.88,0.31,2.85,54888.39,60598.573,1.0633,1.61,11.035,47427.94,10.9333,42887.02,10.88,40532.2325,10.806,37691.73,10.7175,35336.9088,10.816,35561.249,11.1613,37414.4767,11.3055,38941.0705
2220,20100708,600064.SH,10.78,10.93,10.66,10.88,10.73,0.15,1.4,39967.49,43172.527,0.7742,1.29,10.805,36886.335,10.7767,35746.8467,10.71,33392.565,10.71,34127.71,10.6825,34574.82,10.863,32552.984,11.1753,36173.5773,11.3195,37609.2405
2221,20100707,600064.SH,10.71,10.78,10.57,10.73,10.72,0.01,0.09,33805.18,36103.492,0.6549,1.1,10.725,33636.525,10.6533,31200.9233,10.6675,32667.765,10.63,31074.884,10.7612,32594.5763,10.959,31464.15,11.2307,35410.7507,11.348,37553.117
2222,20100706,600064.SH,10.5,10.75,10.5,10.72,10.51,0.21,2.0,33467.87,35663.668,0.6483,0.99,10.615,29898.795,10.6467,32288.6267,10.605,30392.31,10.588,30806.842,10.8775,31469.6463,11.07,31505.033,11.304,35558.9593,11.3975,37230.6465
2223,20100705,600064.SH,10.55,10.62,10.33,10.51,10.71,-0.2,-1.87,26329.72,27659.97,0.51,0.79,10.61,31699.005,10.5667,29367.1233,10.555,30141.585,10.626,33871.604,11.0175,30921.0563,11.196,34107.54,11.374,36750.5933,11.4395,37035.817
2224,20100702,600064.SH,10.48,10.72,10.2,10.71,10.48,0.23,2.19,37068.29,38962.127,0.7181,1.2,10.595,30885.825,10.57,31412.2067,10.655,35757.075,10.826,33430.768,11.1837,31906.5925,11.339,37275.85,11.472,39357.5173,11.4995,37333.2145
2225,20100701,600064.SH,10.58,10.69,10.44,10.48,10.52,-0.04,-0.38,24703.36,26069.176,0.4785,0.78,10.5,28584.165,10.6367,35320.0033,10.855,32521.3875,11.016,30978.258,11.3425,34709.6738,11.408,37196.511,11.5227,38769.7507,11.5375,37504.593
2226,20100630,600064.SH,10.81,10.94,10.51,10.52,10.91,-0.39,-3.57,32464.97,34533.708,0.6289,1.01,10.715,40628.325,10.98,35127.3967,11.15,32546.9825,11.288,31853.416,11.525,38873.3563,11.531,37578.684,11.5873,39712.528,11.607,38387.8245
2227,20100629,600064.SH,11.6,11.67,10.9,10.91,11.51,-0.6,-5.21,48791.68,54704.334,0.9452,1.42,11.21,36458.61,11.36,32574.32,11.48,31700.5275,11.552,32203.224,11.635,39349.5975,11.662,37935.018,11.6673,39371.9147,11.707,39032.2455
2228,20100628,600064.SH,11.62,11.76,11.48,11.51,11.66,-0.15,-1.29,24125.54,27982.073,0.4674,0.59,11.585,24465.64,11.67,26003.4767,11.7125,28056.11,11.766,34343.476,11.735,36816.2738,11.748,38190.088,11.7107,38090.5547,11.7955,39399.025
2229,20100625,600064.SH,11.8,11.81,11.54,11.66,11.84,-0.18,-1.52,24805.74,28929.107,0.4805,0.57,11.75,26942.445,11.78,29366.3,11.83,36897.96,11.852,41120.932,11.775,38304.12,11.795,42320.892,11.724,38634.03,11.851,40919.418
2230,20100624,600064.SH,11.89,11.97,11.64,11.84,11.84,0.0,0.0,29079.15,34373.93,0.5633,0.67,11.84,31646.58,11.8867,40928.7,11.9,45199.73,11.8,43414.764,11.7887,41621.2,11.776,42665.497,11.7113,39680.038,11.882,42150.221
2231,20100623,600064.SH,11.93,12.05,11.62,11.84,11.98,-0.14,-1.17,34214.01,40481.886,0.6628,0.78,11.91,46853.475,11.92,50573.2567,11.79,46998.6675,11.774,43303.952,11.8062,46165.5038,11.737,43642.084,11.7133,40565.9607,11.9195,43925.132
2232,20100622,600064.SH,11.98,12.23,11.93,11.98,11.94,0.04,0.34,59492.94,71736.054,1.1525,1.42,11.96,58752.88,11.7733,51260.22,11.7575,45576.4375,11.772,43666.812,11.76,45420.2263,11.725,42956.26,11.7587,41308.586,11.9285,44617.7765
2233,20100621,600064.SH,11.42,11.95,11.42,11.94,11.4,0.54,4.74,58012.82,68316.49,1.1238,1.33,11.67,47143.86,11.6833,40937.6033,11.72,39710.28,11.73,42036.7,11.6937,42839.2363,11.683,39964.094,11.8053,41084.208,11.924,43613.587
2234,20100618,600064.SH,11.78,11.86,11.38,11.4,11.71,-0.31,-2.65,36274.9,42226.216,0.7027,0.87,11.555,32399.995,11.6467,33609.4333,11.6775,38042.67,11.738,43520.852,11.6662,39007.105,11.66,37390.579,11.8507,40852.2467,11.9465,42922.0455
2235,20100617,600064.SH,11.92,11.96,11.7,11.71,11.83,-0.12,-1.01,28525.09,33804.779,0.5526,0.65,11.77,32276.7,11.77,38631.9267,11.8225,45332.34,11.752,41916.23,11.6862,38169.1525,11.667,37812.675,11.9093,41728.7067,12.017,44084.3275
2236,20100611,600064.SH,11.85,11.96,11.79,11.83,11.77,0.06,0.51,36028.31,42768.982,0.6979,0.85,11.8,43685.345,11.86,50934.7567,11.7625,45264.015,11.7,43980.216,11.6862,38638.225,11.683,39196.965,11.968,44132.192,12.064,44247.525
2237,20100610,600064.SH,11.84,11.98,11.74,11.77,11.98,-0.21,-1.75,51342.38,60845.083,0.9946,1.35,11.875,58387.98,11.74,48342.5833,11.6675,45968.1925,11.678,42245.708,11.6412,39196.6688,11.752,40129.473,11.9807,44934.7647,12.507,44648.6555
2238,20100609,600064.SH,11.5,12.0,11.44,11.98,11.47,0.51,4.45,65433.58,76728.108,1.2676,2.09,11.725,46842.685,11.6333,44176.7967,11.655,39971.54,11.636,37891.488,11.6537,38074.87,11.843,40607.962,11.9887,44139.216,12.979,43597.8515
2239,20100608,600064.SH,11.44,11.57,11.32,11.47,11.45,0.02,0.17,28251.79,32346.71,0.5473,0.84,11.46,33548.405,11.5467,31484.1933,11.55,31005.965,11.582,31260.306,11.7212,35564.8463,11.907,39517.944,12.016,42722.4433,13.416,41794.917
2240,20100607,600064.SH,11.4,11.51,11.31,11.45,11.72,-0.27,-2.3,38845.02,44371.493,0.7525,1.13,11.585,33100.395,11.5767,31924.0233,11.61,32012.435,11.582,33709.12,11.8725,39049.2813,11.988,41634.945,12.1053,44807.0267,13.861,42608.81
2241,20100604,600064.SH,11.51,11.76,11.41,11.72,11.56,0.16,1.38,27355.77,31752.946,0.5299,0.72,11.64,28463.525,11.6633,29734.9067,11.615,32425.145,11.666,34413.714,12.0187,41010.3288,12.102,44208.18,12.1853,44336.628,14.3085,42202.6
2242,20100603,600064.SH,11.8,11.86,11.55,11.56,11.71,-0.15,-1.28,29571.28,34706.495,0.5728,0.68,11.635,30924.475,11.58,34114.9367,11.6525,36178.2,11.826,38013.238,12.0887,43768.5825,12.132,46279.293,12.7833,45449.638,14.7275,42546.453
2243,20100602,600064.SH,11.41,11.75,11.41,11.71,11.47,0.24,2.09,32277.67,37509.838,0.6253,0.68,11.59,36386.765,11.6833,38380.5067,11.8925,40123.7275,12.05,43324.436,12.2175,48144.3438,12.165,47263.08,13.4267,45499.9727,15.166,42593.965
2244,20100601,600064.SH,11.84,11.84,11.36,11.47,11.87,-0.4,-3.37,40495.86,46788.589,0.7845,0.82,11.67,41431.925,11.9533,42739.08,12.135,46086.1275,12.232,47775.582,12.2562,50117.9975,12.233,48453.512,14.0273,45306.454,15.6515,42767.935
2245,20100531,600064.SH,12.47,12.48,11.85,11.87,12.52,-0.65,-5.19,42367.99,51665.072,0.8207,0.78,12.195,43860.69,12.3567,47949.55,12.4225,49595.5125,12.394,49560.77,12.3087,49982.1588,12.367,50355.98,14.6207,45575.3733,16.1315,42218.761
2246,20100528,600064.SH,12.84,12.84,12.5,12.52,12.68,-0.16,-1.26,45353.39,57510.317,0.8786,0.83,12.6,50740.33,12.6067,52004.6867,12.525,51358.965,12.538,54002.646,12.3737,50208.9088,12.445,49298.085,15.1893,44798.8953,16.634,41906.1795
2247,20100527,600064.SH,12.65,12.72,12.36,12.68,12.62,0.06,0.48,56127.27,70599.05,1.0873,1.1,12.65,55330.335,12.5267,53360.8233,12.5425,56164.96,12.438,54545.348,12.41,51979.8025,13.262,49167.838,15.6947,44057.5247,17.119,41043.877
2248,20100526,600064.SH,12.28,12.75,12.26,12.62,12.28,0.34,2.77,54533.4,68312.62,1.0564,1.11,12.45,51977.6,12.4967,56177.5233,12.3775,54149.8675,12.28,51201.724,12.4062,48937.5238,14.115,46587.741,16.2047,42350.4747,17.618,40067.665
2249,20100525,600064.SH,12.47,12.5,12.19,12.28,12.59,-0.31,-2.46,49421.8,61046.962,0.9574,0.97,12.435,56999.585,12.2967,54022.0233,12.195,50368.805,12.234,49131.442,13.415,47627.2138,14.925,44071.89,16.7913,41098.7193,18.1515,38979.134
2250,20100524,600064.SH,12.15,12.78,12.09,12.59,12.02,0.57,4.74,64577.37,80988.372,1.251,1.45,12.305,56322.135,12.1667,50684.4733,12.2225,49058.8525,12.34,51151.19,14.5312,45240.2763,15.734,43582.675,17.3773,39771.4247,18.726,37855.336
2251,20100521,600064.SH,11.38,12.16,11.35,12.02,11.89,0.13,1.09,48066.9,56814.943,0.9311,1.1,11.955,43738.025,12.1,43886.0133,12.2775,47794.645,12.352,44593.524,15.5475,40839.9663,16.515,40197.02,17.9993,37874.024,19.284,37042.4365
2252,20100520,600064.SH,12.3,12.45,11.86,11.89,12.39,-0.5,-4.04,39409.15,47909.609,0.7634,0.94,12.14,41795.57,12.3633,47703.8933,12.435,43725.18,14.086,43790.328,16.5912,40397.81,17.323,38813.613,18.6793,36543.3867,19.8665,36852.7015
2253,20100519,600064.SH,12.56,12.67,12.18,12.39,12.81,-0.42,-3.28,44181.99,54878.449,0.8559,1.13,12.6,51851.265,12.6167,45163.8567,14.635,44885.6225,15.95,41973.758,17.655,39311.7688,18.167,37924.85,19.3973,36356.312,20.423,37091.0975
2254,20100518,600064.SH,12.44,12.88,11.9,12.81,12.65,0.16,1.26,59520.54,73571.348,1.153,1.65,12.73,45654.79,15.3833,45120.1667,16.84,41421.7,17.616,39012.338,18.6187,38068.1238,19.07,37082.358,20.124,35595.0313,20.9635,39062.56
2255,20100517,600064.SH,13.35,13.48,12.63,12.65,13.73,-1.08,-7.87,31789.04,41445.524,0.9237,0.89,16.67,37919.98,18.1833,35388.7533,18.8175,33885.2875,19.128,36014.16,19.5587,34443.2463,19.896,34081.542,20.8547,33423.3847,21.5835,37815.242
2256,20100514,600064.SH,21.0,21.3,20.52,20.69,21.21,-0.52,-2.45,44050.92,91860.032,1.28,1.3,20.95,37188.61,20.8733,34584.0367,20.7475,37070.44,20.678,35800.516,20.655,34939.25,20.823,34514.274,21.5947,34525.4073,22.213,38665.99
2257,20100513,600064.SH,20.78,21.22,20.49,21.21,20.72,0.49,2.36,30326.3,63344.754,0.8812,0.9,20.965,29850.595,20.7667,34743.6133,20.675,33737.915,20.56,33836.898,20.7025,33121.9325,20.976,32919.916,21.7933,34540.1593,22.4655,38402.505
2258,20100512,600064.SH,20.37,20.75,20.01,20.72,20.37,0.35,1.72,29374.89,60072.299,0.8536,0.84,20.545,36952.27,20.4967,34875.12,20.3975,34714.5475,20.384,33875.942,20.7912,33845.69,21.121,33547.589,21.914,35463.544,22.694,39894.001
2259,20100511,600064.SH,21.0,21.19,20.27,20.37,20.4,-0.03,-0.15,44529.65,92540.471,1.2939,1.39,20.385,37625.235,20.29,36494.4333,20.3,35001.205,20.524,35152.378,20.9787,33687.2463,21.378,33886.378,22.0793,39079.3007,22.942,43135.261
2260,20100510,600064.SH,20.12,20.52,19.85,20.4,20.1,0.3,1.49,30720.82,62116.766,0.8927,0.92,20.25,32476.825,20.2767,31825.0567,20.5625,32808.06,20.664,32148.924,21.265,32696.4188,21.718,32127.997,22.402,38415.6027,23.246,43116.811
2261,20100507,600064.SH,19.85,20.55,19.7,20.1,20.33,-0.23,-1.13,34232.83,68996.895,0.9947,1.07,20.215,32377.175,20.6167,33503.8067,20.73,32505.95,20.968,33228.032,21.6262,32951.6638,22.053,33887.853,22.7247,39621.148,23.528,43963.807
2262,20100506,600064.SH,21.28,21.36,20.21,20.33,21.42,-1.09,-5.09,30521.52,63914.664,0.8869,0.92,20.875,33139.295,20.94,31930.3233,21.185,32976.8325,21.392,32002.934,22.085,32040.79,22.41,34891.79,23.1007,39924.374,23.8355,44768.6495
2263,20100505,600064.SH,20.89,21.45,20.46,21.42,21.07,0.35,1.66,35757.07,74928.47,1.039,1.1,21.245,32634.725,21.47,33795.27,21.6575,32373.2875,21.858,33219.236,22.5125,34265.5225,22.679,36257.345,23.464,41900.0207,24.142,46326.092
2264,20100504,600064.SH,21.41,21.74,20.91,21.07,21.92,-0.85,-3.88,29512.38,62835.035,0.8576,0.92,21.495,32814.37,21.7367,31245.36,21.9675,32584.7775,22.232,32620.378,22.7937,35329.9138,22.857,41042.762,23.748,45796.222,24.407,47401.151
2265,20100430,600064.SH,22.12,22.48,21.35,21.92,22.22,-0.3,-1.35,36116.36,79124.129,1.0494,1.05,22.07,32111.85,22.2667,33608.91,22.5225,33397.3775,22.772,32107.07,23.0375,37163.0,23.271,41548.942,24.1067,46772.7733,24.689,49729.5845
2266,20100429,600064.SH,22.8,23.05,22.17,22.22,22.66,-0.44,-1.94,28107.34,63611.252,0.8167,0.74,22.44,32355.185,22.7233,32491.05,22.985,31104.7475,23.138,34547.674,23.1975,43099.86,23.603,42817.706,24.3813,47542.3987,24.906,50274.325
2267,20100428,600064.SH,22.6,22.95,22.2,22.66,23.29,-0.63,-2.71,36603.03,82645.661,1.0636,0.93,22.975,34682.905,23.24,32103.8833,23.3675,36157.7575,23.428,37780.646,23.5712,43908.215,23.955,43885.094,24.65,49023.888,25.109,51886.629
2268,20100426,600064.SH,23.9,23.9,23.23,23.29,23.77,-0.48,-2.02,32762.78,76711.372,0.952,0.66,23.53,29854.31,23.6033,36009.3333,23.62,38075.05,23.5,39295.454,23.8937,45433.3363,24.267,46240.413,24.9033,50695.044,25.2985,54081.576
2269,20100423,600064.SH,23.76,24.04,23.48,23.77,23.75,0.02,0.08,26945.84,63963.726,0.783,0.53,23.76,37632.61,23.73,39845.8067,23.5525,40928.6225,23.482,49465.146,24.2,46185.6413,24.506,52384.144,25.132,52328.0753,25.452,60366.1035
2270,20100422,600064.SH,23.59,24.14,23.4,23.75,23.67,0.08,0.34,48319.38,115257.925,1.404,0.95,23.71,46295.79,23.48,45589.55,23.41,55094.9725,23.77,50990.814,24.4512,50336.9388,24.774,54105.625,25.328,55603.756,25.643,67075.1985
2271,20100421,600064.SH,23.13,23.76,23.01,23.67,23.02,0.65,2.82,44272.2,103719.634,1.2864,0.89,23.345,44224.635,23.2967,57353.5033,23.775,51658.6725,24.068,51087.738,24.6925,56072.0275,25.003,54039.761,25.4953,55516.542,25.804,68298.4345
2272,20100420,600064.SH,23.22,23.43,22.63,23.02,23.2,-0.18,-0.78,44177.07,101425.558,1.2837,0.83,23.11,63894.155,23.81,54120.83,24.1675,52791.6225,24.482,49989.542,25.04,56058.0838,25.261,54645.509,25.6693,56588.6233,25.9635,69597.838
2273,20100419,600064.SH,24.8,24.8,23.0,23.2,25.21,-2.01,-7.97,83611.24,200918.68,2.4295,1.51,24.205,59092.71,24.55,55663.14,24.8475,51442.66,25.034,53185.372,25.4175,56493.5425,25.605,56394.839,25.898,59010.2833,26.136,70277.6515
2274,20100416,600064.SH,25.13,25.34,24.79,25.21,25.24,-0.03,-0.12,34574.18,86671.546,1.0046,0.6,25.225,41689.09,25.3967,40719.8,25.4925,45578.905,25.53,55303.142,25.7987,52333.3475,25.957,53759.54,26.1087,63999.756,26.317,68794.1295
2275,20100415,600064.SH,25.72,25.72,25.05,25.24,25.74,-0.5,-1.94,48804.0,123813.25,1.4181,0.86,25.49,43792.61,25.5867,49247.1467,25.61,60485.3825,25.778,57220.436,25.955,55720.3713,26.107,57910.227,26.2673,72436.66,26.394,70622.1665
2276,20100414,600064.SH,25.8,25.89,25.4,25.74,25.78,-0.04,-0.16,38781.22,99398.856,1.1269,0.65,25.76,49468.72,25.7333,64379.1767,25.9125,59324.545,25.938,56991.784,26.14,56777.1525,26.209,57730.944,26.3827,74035.3333,26.4755,75262.301
2277,20100413,600064.SH,25.59,25.97,25.19,25.78,25.68,0.1,0.39,60156.22,154012.906,1.748,1.01,25.73,77178.155,25.97,66172.32,25.9875,61544.425,26.04,59301.476,26.2612,61439.6313,26.263,59888.164,26.4573,76133.9367,26.4565,74567.512
2278,20100412,600064.SH,26.54,26.54,25.61,25.68,26.45,-0.77,-2.91,94200.09,244348.925,2.7372,1.8,26.065,69180.37,26.0567,62007.16,26.105,59087.79,26.176,59604.306,26.3212,59796.5,26.33,61922.739,26.5033,75975.078,26.4265,72992.75
2279,20100409,600064.SH,26.06,26.47,26.06,26.45,26.04,0.41,1.57,44160.65,116047.387,1.2832,0.75,26.245,45910.695,26.2467,47383.69,26.3,50955.36,26.384,52215.938,26.3962,55565.6663,26.398,68348.063,26.5793,73291.1253,26.389,70054.282
2280,20100408,600064.SH,26.26,26.34,25.97,26.04,26.25,-0.21,-0.8,47660.74,124453.989,1.3849,0.82,26.145,48995.21,26.25,53220.2633,26.3675,54229.76,26.436,58600.018,26.3962,60108.3313,26.512,80044.772,26.5993,75089.41,26.3365,69460.7305
2281,20100407,600064.SH,26.35,26.47,26.08,26.25,26.46,-0.21,-0.79,50329.68,132038.604,1.4625,0.83,26.355,56000.025,26.4767,56419.4333,26.535,61334.8375,26.48,58470.104,26.4362,73957.405,26.605,82557.108,26.6547,81352.4733,26.305,68729.1125
2282,20100406,600064.SH,26.78,26.88,26.26,26.46,26.72,-0.26,-0.97,61670.37,163221.859,1.792,0.96,26.59,59464.31,26.63,65003.2233,26.5375,60505.21,26.486,60474.852,26.6037,87807.1625,26.666,84550.167,26.5953,79656.1907,26.2845,68561.1195
2283,20100402,600064.SH,26.69,26.97,26.61,26.72,26.71,0.01,0.04,57258.25,153267.655,1.6638,0.68,26.715,66669.65,26.5633,60116.8233,26.4925,60175.9725,26.484,64241.172,26.6675,89196.3788,26.667,84160.464,26.51,77455.5647,26.2405,67028.007
2284,20100401,600064.SH,26.35,26.83,26.35,26.71,26.26,0.45,1.71,76081.05,202590.675,2.2107,0.75,26.485,61546.11,26.4167,61148.5467,26.425,65986.9025,26.412,84480.188,26.685,90821.6313,26.677,83828.719,26.3907,76000.3967,26.177,66163.114
2285,20100331,600064.SH,26.42,26.57,26.21,26.26,26.28,-0.02,-0.08,47011.17,123969.082,1.366,0.44,26.27,53682.295,26.33,62622.1867,26.3375,86579.9725,26.588,101489.526,26.655,88533.1675,26.681,83334.106,26.3033,73080.968,26.112,65852.108
2286,20100330,600064.SH,26.55,26.55,26.15,26.28,26.45,-0.17,-0.64,60353.42,158642.874,1.7537,0.56,26.365,70427.695,26.3633,99769.5733,26.67,115109.115,26.73,106644.112,26.725,89399.3713,26.742,92793.658,26.2467,72148.782,26.121,65915.4045
2287,20100329,600064.SH,26.4,26.65,26.18,26.45,26.36,0.09,0.34,80501.97,212829.521,2.3392,0.77,26.405,119477.65,26.8,133361.0133,26.8425,118216.785,26.846,108625.482,26.7837,90747.0588,26.65,89246.86,26.2173,71256.542,26.132,65541.8655
2288,20100326,600064.SH,26.81,27.05,25.89,26.36,27.59,-1.23,-4.46,158453.33,418229.541,4.6042,1.91,26.975,159790.535,26.9733,130788.39,26.945,115656.36,26.85,104079.756,26.8362,98385.1488,26.523,84062.761,26.1593,67956.952,26.1285,65231.9015
2289,20100325,600064.SH,26.8,28.18,26.41,27.59,26.97,0.62,2.3,161127.74,444171.202,4.682,2.47,27.28,116955.92,27.14,101390.7033,26.9725,90486.3625,26.942,83177.25,26.7112,81689.1625,26.38,71760.501,26.0987,60057.4227,26.103,59458.201
2290,20100324,600064.SH,27.1,27.3,26.75,26.97,26.86,0.11,0.41,72784.1,196327.131,2.1149,0.92,26.915,71522.185,26.7667,66939.2367,26.78,63689.6275,26.774,65178.686,26.41,65130.8175,26.161,58876.689,25.9533,53972.9687,26.03,54522.125
2291,20100323,600064.SH,26.61,26.92,26.42,26.86,26.47,0.39,1.47,70260.27,188024.5,2.0416,1.01,26.665,64016.805,26.7167,60658.1367,26.725,63277.3325,26.754,78943.204,26.155,60461.6463,26.005,54901.117,25.918,52339.1687,25.98,54011.8625
2292,20100322,600064.SH,26.95,26.95,26.0,26.47,26.82,-0.35,-1.31,57773.34,153369.774,1.6787,0.9,26.645,55857.07,26.68,60949.6867,26.7275,81113.9375,26.454,69868.238,25.9725,55715.315,25.903,52572.072,25.894,51180.66,25.88,51957.881
2293,20100319,600064.SH,26.75,26.95,26.55,26.82,26.75,0.07,0.26,53940.8,144337.273,1.5674,0.89,26.785,62537.86,26.8133,88894.1367,26.45,72891.9625,26.196,64045.766,25.84,52622.195,25.814,49895.55,25.888,52282.6167,25.8075,50488.736
2294,20100318,600064.SH,26.7,26.84,26.45,26.75,26.87,-0.12,-0.45,71134.92,189474.837,2.067,1.35,26.81,106370.805,26.3267,79209.0167,26.04,66572.0075,25.818,60343.752,25.7175,51750.8225,25.677,48497.509,25.8233,51551.8513,25.7315,49409.9975
2295,20100317,600064.SH,25.5,26.94,25.44,26.87,25.36,1.51,5.95,141606.69,376097.441,4.1147,4.59,26.115,83246.065,25.8033,65051.0367,25.585,57645.96,25.548,52574.692,25.5712,46734.9725,25.543,48370.11,25.782,50969.938,25.653,47556.6795
2296,20100316,600064.SH,25.17,25.45,25.1,25.36,25.18,0.18,0.71,24885.44,62938.589,0.7231,0.71,25.27,26773.21,25.1567,29659.05,25.2175,30316.6925,25.256,30859.03,25.3937,34029.185,25.5,39037.151,25.722,45701.4153,25.56,41947.082
2297,20100315,600064.SH,25.0,25.2,24.7,25.18,24.93,0.25,1.0,28660.98,71570.58,0.8328,0.8,25.055,32045.855,25.17,32127.11,25.23,32352.4275,25.352,35275.906,25.4,39651.1213,25.614,41836.871,25.6887,45987.762,25.523,41673.8675
2298,20100312,600064.SH,25.41,25.48,24.88,24.93,25.4,-0.47,-1.85,35430.73,89002.601,1.0295,0.97,25.165,33860.175,25.2467,33582.91,25.395,36929.6375,25.432,35745.334,25.5575,42103.1363,25.734,46401.042,25.678,45969.726,25.495,41398.148
2299,20100311,600064.SH,25.41,25.62,25.05,25.4,25.41,-0.01,-0.04,32289.62,81787.14,0.9383,0.73,25.405,32659.0,25.55,37429.2733,25.5575,35823.985,25.536,36651.266,25.7537,44284.625,25.826,47155.901,25.7027,45765.4127,25.4775,41963.425
2300,20100310,600064.SH,25.84,25.95,25.29,25.41,25.84,-0.43,-1.66,33028.38,84428.643,0.9597,0.7,25.625,39999.1,25.61,37002.1067,25.57,37741.6775,25.538,44165.528,25.8762,49536.2588,25.899,50167.561,25.688,45884.0087,25.4685,43222.3085
2301,20100309,600064.SH,25.58,25.99,25.25,25.84,25.58,0.26,1.02,46969.82,120658.921,1.3648,0.97,25.71,38988.97,25.6233,39312.7767,25.57,46949.815,25.744,47215.272,25.9312,50780.1263,25.955,53122.608,25.6613,45643.0993,25.4735,45089.32
2302,20100308,600064.SH,25.47,25.7,25.24,25.58,25.45,0.13,0.51,31008.12,79168.514,0.901,0.54,25.515,35484.255,25.48,46943.1467,25.72,47276.635,25.876,48397.836,25.9675,52709.6763,25.857,51343.69,25.58,43806.5213,25.46,45529.578
2303,20100305,600064.SH,25.56,25.7,25.2,25.45,25.41,0.04,0.16,39960.39,101803.548,1.1611,0.69,25.43,54910.66,25.7667,52699.4733,25.95,52745.265,26.036,57056.75,26.0162,56656.0175,25.801,51081.922,25.516,43282.4193,25.4705,48214.4405
2304,20100304,600064.SH,26.51,26.94,25.38,25.41,26.44,-1.03,-3.9,69860.93,182563.838,2.03,1.24,25.925,59069.015,26.1167,57006.89,26.1825,61330.84,26.116,57660.536,25.9425,55308.5488,25.786,50322.486,25.458,43734.1447,25.4405,48509.4085
2305,20100303,600064.SH,26.48,26.57,26.3,26.44,26.5,-0.06,-0.23,48277.1,127587.631,1.4028,0.82,26.47,50579.87,26.44,58487.4767,26.2925,54610.4375,26.26,56169.594,25.8937,50124.7375,25.763,46743.249,25.4453,42907.902,25.4075,46813.2275
2306,20100302,600064.SH,26.39,26.57,26.15,26.5,26.38,0.12,0.45,52882.64,139541.457,1.5366,0.97,26.44,63592.665,26.2433,56721.55,26.215,58142.7175,26.166,59029.944,25.7512,48135.8538,25.62,44857.013,25.3833,44380.6693,25.317,46577.902
2307,20100301,600064.SH,25.81,26.97,25.81,26.38,25.85,0.53,2.05,74302.69,197470.916,2.159,1.65,26.115,58641.005,26.12,59896.0767,26.0825,60566.77,25.838,54289.544,25.5862,45784.0938,25.432,41510.864,25.3213,44573.492,25.2325,46754.551
2308,20100226,600064.SH,26.0,26.08,25.78,25.85,26.13,-0.28,-1.07,42979.32,111251.813,1.2489,1.0,25.99,52692.77,25.9833,55988.13,25.7025,49286.2575,25.566,45107.094,25.415,40173.1,25.256,36395.254,25.282,45267.004,25.193,44941.0675
2309,20100225,600064.SH,26.0,26.19,25.81,26.13,25.97,0.16,0.62,62406.22,162275.759,1.8134,1.67,26.05,62492.535,25.6533,51388.57,25.495,45639.0375,25.456,42984.436,25.2612,37228.3288,25.129,36770.949,25.2153,45459.0327,25.1865,46742.13
2310,20100224,600064.SH,24.62,26.0,24.6,25.97,24.86,1.11,4.47,62578.85,159236.626,1.8184,2.04,25.415,45879.745,25.2833,40049.9767,25.2875,38128.99,25.266,37316.904,25.0725,32320.875,25.038,36277.056,25.1233,43694.4387,25.1955,46814.3705
2311,20100223,600064.SH,25.02,25.03,24.43,24.86,25.02,-0.16,-0.64,29180.64,71975.261,0.8479,1.02,24.94,28785.54,25.06,29979.0367,25.09,31001.4175,25.074,30684.082,24.8987,30340.5525,24.992,37056.032,25.034,42427.2213,25.1995,49892.624
2312,20100222,600064.SH,25.15,25.25,24.9,25.02,25.3,-0.28,-1.11,28390.44,71166.041,0.825,1.03,25.16,30378.235,25.1667,31608.3433,25.1275,31059.9425,25.026,28732.184,24.9437,33876.3838,25.063,39715.466,25.0307,44242.8867,25.3355,52577.2775
2313,20100212,600064.SH,25.44,25.44,25.0,25.3,25.18,0.12,0.48,32366.03,81604.501,0.9405,1.06,25.24,33217.295,25.1633,31949.7767,25.0275,28817.62,24.946,27683.414,25.005,39123.655,25.14,45346.959,25.0687,44885.7253,25.46,55746.4885
2314,20100211,600064.SH,25.14,25.37,24.95,25.18,25.01,0.17,0.68,34068.56,85837.024,0.9899,0.97,25.095,31741.65,24.9367,27634.8167,24.8575,26512.76,24.802,30557.462,25.0387,42049.7738,25.095,46696.331,25.0967,47994.6947,25.588,59111.3255
2315,20100210,600064.SH,24.88,25.05,24.68,25.01,24.62,0.39,1.58,29414.74,73210.456,0.8547,0.68,24.815,24417.945,24.75,23994.16,24.7075,29679.6875,24.81,35237.208,25.115,48379.375,25.052,46883.206,25.172,49980.1927,25.7355,63713.0775
2316,20100209,600064.SH,24.62,24.8,24.53,24.62,24.62,0.0,0.0,19421.15,47863.828,0.5643,0.38,24.62,21283.87,24.6067,29768.0033,24.76,36692.825,24.91,43427.982,25.095,50435.0013,25.014,48298.791,25.2413,56295.4713,25.854,69445.2635
2317,20100208,600064.SH,24.48,24.89,24.37,24.62,24.58,0.04,0.16,23146.59,56900.342,0.6726,0.37,24.6,34941.43,24.8067,42450.05,24.9825,49429.69,25.1,50698.748,25.1112,52499.5213,25.033,51998.238,25.4387,60525.642,26.0215,77213.4615
2318,20100205,600064.SH,24.59,24.98,24.31,24.58,25.22,-0.64,-2.54,46736.27,115029.411,1.358,0.74,24.9,52101.78,25.1033,58190.7233,25.22,57586.7875,25.334,63010.504,25.1125,55052.5213,25.13,53486.881,25.6313,65100.8467,26.098,83451.508
2319,20100204,600064.SH,25.2,25.53,24.7,25.22,25.51,-0.29,-1.14,57467.29,144515.371,1.6699,0.98,25.365,63917.95,25.4333,61203.6267,25.5225,67079.0625,25.388,62835.2,25.1412,56262.44,25.244,56713.311,25.85,68629.28,26.1865,91260.456
2320,20100203,600064.SH,25.78,25.8,24.11,25.51,25.57,-0.06,-0.23,70368.61,175510.153,2.0447,1.32,25.54,63071.795,25.6233,70282.9867,25.43,64177.1775,25.294,58529.204,25.1875,53833.1563,25.353,57351.685,26.044,73205.034,26.135,91608.5845
2321,20100202,600064.SH,25.99,26.1,25.41,25.57,25.79,-0.22,-0.85,55774.98,143760.91,1.6207,1.05,25.68,70240.175,25.4033,62113.3667,25.24,55569.3525,25.118,53169.6,25.2137,54912.1513,25.407,62729.216,26.1687,78117.6907,26.105,91072.9225
2322,20100201,600064.SH,25.0,26.33,24.85,25.79,24.85,0.94,3.78,84705.37,217519.591,2.4613,1.93,25.32,65282.56,25.13,55500.81,25.005,52518.255,24.966,53297.728,25.3062,55921.6575,25.608,65439.089,26.3287,86051.6993,26.091,92283.1565
2323,20100129,600064.SH,24.64,25.29,24.51,24.85,24.75,0.1,0.4,45859.75,114410.245,1.3326,0.91,24.8,40898.53,24.7433,41789.2167,24.76,45445.8175,24.926,43963.258,25.3387,60851.4763,25.78,66146.018,26.3527,90265.176,26.0545,90582.787
2324,20100128,600064.SH,24.75,24.98,24.57,24.75,24.63,0.12,0.49,35937.31,88955.203,1.0442,0.64,24.69,39753.95,24.73,45307.84,24.945,43489.135,25.1,50591.422,25.68,65478.2213,26.081,71526.32,26.4527,100735.5413,26.084,91005.5065
2325,20100127,600064.SH,24.96,25.16,24.51,24.63,24.81,-0.18,-0.73,43570.59,108390.65,1.266,0.6,24.72,49993.105,25.01,46006.41,25.1875,54254.95,25.412,56174.166,26.025,72457.89,26.419,80542.949,26.4153,102635.0447,26.117,93083.4965
2326,20100126,600064.SH,25.56,25.77,24.67,24.81,25.59,-0.78,-3.05,56415.62,141349.423,1.6393,0.73,25.2,47224.32,25.3733,57816.4033,25.6075,59325.06,25.696,72288.832,26.4287,79469.4125,26.694,90591.736,26.434,103707.3633,26.131,93396.284
2327,20100125,600064.SH,25.5,26.0,25.35,25.59,25.72,-0.13,-0.51,38033.02,97959.496,1.1051,0.43,25.655,58516.795,25.8733,60294.8733,25.9175,76257.135,26.25,77580.45,26.8437,88180.41,27.01,102428.685,26.466,105278.2993,26.1305,93319.2925
2328,20100122,600064.SH,25.9,25.95,25.13,25.72,26.31,-0.59,-2.24,79000.57,202069.348,2.2956,0.85,26.015,71425.8,26.0267,88998.5067,26.415,87467.3075,26.634,88328.778,27.0675,101433.59,27.066,113416.135,26.4307,106122.63,26.0535,93838.487
2329,20100121,600064.SH,26.11,26.79,26.11,26.31,26.05,0.26,1.0,63851.03,168614.806,1.8553,0.61,26.18,93997.475,26.6467,90289.5533,26.8625,90660.83,27.062,92461.218,27.3487,113406.6575,27.129,125807.601,26.412,104476.868,25.981,93278.927
2330,20100120,600064.SH,27.7,27.79,25.89,26.05,27.58,-1.53,-5.55,124143.92,330523.178,3.6073,1.14,26.815,103508.815,27.0467,99597.43,27.25,99613.765,27.426,104911.732,27.3287,123913.7188,26.917,125865.484,26.352,105386.6067,25.8435,92406.489
2331,20100119,600064.SH,27.6,28.19,27.45,27.58,27.51,0.07,0.25,82873.71,230350.665,2.4081,0.65,27.545,87324.185,27.65,91437.0467,27.77,100103.685,27.692,108894.64,27.3662,133760.1325,26.803,119416.629,26.276,100432.1013,25.7005,89835.975
2332,20100118,600064.SH,27.55,27.83,27.0,27.51,27.86,-0.35,-1.26,91774.66,251100.467,2.6667,0.66,27.685,95718.715,27.8333,105847.01,27.72,115399.8725,27.77,127276.92,26.9425,131454.6513,26.574,119127.224,26.0907,98565.5733,25.517,89282.7895
2333,20100115,600064.SH,28.3,28.4,27.6,27.86,28.13,-0.27,-0.96,99662.77,277112.032,2.8959,0.63,27.995,112883.185,27.79,123274.9433,27.835,136152.485,27.498,138503.492,26.6175,127439.74,26.329,115019.556,25.86,95675.0567,25.384,88864.1275
2334,20100114,600064.SH,27.53,28.4,27.49,28.13,27.38,0.75,2.74,126103.6,353543.951,3.6642,0.86,27.755,135081.03,27.8267,148315.7233,27.4075,148213.6725,27.196,159153.984,26.2962,124979.3513,26.087,110484.693,25.6207,93551.4967,25.3005,86604.088
2335,20100113,600064.SH,27.05,28.28,27.0,27.38,27.97,-0.59,-2.11,144058.46,397372.362,4.186,1.11,27.675,159421.785,27.1667,155583.6967,26.9625,167416.58,26.408,146819.236,25.9125,115553.6488,25.815,105624.044,25.316,88238.0747,25.208,84131.054
2336,20100112,600064.SH,26.1,28.49,25.8,27.97,26.15,1.82,6.96,174785.11,482006.466,5.0788,1.57,27.06,161346.315,26.8233,175202.62,26.165,147509.43,25.914,129938.618,25.67,104335.6088,25.568,96200.832,25.0367,83483.0867,25.1575,81389.585
2337,20100111,600064.SH,26.99,27.18,25.87,26.15,26.35,-0.2,-0.76,147907.52,392486.83,4.2978,1.62,26.25,175411.375,25.5633,138417.5367,25.4,118726.995,25.378,110977.528,25.35,92174.6088,25.251,84209.9,24.766,76618.0793,25.0405,75026.544
2338,20100108,600064.SH,24.21,26.6,24.19,26.35,24.19,2.16,8.93,202915.23,523505.875,5.8962,3.28,25.27,133672.545,25.15,109000.1533,25.185,101745.03,25.16,91535.62,25.195,79914.4613,25.041,74260.839,24.6793,72317.6727,25.0115,70310.4175
2339,20100107,600064.SH,24.9,25.13,24.1,24.19,24.91,-0.72,-2.89,64429.86,158333.707,1.8722,1.0,24.55,62042.615,24.7967,68021.63,24.8625,63690.7175,24.978,61815.402,25.0012,61409.5313,24.833,60750.253,24.6687,62420.7893,24.9605,64569.2955
2340,20100106,600064.SH,25.29,25.4,24.85,24.91,25.29,-0.38,-1.5,59655.37,149884.477,1.7334,0.96,25.1,69817.515,25.0867,63444.3367,25.175,61161.7875,25.222,64428.852,24.9837,59407.9125,24.77,58947.494,24.808,63234.9933,25.0685,66591.7265
2341,20100105,600064.SH,25.2,25.55,24.52,25.29,25.06,0.23,0.92,79979.66,200628.011,2.324,1.39,25.175,65338.82,25.2633,61663.9267,25.3,65622.2225,25.222,62463.046,24.9037,60427.1625,24.598,60255.321,24.9053,65206.574,25.155,72238.615
2342,20100104,600064.SH,25.68,25.79,25.0,25.06,25.44,-0.38,-1.49,50697.98,128824.338,1.4732,0.89,25.25,52506.06,25.3033,60836.41,25.205,58083.8925,25.124,57442.272,24.6875,56229.9888,24.46,59438.355,24.928,63042.8827,25.1835,77448.5235
2343,20091231,600064.SH,25.41,25.68,25.26,25.44,25.41,0.03,0.12,54314.14,138275.673,1.5782,0.91,25.425,65905.625,25.2533,60545.8633,25.14,59128.345,24.922,56986.058,24.4537,58984.4463,24.439,62708.699,24.962,63235.35,25.1675,79273.7145
2344,20091230,600064.SH,24.95,25.84,24.93,25.41,24.91,0.5,2.01,77497.11,197409.231,2.2519,1.45,25.16,63661.725,25.04,60733.08,24.7925,57654.0375,24.688,59685.104,24.2625,61171.4288,24.514,62723.483,24.9547,65487.26,25.144,80747.314
2345,20091229,600064.SH,24.88,25.0,24.5,24.91,24.8,0.11,0.44,49826.34,123435.139,1.4478,0.86,24.855,52351.065,24.5867,51039.68,24.5075,55232.1025,24.318,53466.136,24.1925,61909.4675,24.601,62638.064,25.0173,67312.6847,25.1085,80966.794
2346,20091228,600064.SH,24.27,24.95,24.27,24.8,24.05,0.75,3.12,54875.79,135684.679,1.5946,0.89,24.425,51646.35,24.3733,57034.0233,24.17,54376.085,23.974,58047.596,24.3525,62488.9225,24.747,66578.338,25.1327,75497.138,25.065,82538.6035
2347,20091225,600064.SH,24.25,24.39,23.9,24.05,24.27,-0.22,-0.91,48416.91,116751.571,1.4069,0.71,24.16,58113.14,23.96,54209.5167,23.7675,58840.5475,23.796,61434.438,24.5375,65209.8138,24.83,65843.188,25.2033,84117.274,24.976,83934.373
2348,20091224,600064.SH,23.63,24.4,23.52,24.27,23.56,0.71,3.01,67809.37,163371.804,1.9704,1.03,23.915,57105.82,23.6733,62315.0933,23.7325,64688.82,23.956,68431.34,24.8275,70311.335,24.982,66359.996,25.2493,86702.9333,24.9725,87496.4595
2349,20091223,600064.SH,23.21,23.61,23.12,23.56,23.19,0.37,1.6,46402.27,108533.42,1.3483,0.65,23.375,59567.955,23.5533,63648.6367,23.8775,68586.8325,24.34,65761.862,24.9975,67775.7,25.088,68388.338,25.296,87768.0507,25.0265,89172.391
2350,20091222,600064.SH,24.12,24.5,23.17,23.19,23.91,-0.72,-3.01,72733.64,173111.361,2.1135,0.97,23.55,72271.82,23.9833,75981.6867,24.535,70601.76,24.884,71809.992,25.2487,68673.54,25.367,74235.959,25.372,90133.68,25.092,92669.549
2351,20091218,600064.SH,24.59,24.59,23.73,23.91,24.85,-0.94,-3.78,71810.0,173253.917,2.0866,1.02,24.38,77605.71,24.9833,69891.1333,25.3075,71579.08,25.52,75109.08,25.5162,70593.4338,25.712,84221.909,25.4287,90702.2727,25.2325,92797.8655
2352,20091217,600064.SH,26.3,26.38,24.81,24.85,26.19,-1.34,-5.12,83401.42,211396.499,2.4234,1.3,25.52,68931.7,25.7733,71502.1067,25.9225,75933.85,25.864,70251.938,25.8212,74726.9938,25.907,95458.692,25.3693,91434.3513,25.332,92791.343
2353,20091216,600064.SH,26.18,26.53,26.06,26.19,26.28,-0.09,-0.34,54461.98,143254.558,1.5825,0.77,26.235,65552.45,26.28,73444.66,26.1175,66964.5675,26.008,64288.652,26.045,85875.9588,25.896,95838.73,25.3113,93851.4993,25.3725,91694.4145
2354,20091215,600064.SH,26.26,26.7,26.01,26.28,26.37,-0.09,-0.34,76642.92,202529.836,2.227,1.0,26.325,82936.0,26.0933,71132.0967,25.9625,66745.32,25.836,71014.814,26.0037,102090.44,25.774,98771.145,25.2553,96975.9007,25.343,93262.806
2355,20091214,600064.SH,25.97,26.38,25.13,26.37,25.63,0.74,2.89,89229.08,230299.886,2.5928,0.96,26.0,68376.685,25.8567,63446.12,25.725,69607.7875,25.85,76661.926,25.8112,103410.3,25.616,99295.524,25.1613,99622.7347,25.289,92395.448
2356,20091211,600064.SH,25.64,26.16,25.52,25.63,25.57,0.06,0.23,47524.29,122845.643,1.3809,0.39,25.6,50554.64,25.51,63067.3567,25.72,73520.1375,25.904,93334.738,25.6362,102729.9313,25.383,98498.869,25.1367,98694.1273,25.227,92598.8065
2357,20091210,600064.SH,25.3,25.86,25.3,25.57,25.33,0.24,0.95,53584.99,136900.678,1.557,0.42,25.45,70838.89,25.75,82185.42,25.9725,104787.35,25.95,120665.446,25.52,107025.2338,25.122,102025.558,25.1547,100304.478,25.1505,92978.153
2358,20091209,600064.SH,26.01,26.13,25.22,25.33,26.35,-1.02,-3.87,88092.79,225969.556,2.5598,0.7,25.84,96485.635,26.1067,121854.8033,26.045,137435.56,25.784,127388.808,25.3287,110484.9263,24.963,108632.923,25.1607,100829.6687,25.069,92597.045
2359,20091208,600064.SH,26.68,27.11,26.08,26.35,26.64,-0.29,-1.09,104878.48,278856.66,3.0475,0.86,26.495,138735.81,26.2833,153883.15,25.8975,137212.8125,25.712,126527.476,25.04,109822.225,24.965,109956.444,25.1787,100678.8033,24.996,91069.025
2360,20091207,600064.SH,25.86,27.25,25.86,26.64,25.86,0.78,3.02,172593.14,459887.613,5.0151,1.66,26.25,178385.485,25.7467,147990.9233,25.5525,131939.725,25.382,121929.122,24.7437,111669.745,24.817,111103.139,25.102,97639.9553,24.8835,89129.479
2361,20091204,600064.SH,24.77,25.97,24.7,25.86,24.74,1.12,4.53,184177.83,467201.164,5.3517,2.21,25.3,135689.815,25.19,118388.5867,25.0675,109263.1175,24.862,103663.0,24.5825,102761.6025,24.753,101373.822,25.0013,92353.496,24.757,84030.586
2362,20091203,600064.SH,24.9,24.9,24.5,24.74,24.97,-0.23,-0.92,87201.8,215187.739,2.5339,0.97,24.855,85493.965,24.8033,84291.5467,24.6125,83534.2925,24.294,83385.67,24.4587,94282.5525,24.757,90123.994,24.884,83749.0553,24.675,78215.527
2363,20091202,600064.SH,24.91,25.22,24.62,24.97,24.7,0.27,1.09,83786.13,208423.137,2.4346,0.9,24.835,82836.42,24.57,82311.79,24.1825,82431.6375,24.142,89877.038,24.6162,92794.8238,24.849,87550.099,24.8307,80999.7907,24.655,79201.52
2364,20091201,600064.SH,24.1,24.8,23.95,24.7,24.04,0.66,2.75,81886.71,200303.817,2.3794,0.82,24.37,81574.62,23.92,81980.14,23.935,91399.765,24.218,93385.412,24.7325,91281.5013,24.912,87754.467,24.7573,79249.5413,24.5865,78611.65
2365,20091130,600064.SH,23.3,24.21,23.18,24.04,23.02,1.02,4.43,81262.53,192939.151,2.3613,0.82,23.53,82026.855,23.68,94570.7833,24.0975,96260.0875,24.252,100277.156,24.8525,88728.5188,24.962,85495.372,24.7173,78196.2647,24.516,78389.798
2366,20091127,600064.SH,23.4,24.08,22.9,23.02,23.98,-0.96,-4.0,82791.18,194252.642,2.4057,0.85,23.5,101224.91,24.1167,101259.2733,24.305,105030.8125,24.644,99084.644,25.0475,89299.4288,25.071,86698.744,24.722,77486.448,24.433,76812.6825
2367,20091126,600064.SH,25.25,25.62,23.8,23.98,25.35,-1.37,-5.4,119658.64,295885.253,3.477,1.4,24.665,110493.32,24.7333,112444.0233,25.05,103158.01,25.22,96862.318,25.32,86362.5013,25.179,83930.748,24.802,76492.146,24.3975,74967.0835
2368,20091125,600064.SH,24.8,25.45,24.42,25.35,24.87,0.48,1.93,101328.0,253232.929,2.9443,1.23,25.11,108836.715,25.4067,97657.8,25.53,91163.2375,25.556,85223.16,25.4637,83067.2025,25.175,76561.167,24.826,75643.014,24.3445,72173.0565
2369,20091124,600064.SH,26.07,26.59,24.73,24.87,26.0,-1.13,-4.35,116345.43,300156.352,3.3807,1.65,25.435,95822.7,25.59,87774.9833,25.6075,81196.95,25.606,82123.522,25.3075,77290.105,25.027,72181.606,24.7093,73687.0627,24.2065,70952.7345
2370,20091123,600064.SH,26.07,26.5,25.69,26.0,25.9,0.1,0.39,75299.97,195798.376,2.188,1.01,25.95,73489.76,25.8533,69480.79,25.79,73568.045,25.672,70713.588,25.1912,68492.28,24.95,67155.819,24.604,71094.012,24.1435,67833.857
2371,20091120,600064.SH,25.65,26.15,25.16,25.9,25.66,0.24,0.94,71679.55,184100.982,2.0828,1.01,25.78,66571.2,25.72,72990.7367,25.59,69566.9925,25.498,74312.844,24.925,66271.3325,24.761,66687.35,24.3627,69388.6953,24.029,68343.997
2372,20091119,600064.SH,25.99,25.99,25.27,25.66,25.6,0.06,0.23,61462.85,157177.44,1.786,0.91,25.63,73646.33,25.4867,68862.8067,25.3975,74971.1675,25.138,70999.178,24.7,65572.3338,24.593,66307.06,24.1233,67668.672,23.908,68937.9945
2373,20091118,600064.SH,25.3,26.27,25.3,25.6,25.2,0.4,1.59,85829.81,221827.869,2.494,1.38,25.4,72562.785,25.31,79473.94,25.0075,73383.26,24.794,67899.174,24.5062,66716.3875,24.461,70852.941,23.9407,67823.022,23.817,75018.829
2374,20091117,600064.SH,25.13,25.33,24.92,25.2,25.13,0.07,0.28,59295.76,149113.107,1.723,0.93,25.165,76296.005,24.81,69234.41,24.5925,63416.515,24.448,62239.69,24.3337,64472.2425,24.261,69468.833,23.74,67229.1387,23.6775,74912.0885
2375,20091116,600064.SH,24.36,25.39,24.26,25.13,24.1,1.03,4.27,93296.25,233511.773,2.711,1.58,24.615,74203.735,24.39,64790.1,24.26,62975.6725,24.228,63598.05,24.2262,70425.48,24.07,71284.224,23.634,66873.9467,23.542,75852.2855
2376,20091113,600064.SH,23.87,24.15,23.6,24.1,23.94,0.16,0.67,55111.22,131628.635,1.6014,0.89,24.02,50537.025,23.97,52868.8133,24.0025,56173.5,24.024,59061.856,24.035,67762.04,23.795,66926.621,23.5393,66354.3813,23.367,73389.3935
2377,20091112,600064.SH,23.95,24.24,23.83,23.94,23.87,0.07,0.29,45962.83,110463.81,1.3356,0.62,23.905,51747.61,23.97,56527.5933,24.005,60049.515,24.048,61614.942,23.9337,70554.3463,23.616,66003.419,23.498,68250.9333,23.2445,73081.9235
2378,20091111,600064.SH,24.0,24.01,23.49,23.87,24.1,-0.23,-0.95,57532.39,136717.501,1.6717,0.75,23.985,61809.975,24.0267,64745.0767,24.075,65527.97,24.128,73806.708,23.7387,71024.02,23.514,67784.946,23.4913,77392.0473,23.1235,73937.9245
2379,20091110,600064.SH,24.39,24.49,23.9,24.1,24.11,-0.01,-0.04,66087.56,159761.274,1.9203,0.84,24.105,68351.42,24.1433,68193.1633,24.1925,77875.2875,24.074,76697.976,23.5437,69567.3713,23.386,69723.863,23.4207,79136.2213,22.982,72839.035
2380,20091106,600064.SH,24.5,24.56,24.01,24.11,24.22,-0.11,-0.45,70615.28,171108.941,2.0519,0.94,24.165,69245.965,24.2233,81804.53,24.0675,79350.58,23.912,78970.398,23.3962,69278.6888,23.337,68511.895,23.3133,79937.0307,22.8185,71978.7055
2381,20091105,600064.SH,24.17,24.59,24.08,24.22,24.34,-0.12,-0.49,67876.65,164876.394,1.9723,0.96,24.28,87399.155,24.0533,82262.3467,23.8625,81059.1775,23.566,74791.386,23.2062,70066.9738,23.297,70000.644,23.148,78165.2393,22.6535,71109.0905
2382,20091104,600064.SH,23.6,24.4,23.21,24.34,23.6,0.74,3.14,106921.66,253943.672,3.1069,1.73,23.97,89455.195,23.7433,85453.3533,23.4025,76520.07,23.184,70391.896,23.13,68328.3775,23.223,71568.929,22.9767,76904.2507,22.424,69835.5305
2383,20091103,600064.SH,23.36,23.7,23.2,23.6,23.29,0.31,1.33,71988.73,169116.737,2.0918,1.15,23.445,74719.2,23.09,66386.2067,22.895,61259.455,22.9,61763.184,23.0512,65651.0163,23.173,79184.717,22.7887,73981.6633,22.206,66523.48
2384,20091102,600064.SH,21.81,23.3,21.6,23.29,22.38,0.91,4.07,77449.67,175407.772,2.2505,1.33,22.835,63584.945,22.66,57683.03,22.725,59206.7975,22.698,62749.75,23.0362,67097.3625,23.094,80355.344,22.618,71552.7213,22.0585,64857.623
2385,20091030,600064.SH,22.6,22.95,22.36,22.38,22.31,0.07,0.31,49720.22,112666.185,1.4447,0.76,22.345,47799.71,22.5367,53125.84,22.55,59074.77,22.762,58053.392,23.105,80301.0963,23.014,80420.347,22.454,69648.1413,21.9375,64227.524
2386,20091029,600064.SH,22.41,22.67,22.13,22.31,22.92,-0.61,-2.66,45879.2,102713.204,1.3331,0.63,22.615,54828.65,22.6067,62192.9533,22.8575,60136.685,23.028,65209.902,23.1587,84547.9438,22.939,79852.166,22.3493,69881.6587,21.84,64668.7145
2387,20091028,600064.SH,22.62,23.09,22.3,22.92,22.59,0.33,1.46,63778.1,145327.856,1.8532,0.66,22.755,70349.83,23.04,64889.18,23.2075,70042.5775,23.262,72745.962,23.1812,88575.5063,22.873,80160.428,22.1707,69650.0753,21.789,65201.7885
2388,20091027,600064.SH,23.4,23.4,22.54,22.59,23.61,-1.02,-4.32,76921.56,176760.919,2.2351,0.79,23.1,65444.72,23.3033,72130.7367,23.3475,74987.9275,23.446,96606.25,23.02,86108.045,22.733,80090.903,21.9747,68110.2453,21.7485,65675.6455
2389,20091026,600064.SH,23.61,24.08,23.45,23.61,23.71,-0.1,-0.42,53967.88,127996.836,1.5682,0.53,23.66,69735.325,23.6,74343.3833,23.66,101527.4225,23.49,97960.938,22.9025,82613.0775,22.578,75954.207,21.8453,65560.2473,21.734,68453.599
2390,20091023,600064.SH,23.56,24.09,23.53,23.71,23.48,0.23,0.98,85502.77,203982.697,2.4845,0.9,23.595,84531.135,23.6767,117380.6033,23.46,108959.2025,23.266,102787.302,22.6412,83752.4488,22.3,75445.516,21.6627,66285.568,21.6685,69124.864
2391,20091022,600064.SH,23.6,23.89,23.02,23.48,23.84,-0.36,-1.51,83559.5,196101.441,2.428,0.95,23.66,133319.52,23.3767,116778.0133,23.155,107108.435,22.85,94494.43,22.3075,77508.9275,22.01,72217.537,21.444,64488.3187,21.574,70585.195
2392,20091021,600064.SH,23.2,24.88,23.2,23.84,22.81,1.03,4.52,183079.54,440499.934,5.3198,2.88,23.325,133387.27,23.0467,114958.08,22.6925,97228.1625,22.484,87574.894,21.9762,73174.1113,21.625,68102.132,21.298,62687.064,21.5325,70219.6895
2393,20091020,600064.SH,22.49,22.97,22.45,22.81,22.49,0.32,1.42,83695.0,190045.236,2.432,1.55,22.65,80897.35,22.31,68611.0367,22.145,63698.7325,22.02,63575.556,21.5975,56942.0413,21.239,53862.243,21.1827,55365.444,21.4855,65221.4335
2394,20091019,600064.SH,21.6,22.49,21.53,22.49,21.63,0.86,3.98,78099.7,173556.955,2.2694,1.62,22.06,61069.055,21.9233,57033.31,21.8225,58545.695,21.666,53947.476,21.2,51780.8475,21.023,49359.902,21.1487,58617.8193,21.465,65692.9215
2395,20091016,600064.SH,21.62,21.87,21.2,21.63,21.65,-0.02,-0.09,44038.41,94705.637,1.2796,0.88,21.64,46500.115,21.6,52027.6933,21.46,47909.42,21.334,48103.73,20.8862,47103.4663,20.861,48034.701,21.136,57904.0513,21.4165,63813.4085
2396,20091015,600064.SH,21.8,22.17,21.6,21.65,21.52,0.13,0.6,48961.82,107064.772,1.4227,1.01,21.585,56022.335,21.4033,49199.7567,21.26,49120.06,21.17,49940.644,20.7637,46432.6138,20.741,49485.263,21.1487,62615.45,21.4235,64958.832
2397,20091014,600064.SH,21.2,21.88,21.08,21.52,21.04,0.48,2.28,63082.85,136386.786,1.833,1.43,21.28,49318.725,21.13,49172.8067,21.05,50185.35,20.766,48629.37,20.6662,48418.3475,20.705,50243.149,21.2153,64434.6213,21.4355,66220.2765
2398,20091013,600064.SH,20.83,21.09,20.65,21.04,20.83,0.21,1.01,35554.6,74437.16,1.0331,0.79,20.935,42217.785,20.8933,45886.1833,20.5775,45016.0,20.458,44148.93,20.53,47850.995,20.764,51260.388,21.3073,65770.0593,21.4375,67556.464
2399,20091012,600064.SH,21.0,21.23,20.8,20.83,20.81,0.02,0.1,48880.97,102445.681,1.4204,1.02,20.82,51051.975,20.4233,48169.8,20.3125,46297.5125,20.38,44772.328,20.5612,50474.255,20.89,60952.991,21.398,69608.07,21.449,69934.787
2400,20091009,600064.SH,20.18,20.83,20.18,20.81,19.63,1.18,6.01,53222.98,109171.117,1.5465,1.09,20.22,47814.215,20.14,45436.36,20.2675,43745.1675,20.388,47965.672,20.7212,53521.0388,21.037,62804.212,21.444,69049.968,21.4555,72562.9865
2401,20090929,600064.SH,19.98,20.19,19.16,19.63,19.98,-0.35,-1.75,42405.45,83461.751,1.2322,0.82,19.805,41543.05,20.0867,40585.8967,20.2825,46651.345,20.312,49029.882,20.9075,63428.245,21.138,68952.853,21.508,69964.8947,21.381,71937.4505
2402,20090928,600064.SH,20.77,21.1,19.82,19.98,20.65,-0.67,-3.24,40680.65,83349.978,1.1821,0.7,20.315,39676.12,20.5,48066.6433,20.4825,50685.99,20.644,51856.928,21.2412,66551.7113,21.44,72337.247,21.6587,72083.912,21.355,72753.6895
2403,20090925,600064.SH,20.78,20.95,20.43,20.65,20.87,-0.22,-1.05,38671.59,79948.478,1.1237,0.5,20.76,51759.64,20.65,54021.1033,20.81,54650.9975,21.07,58371.846,21.4712,75805.3038,21.732,76580.624,21.764,75358.9753,21.29,74336.1335
2404,20090924,600064.SH,20.33,21.35,20.0,20.87,20.43,0.44,2.15,64847.69,133979.473,1.8843,0.84,20.65,61695.86,20.8633,59977.4667,21.175,63296.91,21.4,77133.654,21.7212,80502.5288,21.907,82025.941,21.8053,78322.2733,21.281,74988.9125
2405,20090923,600064.SH,21.29,21.5,20.38,20.43,21.29,-0.86,-4.04,58544.03,122404.102,1.7011,0.66,20.86,57542.355,21.2767,62779.9833,21.5325,80205.145,21.686,77642.752,21.975,82785.87,21.972,79592.116,21.8113,80762.0913,21.304,75353.135
2406,20090922,600064.SH,21.99,22.16,21.26,21.29,22.11,-0.82,-3.71,56540.68,122857.199,1.6429,0.61,21.7,64897.96,21.9,87425.5167,22.0,82417.4325,21.964,88875.824,22.2212,87108.4613,22.106,80432.401,21.7373,79573.3067,21.346,75798.1485
2407,20090921,600064.SH,21.8,22.19,21.4,22.11,22.3,-0.19,-0.85,73255.24,159477.938,2.1286,0.77,22.205,102867.935,22.2367,91043.0167,22.1325,96959.61,22.236,92817.566,22.25,85104.5563,22.166,82197.404,21.592,79719.2767,21.3125,76993.421
2408,20090918,600064.SH,22.55,23.37,22.0,22.3,22.3,0.0,0.0,132480.63,302047.073,3.8495,1.52,22.3,99936.905,22.14,104861.0667,22.2675,97708.1475,22.394,94789.402,22.2075,84316.0113,22.111,83852.54,21.3633,79657.5627,21.289,78108.79
2409,20090917,600064.SH,21.88,22.48,21.88,22.3,21.82,0.48,2.2,67393.18,150109.479,1.9583,0.83,22.06,91051.285,22.2567,86117.32,22.4175,85366.595,22.414,86918.228,22.1562,77029.7713,22.008,78916.583,21.2413,74273.9987,21.265,75101.11
2410,20090916,600064.SH,22.5,22.5,21.5,21.82,22.65,-0.83,-3.66,114709.39,251589.941,3.3332,1.59,22.235,95479.39,22.4567,91357.7333,22.4425,91799.49,22.258,81541.48,22.0637,79831.4488,21.874,82321.761,21.1767,74589.9293,21.1925,75090.745
2411,20090915,600064.SH,22.52,22.84,22.26,22.65,22.9,-0.25,-1.09,76249.39,171990.405,2.2156,1.07,22.775,79681.905,22.65,84162.8567,22.3675,73249.5025,22.248,71988.978,21.995,75882.9075,21.624,74922.048,21.14,71438.9233,21.0845,73353.9245
2412,20090914,600064.SH,22.53,23.25,22.48,22.9,22.4,0.5,2.23,83114.42,189554.002,2.4151,1.14,22.65,88119.59,22.2733,72249.54,22.1475,70923.875,22.096,71577.242,21.7837,79032.3538,21.27,73170.132,21.0047,71718.706,21.029,72199.8425
2413,20090911,600064.SH,21.45,22.59,21.41,22.4,21.52,0.88,4.09,93124.76,206812.224,2.706,1.31,21.96,66817.1,21.8967,66860.36,21.895,68692.9475,21.828,72915.678,21.3362,73732.0838,20.848,72091.643,20.9207,72548.586,20.9385,71888.7385
2414,20090910,600064.SH,21.77,21.92,21.42,21.52,21.77,-0.25,-1.15,40509.44,87773.159,1.1771,0.49,21.645,53728.16,21.7267,60549.01,21.685,67863.4075,21.602,70914.938,20.925,69432.7675,20.655,67951.884,20.882,71162.0707,20.99,70062.793
2415,20090909,600064.SH,21.99,22.13,21.4,21.77,21.89,-0.12,-0.55,66946.88,145233.895,1.9453,0.86,21.83,70568.795,21.74,76981.3967,21.6225,78516.3125,21.49,83102.042,20.57,73410.2788,20.636,71114.154,20.8373,72940.5,21.1425,71006.768
2416,20090908,600064.SH,21.56,22.14,21.34,21.89,21.56,0.33,1.53,74190.71,162168.861,2.1558,0.99,21.725,81998.655,21.5733,82372.79,21.42,87140.8325,21.0,77855.118,20.4075,71507.815,20.586,71163.896,20.6967,73808.9067,21.2545,70418.2055
2417,20090907,600064.SH,21.48,22.15,21.28,21.56,21.27,0.29,1.36,89806.6,195328.733,2.6096,1.26,21.415,86463.83,21.2633,91457.54,20.7775,78771.22,20.444,74763.022,20.3375,71250.4938,20.459,71789.438,20.6733,72407.376,21.4055,68674.152
2418,20090904,600064.SH,21.0,21.5,20.75,21.27,20.96,0.31,1.48,83121.06,176234.922,2.4153,1.28,21.115,92283.01,20.5167,75092.76,20.165,71002.1275,19.868,71267.608,20.3012,68455.2063,20.467,72365.04,20.642,71546.4253,21.5525,66547.9515
2419,20090903,600064.SH,19.38,21.2,19.23,20.96,19.32,1.64,8.49,101444.96,208315.869,2.9477,1.72,20.14,71078.61,19.7967,66962.4833,19.5175,68304.245,19.708,64988.83,20.22,68120.84,20.522,71285.637,20.786,69778.7447,21.716,66556.3265
2420,20090902,600064.SH,19.06,19.49,18.79,19.32,19.11,0.21,1.1,40712.26,78269.146,1.183,0.63,19.215,49721.245,19.0367,57257.34,19.395,55874.7975,19.782,59126.266,20.305,67385.5475,20.511,67859.729,21.0267,66975.01,21.919,67867.1345
2421,20090901,600064.SH,18.75,19.58,18.74,19.11,18.68,0.43,2.3,58730.23,112594.212,1.7066,0.85,18.895,65529.88,19.42,60928.9767,19.8975,63729.7675,20.172,64472.674,20.6175,71337.3938,20.545,71785.801,21.3393,67939.2347,22.203,71597.1495
2422,20090831,600064.SH,20.0,20.08,18.63,18.68,20.47,-1.79,-8.74,72329.53,139924.044,2.1017,0.98,19.575,62028.35,20.16,65396.28,20.4375,65908.285,20.474,68815.854,20.835,72394.35,20.788,71229.553,21.726,66644.5287,22.545,74238.7705
2423,20090828,600064.SH,21.23,21.33,20.4,20.47,21.33,-0.86,-4.03,51727.17,107282.663,1.5031,0.67,20.9,61929.655,21.0233,63767.87,20.9225,67937.435,21.066,73462.472,20.9575,73349.7813,21.029,71685.834,22.114,64974.7327,22.9465,74627.3925
2424,20090827,600064.SH,21.23,21.8,20.9,21.33,21.27,0.06,0.28,72132.14,154365.747,2.096,0.94,21.3,69788.22,21.0733,73340.8567,21.215,78896.2975,21.336,77582.444,21.0912,73529.8538,21.325,72173.702,22.3853,67078.8253,23.2585,75961.2685
2425,20090826,600064.SH,20.5,21.56,20.3,21.27,20.62,0.65,3.15,67444.3,142587.443,1.9598,0.85,20.945,73945.215,21.1767,81151.0167,21.3375,78945.02,21.24,76593.192,21.0612,74124.8788,21.649,70899.382,22.6313,70780.7573,23.4915,77104.445
2426,20090825,600064.SH,21.38,21.5,20.0,20.62,21.64,-1.02,-4.71,80446.13,166095.884,2.3376,1.09,21.13,88004.375,21.36,82778.5933,21.2325,78880.415,20.918,79098.928,21.3312,72770.0725,21.923,69672.515,22.88,73971.9747,23.7035,80243.7575
2427,20090824,600064.SH,22.0,22.11,21.0,21.64,21.82,-0.18,-0.82,95562.62,205389.791,2.7768,1.37,21.73,83944.825,21.4367,78358.51,20.9925,78762.1275,21.102,73643.252,21.825,70137.9238,22.352,65558.866,23.2353,76046.4093,24.0525,81025.041
2428,20090821,600064.SH,20.84,22.15,20.6,21.82,20.85,0.97,4.65,72327.03,156352.195,2.1016,1.08,21.335,69756.455,20.7767,73161.9633,20.9675,68163.41,20.992,69909.196,22.1212,65089.55,22.638,60730.863,23.5733,75015.6993,24.3695,82431.665
2429,20090820,600064.SH,19.71,20.96,19.65,20.85,19.66,1.19,6.05,67185.88,136836.706,1.9522,1.03,20.255,73579.43,20.6833,66775.5367,20.785,69304.7375,21.314,66764.96,22.5075,60962.3763,22.91,61827.016,23.8993,75420.8767,24.6385,84114.814
2430,20090819,600064.SH,21.66,21.69,19.55,19.66,21.54,-1.88,-8.73,79972.98,163789.466,2.3238,1.33,20.6,66570.365,20.7633,70011.0233,21.43,66659.73,22.058,65205.572,22.9637,58474.465,23.327,67874.54,24.242,77274.8627,24.949,85035.686
2431,20090818,600064.SH,21.23,21.8,20.93,21.54,21.09,0.45,2.13,53167.75,113480.449,1.5449,0.93,21.315,65030.045,22.02,62221.98,22.6575,61513.72,22.928,60246.102,23.5737,58888.9125,23.861,71408.498,24.632,80625.3673,25.311,85300.6265
2432,20090817,600064.SH,23.0,23.32,21.09,21.09,23.43,-2.34,-9.99,76892.34,172705.526,2.2343,1.49,22.26,66749.095,23.03,64295.71,23.275,62015.69,23.602,57474.48,24.0087,68200.5838,24.302,77247.988,25.036,83485.6373,25.5685,88561.534
2433,20090814,600064.SH,24.57,24.7,23.38,23.43,24.57,-1.14,-4.64,56605.85,135806.721,1.6448,1.0,24.0,57997.395,24.0033,57056.8067,24.23,52620.015,24.284,51552.53,24.4975,73003.1113,24.864,77568.951,25.4953,86605.8213,25.82,89756.8955
2434,20090813,600064.SH,24.12,24.77,23.6,24.57,24.01,0.56,2.33,59388.94,143748.706,1.7257,0.84,24.29,57282.285,24.4967,51291.4033,24.4975,50289.2,24.506,56889.072,24.8125,79872.7113,25.192,79748.835,25.7467,89898.0987,25.951,93360.104
2435,20090812,600064.SH,24.91,24.95,23.98,24.01,24.91,-0.9,-3.61,55175.63,134957.75,1.6033,0.67,24.46,47242.635,24.4733,47255.9533,24.49,56264.105,24.596,70543.508,25.08,82461.84,25.334,83309.508,25.9127,91645.724,26.069,96452.492
2436,20090811,600064.SH,24.53,24.96,24.47,24.91,24.5,0.41,1.67,39309.64,97468.308,1.1422,0.41,24.705,43296.115,24.65,56626.93,24.7425,74385.4775,24.794,82570.894,25.4175,85365.4725,25.484,90815.0,26.1053,93652.1347,26.17,99830.879
2437,20090810,600064.SH,24.7,24.98,24.1,24.5,24.54,-0.04,-0.16,47282.59,116240.362,1.3739,0.46,24.52,65285.575,24.6867,86077.4233,24.765,93386.2075,25.002,97021.496,25.5525,92326.2263,25.753,96491.216,26.224,98923.8853,26.2005,103992.209
2438,20090807,600064.SH,25.02,25.5,24.39,24.54,25.02,-0.48,-1.92,83288.56,208297.385,2.4202,0.81,24.78,105474.84,24.8533,108754.08,25.1275,109456.2225,25.444,103585.372,25.6787,102694.7213,26.101,104132.467,26.332,102491.684,26.178,105946.759
2439,20090806,600064.SH,24.95,25.65,23.89,25.02,25.0,0.02,0.08,127661.12,313353.81,3.7095,1.33,25.01,121486.84,25.3233,118178.7767,25.67,108659.575,25.878,102608.598,26.0612,104292.6263,26.367,106402.612,26.4327,105517.1147,26.176,107391.916
2440,20090805,600064.SH,25.76,25.95,24.6,25.0,25.95,-0.95,-3.66,115312.56,290894.918,3.3507,1.16,25.475,113437.605,25.8867,102325.7267,26.0925,96345.4675,26.072,96075.508,26.4312,103796.8738,26.571,102196.832,26.56,105088.82,26.1725,105645.7775
2441,20090804,600064.SH,26.73,26.99,25.34,25.95,26.71,-0.76,-2.85,111562.65,291678.831,3.2417,1.16,26.33,95832.31,26.4567,90023.1033,26.34,91266.245,26.174,99059.106,26.7062,102631.555,26.761,99192.755,26.6287,105584.2073,26.1735,107617.434
2442,20090803,600064.SH,26.82,27.1,26.35,26.71,26.71,0.0,0.0,80101.97,213864.93,2.3276,0.77,26.71,79253.33,26.47,84500.7767,26.23,95933.22,26.504,95960.936,26.845,99386.6388,26.835,99875.08,26.6,106315.78,26.092,110337.75
2443,20090731,600064.SH,26.3,26.77,25.7,26.71,25.99,0.72,2.77,78404.69,205790.72,2.2782,0.71,26.35,86700.18,26.07,101210.3033,26.4525,99925.6775,26.758,104679.562,26.8687,100032.8663,26.776,101944.84,26.4227,106733.888,25.9805,119540.9795
2444,20090730,600064.SH,25.69,26.55,25.15,25.99,25.51,0.48,1.88,94995.67,244871.816,2.7603,0.88,25.75,112613.11,26.3667,107099.34,26.77,111248.28,26.856,110196.626,26.8662,105030.5175,26.71,106971.373,26.2753,108986.3553,25.7815,124360.872
2445,20090729,600064.SH,27.3,27.95,25.23,25.51,27.6,-2.09,-7.57,130230.55,345464.253,3.7842,1.31,26.555,113151.175,27.03,116665.8167,27.0725,113996.865,27.07,108318.156,26.8825,105756.005,26.804,109595.476,26.206,108835.8673,25.515,124418.466
2446,20090728,600064.SH,28.02,28.48,27.2,27.6,27.98,-0.38,-1.36,96071.8,266218.281,2.7916,0.93,27.79,109883.45,27.5933,108585.6367,27.46,102840.0575,27.348,99326.404,26.95,105560.9388,26.856,108846.758,26.1733,110470.21,25.26,124202.5625
2447,20090727,600064.SH,27.8,28.5,27.8,27.98,27.2,0.78,2.87,123695.1,347514.301,3.5943,1.25,27.59,114842.555,27.4133,105096.1433,27.285,100140.055,27.166,103789.224,26.8662,108706.5513,26.648,111493.202,25.9547,115130.0213,24.852,122334.6395
2448,20090724,600064.SH,27.11,28.4,26.38,27.2,27.06,0.14,0.52,105990.01,289669.089,3.0798,1.02,27.13,95796.665,27.0533,92288.3733,26.9625,98812.755,26.794,99210.118,26.6225,108587.585,26.255,107761.051,25.7213,124494.7853,24.4445,120266.3075
2449,20090723,600064.SH,27.03,27.65,26.76,27.06,26.9,0.16,0.59,85603.32,232294.428,2.4874,0.77,26.98,85437.555,26.8833,96420.3367,26.6925,97515.145,26.564,103746.12,26.4125,110655.8638,25.985,108381.22,25.4233,129082.2873,24.0495,117665.626
2450,20090722,600064.SH,26.75,27.14,26.29,26.9,26.69,0.21,0.79,85271.79,228057.154,2.4778,0.72,26.795,101828.845,26.57,101485.7533,26.44,108281.82,26.538,110872.796,26.0362,110752.1475,25.774,109094.723,24.9967,129785.236,23.642,116406.379
2451,20090721,600064.SH,26.3,27.4,26.0,26.69,26.12,0.57,2.18,118385.9,317819.257,3.44,0.99,26.405,109592.735,26.2867,115951.83,26.4475,117273.0475,26.364,118367.112,25.7362,114117.1363,25.586,116042.113,24.564,132494.6153,23.2575,114905.739
2452,20090720,600064.SH,25.8,26.76,25.8,26.12,26.05,0.07,0.27,100799.57,264427.926,2.929,0.87,26.085,114734.795,26.3667,116902.0967,26.2825,118362.415,26.13,119197.18,25.5187,110911.1925,25.349,120800.42,24.0807,128516.4447,22.8815,113949.134
2453,20090717,600064.SH,26.83,27.19,24.5,26.05,26.93,-0.88,-3.27,128670.02,336154.029,3.7388,1.14,26.49,124953.36,26.3367,124216.6967,26.1325,123796.5825,25.716,116311.984,25.3812,117654.4575,25.185,137137.119,23.6613,127285.0373,22.555,116152.424
2454,20090716,600064.SH,26.05,27.77,25.58,26.93,26.03,0.9,3.46,121236.7,323702.752,3.5228,1.13,26.48,121990.035,26.16,122172.1033,25.6325,113222.475,25.406,113016.32,25.165,122316.8263,24.853,141750.371,23.2113,122305.4613,22.1985,114383.2385
2455,20090715,600064.SH,25.8,27.68,25.62,26.03,25.52,0.51,2.0,122743.37,325832.481,3.5666,1.08,25.775,122639.805,25.2,110551.0667,25.025,110961.225,25.01,107316.65,24.8587,140183.0588,24.226,139241.456,22.6767,118250.9067,21.7885,112001.672
2456,20090714,600064.SH,24.17,25.6,24.17,25.52,24.05,1.47,6.11,122536.24,307227.287,3.5606,1.0,24.785,104454.915,24.69,107033.8433,24.755,103459.97,24.808,113717.114,24.4462,146690.455,23.664,139558.367,22.222,113751.948,21.424,110004.437
2457,20090713,600064.SH,24.2,24.5,23.81,24.05,24.5,-0.45,-1.84,86373.59,208517.443,2.5098,0.55,24.275,99282.645,24.5,97101.2133,24.63,111512.3325,24.568,122403.66,23.8387,143391.8688,23.056,133176.077,21.7987,112199.7853,21.0535,106209.748
2458,20090710,600064.SH,25.1,25.1,24.25,24.5,24.95,-0.45,-1.8,112191.7,275782.954,3.26,0.66,24.725,102465.025,24.8233,119891.9133,24.6975,131411.1775,24.654,157962.254,23.3837,148334.23,22.634,132771.564,21.5013,116099.2373,20.7585,104483.0195
2459,20090709,600064.SH,24.98,25.23,24.53,24.95,25.02,-0.07,-0.28,92738.35,230948.421,2.6947,0.54,24.985,123742.02,24.7633,137817.67,24.6925,169404.8925,24.3,170484.422,22.7512,141649.435,22.114,126950.032,21.1293,114838.878,20.444,103188.216
2460,20090708,600064.SH,24.0,25.25,23.75,25.02,24.32,0.7,2.88,154745.69,376400.682,4.4965,0.94,24.67,160357.33,24.6067,194960.4067,24.1375,189920.94,23.442,171166.262,22.1112,140348.1988,21.51,123718.035,20.7147,113563.346,20.13,103721.83
2461,20090707,600064.SH,24.58,25.77,24.2,24.32,24.48,-0.16,-0.65,165968.97,414342.647,4.8226,1.15,24.4,215067.765,23.8433,201646.0233,23.0475,175271.405,22.52,165399.62,21.3962,127752.035,20.929,113769.365,20.296,108766.878,19.8135,101558.6525
2462,20090706,600064.SH,23.17,25.0,23.17,24.48,22.73,1.75,7.7,264166.56,644930.636,7.676,2.46,23.605,219484.55,22.6233,178372.2167,22.07,165257.2825,21.544,143948.494,20.72,114558.2113,20.414,107097.848,19.882,100811.7773,19.5075,97100.418
2463,20090703,600064.SH,20.51,22.73,20.3,22.73,20.66,2.07,10.02,174802.54,384176.043,5.0793,2.1,21.695,135475.045,21.2667,132287.5233,20.81,113893.9775,20.614,107580.874,20.0612,88444.765,19.925,95167.729,19.46,86656.608,19.1705,87756.189
2464,20090702,600064.SH,20.46,20.68,20.13,20.66,20.41,0.25,1.22,96147.55,196463.299,2.7938,1.26,20.535,111030.015,20.17,93591.1233,20.085,90775.4575,19.928,83415.642,19.6162,79001.1725,19.544,87016.106,19.1587,80756.1473,18.925,82477.699
2465,20090701,600064.SH,19.32,20.54,19.32,20.41,19.44,0.97,4.99,125912.48,254605.798,3.6587,2.03,19.925,92312.91,19.8933,88984.76,19.745,80232.665,19.578,76269.808,19.4825,85090.9,19.351,84761.888,19.026,81240.3527,18.8035,83168.1335
2466,20090630,600064.SH,19.76,20.08,19.35,19.44,19.83,-0.39,-1.97,58713.34,115634.413,1.7061,0.84,19.635,70520.9,19.5233,65006.06,19.37,63859.14,19.338,62139.11,19.2962,81012.6288,19.184,80450.507,18.9113,80278.33,18.6825,82201.002
2467,20090629,600064.SH,19.3,20.17,19.23,19.83,19.3,0.53,2.75,82328.46,162795.334,2.3923,0.99,19.565,68152.42,19.3467,65574.4067,19.3125,62995.5525,19.284,70247.202,19.2075,82874.1325,19.051,79243.419,18.8287,81484.3927,18.5775,81753.5235
2468,20090626,600064.SH,19.08,19.49,18.95,19.3,18.91,0.39,2.06,53976.38,104073.821,1.5684,0.6,19.105,57197.38,19.14,56551.25,19.1475,67226.8875,19.236,82754.584,19.0712,82932.9088,18.883,76194.475,18.6893,81147.9607,18.463,81127.4725
2469,20090625,600064.SH,19.22,19.57,18.83,18.91,19.21,-0.3,-1.56,60418.38,115872.051,1.7556,0.65,19.06,57838.685,19.0967,71643.7233,19.22,89949.135,19.16,90616.57,18.9225,82016.1688,18.774,79426.4,18.5907,82165.0513,18.354,81436.7815
2470,20090624,600064.SH,19.2,19.42,18.94,19.21,19.17,0.04,0.21,55258.99,105772.586,1.6057,0.56,19.19,77256.395,19.3233,99792.72,19.2225,98166.1175,19.124,93253.968,18.8275,80943.7488,18.75,83725.625,18.5453,85467.5753,18.256,80860.1295
2471,20090623,600064.SH,19.29,19.59,18.85,19.17,19.59,-0.42,-2.14,99253.8,191045.838,2.8841,1.12,19.38,122059.585,19.2267,112468.4933,19.1025,102752.7125,19.03,98761.904,18.7025,84823.3288,18.698,89347.94,18.464,88888.2993,18.154,81529.825
2472,20090622,600064.SH,19.2,20.28,19.06,19.59,18.92,0.67,3.54,144865.37,285989.675,4.2094,2.08,19.255,119075.84,19.08,103919.0167,18.995,98638.93,18.818,88239.636,18.64,85342.9325,18.601,87102.988,18.342,85588.964,18.041,78531.307
2473,20090619,600064.SH,18.88,19.3,18.71,18.92,18.73,0.19,1.01,93286.31,177072.74,2.7107,1.37,18.825,83445.84,18.7967,83230.1167,18.625,74083.2025,18.53,69634.366,18.5275,81170.0288,18.416,80344.649,18.2053,80585.102,17.898,74618.364
2474,20090618,600064.SH,18.77,19.02,18.59,18.73,18.74,-0.01,-0.05,73605.37,138425.681,2.1388,0.99,18.735,78202.02,18.5267,67682.1667,18.4325,63721.38,18.388,68236.23,18.4375,79109.775,18.306,77939.292,18.0853,78376.852,17.8165,72150.4065
2475,20090617,600064.SH,18.2,18.88,18.03,18.74,18.11,0.63,3.48,82798.67,153511.712,2.4059,1.04,18.425,64720.565,18.3333,60426.7167,18.3025,66893.945,18.376,74197.282,18.3137,79569.3513,18.256,81574.379,17.9667,76728.85,17.751,71512.5445
2476,20090616,600064.SH,17.93,18.29,17.86,18.11,18.15,-0.04,-0.22,46642.46,84206.22,1.3553,0.54,18.13,49240.74,18.1567,61592.37,18.285,72046.935,18.366,79933.976,18.1987,77873.61,18.181,83951.497,17.862,75785.7987,17.6715,70310.1455
2477,20090615,600064.SH,17.9,18.16,17.71,18.15,17.81,0.34,1.91,51839.02,92944.248,1.5063,0.57,18.18,69067.325,18.3433,80515.0933,18.43,88256.855,18.384,85966.34,18.2137,85787.8325,18.104,84263.628,17.782,75295.1973,17.6335,71331.2675
2478,20090612,600064.SH,18.57,18.85,17.98,18.21,18.67,-0.46,-2.46,86295.63,158627.174,2.5075,0.98,18.44,94853.13,18.5233,100396.1333,18.4425,94498.17,18.302,91054.932,18.1937,92629.1863,18.043,86060.47,17.6873,76279.6967,17.6125,72291.149
2479,20090611,600064.SH,18.77,19.18,18.49,18.67,18.69,-0.02,-0.11,103410.63,194861.266,3.0048,1.16,18.68,107446.385,18.52,97232.35,18.325,92244.7575,18.224,87642.354,18.085,88062.7038,17.934,83447.163,17.626,73455.132,17.584,72204.003
2480,20090610,600064.SH,18.28,18.97,18.17,18.69,18.2,0.49,2.69,111482.14,208015.793,3.2394,1.27,18.445,94143.21,18.21,88522.8,18.1125,83700.285,18.136,88951.476,17.9437,83862.305,17.762,77994.634,17.5427,70617.632,17.51,74421.046
2481,20090609,600064.SH,17.9,18.22,17.41,18.2,17.74,0.46,2.59,76804.28,136715.652,2.2317,0.93,17.97,77043.13,17.92,74439.6667,17.9975,83318.81,17.996,87969.018,17.7475,77447.3575,17.61,73711.71,17.44,67102.202,17.4745,74567.5895
2482,20090608,600064.SH,17.88,18.18,17.6,17.74,17.82,-0.08,-0.45,77281.98,138269.332,2.2456,0.95,17.78,73257.36,17.93,85490.32,17.945,90760.2025,17.824,82560.916,17.5912,73957.49,17.481,69959.626,17.3833,66452.91,17.461,78014.277
2483,20090605,600064.SH,18.3,18.45,17.78,17.82,18.23,-0.41,-2.25,69232.74,125034.904,2.0117,0.87,18.025,89594.49,18.0133,95252.9433,17.845,83880.65,17.784,81066.008,17.52,72878.855,17.38,68892.079,17.3827,66036.5547,17.4555,81856.0235
2484,20090604,600064.SH,17.9,18.75,17.81,18.23,17.99,0.24,1.33,109956.24,201577.314,3.195,1.64,18.11,108263.045,17.8533,88763.2867,17.775,84024.325,17.644,79251.972,17.4062,69135.1925,17.327,66361.521,17.3707,67057.886,17.3915,82804.4325
2485,20090603,600064.SH,17.35,18.28,17.35,17.99,17.34,0.65,3.75,106569.85,190855.37,3.0966,1.79,17.665,78166.81,17.6233,75380.3533,17.4975,71575.905,17.388,67037.792,17.2187,63716.4763,17.246,61450.71,17.3013,69577.5693,17.313,83436.668
2486,20090602,600064.SH,17.61,17.67,17.28,17.34,17.54,-0.2,-1.14,49763.77,86806.727,1.446,0.87,17.44,59785.605,17.3333,59911.2567,17.2375,57154.7775,17.224,59454.402,17.1312,55886.14,17.162,56668.794,17.3007,70100.4467,17.2225,82238.245
2487,20090601,600064.SH,17.38,17.63,17.24,17.54,17.12,0.42,2.45,69807.44,122045.71,2.0284,1.23,17.33,64985.0,17.2033,59618.4467,17.195,61877.06,17.138,57358.336,17.1412,57271.685,17.163,58398.907,17.34,76498.7307,17.1495,82956.8355
2488,20090527,600064.SH,17.0,17.34,16.73,17.12,16.95,0.17,1.0,60162.56,102332.51,1.7482,1.13,17.035,54523.95,17.08,59233.6,17.0375,54246.06,16.976,56718.15,17.0925,55889.5913,17.182,58521.828,17.346,82119.362,17.0385,82142.796
2489,20090526,600064.SH,17.17,17.36,16.91,16.95,17.17,-0.22,-1.28,48885.34,83962.488,1.4205,0.88,17.06,58769.12,17.01,52273.8933,16.94,55857.0475,17.01,53471.07,17.1212,56752.3838,17.234,60960.843,17.3073,83988.586,16.943,83160.2335
2490,20090525,600064.SH,16.5,17.2,16.37,17.17,16.91,0.26,1.54,68652.9,115287.382,1.9949,1.27,17.04,53968.17,16.9367,58180.95,17.025,54617.5025,17.104,55863.628,17.2187,59521.2975,17.258,70847.458,17.288,88902.96,16.8735,84067.9085
2491,20090522,600064.SH,16.68,17.0,16.65,16.91,16.73,0.18,1.08,39283.44,66113.492,1.1415,0.66,16.82,52944.975,16.9767,49939.0367,17.0875,52666.31,17.1,53883.186,17.2775,61508.7738,17.339,75423.469,17.222,89832.8593,16.804,86325.754
2492,20090521,600064.SH,17.21,17.3,16.64,16.73,17.29,-0.56,-3.24,66606.51,112412.446,1.9354,1.1,17.01,55266.835,17.1467,57127.2667,17.1475,57533.1225,17.188,59439.478,17.3125,75067.28,17.441,86068.928,17.1533,91489.6687,16.771,88159.377
2493,20090520,600064.SH,17.42,17.59,17.2,17.29,17.42,-0.13,-0.75,43927.16,76324.6,1.2764,0.64,17.355,52387.645,17.2867,54508.66,17.3025,57647.72,17.388,60325.506,17.4687,81043.0925,17.531,94819.968,17.0593,90617.678,16.7545,90219.498
2494,20090519,600064.SH,17.41,17.79,17.24,17.42,17.15,0.27,1.57,60848.13,106379.71,1.7681,0.71,17.285,59799.41,17.3067,62221.24,17.4125,64425.0925,17.458,68450.616,17.5487,93769.4513,17.456,99247.344,16.9207,93056.6213,16.697,94248.77
2495,20090518,600064.SH,17.21,17.27,16.82,17.15,17.35,-0.2,-1.15,58750.69,99920.016,1.7071,0.61,17.25,62907.795,17.41,65617.4133,17.4675,70351.2375,17.412,85831.288,17.575,105428.0488,17.38,105422.626,16.7967,93469.3353,16.636,98971.437
2496,20090514,600064.SH,17.42,17.58,17.1,17.35,17.73,-0.38,-2.14,67064.9,116330.289,1.9487,0.6,17.54,69050.775,17.5733,74218.0867,17.4775,92601.4375,17.578,96963.752,17.4987,109109.3275,17.283,107807.696,16.7053,97139.9433,16.6315,103283.503
2497,20090513,600064.SH,17.6,17.94,17.3,17.73,17.64,0.09,0.51,71036.65,125430.69,2.0641,0.55,17.685,77794.68,17.52,101113.6167,17.635,104438.465,17.694,112698.378,17.4125,116051.3338,17.136,107514.764,16.632,97732.6767,16.5815,105175.1475
2498,20090512,600064.SH,17.03,17.69,17.0,17.64,17.19,0.45,2.62,84552.71,146905.017,2.4569,0.65,17.415,116152.1,17.6033,115572.4033,17.685,123113.81,17.674,129314.43,17.2187,117496.9263,16.895,105763.764,16.5433,100184.162,16.5115,106501.6945
2499,20090511,600064.SH,18.1,18.79,17.17,17.19,17.98,-0.79,-4.39,147751.49,267031.647,4.2933,1.18,17.585,131082.25,17.7,135967.51,17.6825,140504.86,17.454,130044.072,16.9987,114944.785,16.652,105359.624,16.4433,102848.1547,16.4445,107287.3375
2500,20090508,600064.SH,17.63,18.37,17.55,17.98,17.93,0.05,0.28,114413.01,205985.721,3.3245,0.96,17.955,130075.52,17.8467,138089.3167,17.52,125617.2175,17.348,125013.964,16.765,103166.68,16.489,97288.359,16.3773,103351.4867,16.3665,103553.2265
2501,20090507,600064.SH,17.63,18.19,17.41,17.93,17.63,0.3,1.7,145738.03,259365.322,6.4529,1.42,17.78,149927.47,17.3667,129351.9533,17.19,127664.2025,16.988,118651.64,16.4187,98928.9675,16.269,97228.039,16.316,105390.0867,16.233,104799.096
2502,20090506,600064.SH,16.5,17.95,16.48,17.63,16.54,1.09,6.59,154116.91,267518.272,6.8239,1.87,17.085,121158.915,16.9433,121639.5933,16.7525,111880.0425,16.578,102331.15,16.1225,89091.5688,16.101,90249.826,16.2107,102667.404,16.1645,104656.732
2503,20090505,600064.SH,16.78,16.9,16.44,16.54,16.66,-0.12,-0.72,88200.92,146569.689,3.9053,1.09,16.6,105400.935,16.46,97801.0867,16.315,89384.71,16.116,82213.098,15.8912,84053.1813,15.978,85619.028,16.124,98897.4493,16.0895,103768.8355
2504,20090504,600064.SH,16.2,16.78,16.2,16.66,16.18,0.48,2.97,122600.95,203210.253,5.4284,1.76,16.42,102601.17,16.24,89779.3067,16.01,80716.1425,15.85,80675.176,15.855,82522.5538,15.938,89250.196,16.108,99701.7593,16.06,104557.968
2505,20090430,600064.SH,15.94,16.35,15.76,16.18,15.88,0.3,1.89,82601.39,133120.353,3.6574,1.09,16.03,73368.485,15.7933,66754.54,15.6475,70193.7325,15.63,69562.754,15.8225,80673.5513,15.892,92520.248,16.0393,96399.6473,16.026,104444.5995
2506,20090429,600064.SH,15.22,15.99,15.22,15.88,15.32,0.56,3.66,64135.58,100652.699,2.8397,0.82,15.6,58831.115,15.47,66057.8467,15.4925,66303.095,15.55,75804.438,15.8175,85912.4525,15.98,98759.31,15.9813,100181.5813,16.0185,107241.6815
2507,20090428,600064.SH,15.11,15.48,14.98,15.32,15.21,0.11,0.72,53526.65,81506.657,2.37,0.6,15.265,67018.98,15.3633,67025.6,15.4675,78721.6525,15.624,78168.502,15.8575,97308.1888,16.027,102835.531,16.0267,105431.926,15.9945,112047.8475
2508,20090427,600064.SH,15.5,16.2,15.17,15.21,15.56,-0.35,-2.25,80511.31,126018.755,3.5648,0.82,15.385,73775.075,15.5167,87119.9867,15.7,84328.965,15.84,89024.958,16.075,108741.3588,16.128,107239.625,16.0807,110954.0813,16.043,116608.6805
2509,20090423,600064.SH,15.65,15.85,15.22,15.56,15.78,-0.22,-1.39,67038.84,104122.428,2.9683,0.58,15.67,90424.325,15.8633,85601.5167,15.9975,91153.37,16.026,97825.216,16.2175,111789.6688,16.237,109215.051,16.13,112518.8987,16.0495,117442.1245
2510,20090422,600064.SH,16.37,16.68,15.72,15.78,16.25,-0.47,-2.89,113809.81,185229.928,5.0392,0.94,16.015,94882.855,16.1433,99191.5467,16.1425,105521.81,16.154,115477.742,16.3137,115605.7625,16.244,109818.094,16.158,116071.8813,16.073,120227.82
2511,20090421,600064.SH,16.2,16.4,16.02,16.25,16.4,-0.15,-0.91,75955.9,123032.122,3.3631,0.6,16.325,91882.415,16.2633,102759.1433,16.2475,115894.725,16.41,121714.182,16.3787,113912.7325,16.197,112370.153,16.1747,117720.7627,16.0625,121115.2
2512,20090420,600064.SH,16.0,16.55,15.91,16.4,16.14,0.26,1.61,107808.93,175760.444,4.7735,0.86,16.27,116160.765,16.2467,129207.6667,16.45,133153.7525,16.43,127502.56,16.3012,113551.9038,16.228,119063.638,16.118,123340.9627,15.998,122676.7045
2513,20090417,600064.SH,16.33,16.4,15.65,16.14,16.2,-0.06,-0.37,124512.6,200244.424,5.5131,1.03,16.17,139907.035,16.4667,141602.0267,16.4375,132425.9675,16.416,125454.292,16.165,117492.0875,16.201,121918.643,16.1107,125803.2547,15.9325,123524.8515
2514,20090416,600064.SH,17.0,17.04,16.15,16.2,17.06,-0.86,-5.04,155301.47,255740.011,6.8763,1.49,16.63,150146.74,16.5367,135063.7567,16.485,125689.715,16.448,120604.886,16.2175,119789.3563,16.182,119865.74,16.0573,123981.094,15.8415,122956.2775
2515,20090415,600064.SH,16.28,17.09,16.08,17.06,16.35,0.71,4.34,144992.01,239366.95,6.4198,1.41,16.705,124944.9,16.58,115819.13,16.51,111930.74,16.334,104158.446,16.2087,117421.545,16.16,116368.951,16.046,121811.1793,15.7445,120472.9805
2516,20090414,600064.SH,16.36,16.45,16.04,16.35,16.33,0.02,0.12,104897.79,170578.913,4.6446,0.95,16.34,101232.69,16.3267,100910.3167,16.1525,93950.055,15.984,103026.124,16.07,112295.49,16.057,115724.053,15.9467,120915.5393,15.572,115340.2485
2517,20090413,600064.SH,16.44,16.56,16.15,16.33,16.3,0.03,0.18,97567.59,159548.112,4.32,0.82,16.315,98916.58,16.0867,90300.81,15.8925,102558.2075,16.026,110624.716,16.0237,114224.9638,15.962,121260.164,15.854,121068.086,15.4115,112070.462
2518,20090410,600064.SH,15.75,16.35,15.5,16.3,15.63,0.67,4.29,100265.57,160230.595,4.4395,0.84,15.965,86667.42,15.7467,104221.7467,15.95,113888.9975,15.986,118382.994,15.9862,119346.8938,15.958,125977.736,15.7713,122881.7047,15.2625,109687.984
2519,20090409,600064.SH,15.31,15.7,15.25,15.63,15.31,0.32,2.09,73069.27,112720.687,3.2353,0.57,15.47,106199.835,15.8333,118430.14,15.9075,122912.35,15.916,119126.594,15.8737,126846.06,15.862,125669.198,15.6393,123740.0747,15.123,107764.724
2520,20090408,600064.SH,16.4,16.49,15.3,15.31,16.56,-1.25,-7.55,139330.4,220615.594,6.1692,1.08,15.935,141110.575,16.0,139526.71,15.9875,130640.925,15.986,128579.456,15.9562,135805.315,15.902,130637.546,15.548,125911.1587,15.021,106922.7375
2521,20090407,600064.SH,16.38,16.95,16.38,16.56,16.13,0.43,2.67,142890.75,238258.85,6.3268,1.08,16.345,139624.865,16.2133,127744.4333,16.155,125891.72,16.13,128421.982,15.96,130536.5388,15.928,129860.247,15.4347,119444.9567,14.9275,104280.364
2522,20090403,600064.SH,16.16,16.47,15.95,16.13,15.95,0.18,1.13,136358.98,220986.164,6.0376,1.02,16.04,120171.275,16.02,120225.3767,16.0225,124804.79,15.898,131895.612,15.8937,128019.2888,15.768,126289.771,15.2067,112552.3773,14.798,100515.043
2523,20090402,600064.SH,16.1,16.35,15.91,15.95,15.98,-0.03,-0.19,103983.57,167183.933,4.6041,0.79,15.965,112158.575,15.9867,120953.3933,15.84,130779.77,15.93,133572.478,15.8237,127419.0925,15.664,125131.06,15.0213,106789.6473,14.705,100758.146
2524,20090401,600064.SH,16.11,16.4,15.85,15.98,16.03,-0.05,-0.31,120333.58,193758.975,5.328,0.91,16.005,129438.305,15.8033,139711.8367,15.925,140969.705,15.808,132211.802,15.7,127819.395,15.501,126046.815,14.8587,103977.434,14.6015,101885.085
2525,20090331,600064.SH,15.11,16.05,15.11,16.03,15.4,0.63,4.09,138543.03,215687.272,6.1343,1.06,15.715,149400.965,15.9067,147848.4133,15.765,135181.3575,15.818,132695.636,15.5887,128374.1813,15.329,124577.01,14.6993,99703.8313,14.446,98530.4805
2526,20090330,600064.SH,15.7,15.74,14.99,15.4,16.29,-0.89,-5.46,160258.9,247345.233,7.0958,1.33,15.845,152501.105,15.6767,134060.8,15.765,131233.7875,15.726,131298.512,15.375,125198.9425,15.087,114956.444,14.5267,96233.158,14.2895,95155.129
2527,20090327,600064.SH,16.09,16.5,15.81,16.29,15.34,0.95,6.19,144743.31,233859.321,6.4088,1.24,15.815,120961.75,15.8867,121558.75,15.8075,124058.415,15.638,120683.93,15.2325,118371.0213,14.861,102880.76,14.4313,90054.8533,14.1535,91464.879
2528,20090325,600064.SH,15.97,16.19,15.3,15.34,16.03,-0.69,-4.3,97180.19,153400.351,4.3029,0.81,15.685,109966.47,15.6467,117163.45,15.475,114669.085,15.398,116689.642,14.8975,105570.2788,14.567,93398.232,14.2967,89820.0353,13.9915,89005.6535
2529,20090324,600064.SH,15.85,16.25,15.66,16.03,15.57,0.46,2.95,122752.75,195922.059,5.4351,1.05,15.8,127155.08,15.52,120498.7167,15.4125,121567.005,15.194,119881.828,14.6225,98360.5125,14.384,89860.25,14.1993,91776.1793,13.9295,88229.84
2530,20090323,600064.SH,14.9,15.97,14.82,15.57,14.96,0.61,4.08,131557.41,204897.312,5.825,1.33,15.265,119371.7,15.2067,121171.7567,14.985,119164.0975,14.84,116458.384,14.2875,89256.1725,14.14,83207.929,13.9887,87142.0953,13.8335,87474.5335
2531,20090320,600064.SH,15.07,15.14,14.5,14.96,15.09,-0.13,-0.86,107185.99,159270.089,4.7459,1.26,15.025,115978.93,14.79,115032.9933,14.6575,112683.6275,14.448,98614.376,14.03,80536.5425,13.927,78700.481,13.8107,83107.3347,13.811,85899.381
2532,20090319,600064.SH,14.46,15.16,14.35,15.09,14.32,0.77,5.38,124771.87,186038.285,5.5245,1.78,14.705,118956.495,14.5567,114516.1733,14.32,96471.4725,14.084,85077.59,13.8587,74166.9863,13.828,74740.315,13.6587,81725.1953,13.799,84301.6595
2533,20090318,600064.SH,14.4,14.69,14.27,14.32,14.26,0.06,0.42,113141.12,163304.824,5.0096,1.89,14.29,109388.325,14.0633,87038.0067,13.8325,75154.02,13.736,70106.822,13.6525,69380.8688,13.746,76385.232,13.5227,79777.6573,13.765,81517.576
2534,20090317,600064.SH,13.57,14.32,13.51,14.26,13.61,0.65,4.78,105635.53,148479.914,4.6772,2.11,13.935,73986.45,13.67,62491.6533,13.59,59348.2475,13.574,59838.672,13.6087,63686.27,13.702,77723.355,13.508,77679.1773,13.754,81814.2095
2535,20090316,600064.SH,13.19,13.64,12.99,13.61,13.14,0.47,3.58,42337.37,56479.826,1.8746,0.72,13.375,40919.715,13.3667,43919.1533,13.4025,48389.4575,13.44,49957.474,13.61,68134.4588,13.563,72483.951,13.498,77813.25,13.796,83526.6735
2536,20090313,600064.SH,13.46,13.51,13.11,13.14,13.35,-0.21,-1.57,39502.06,52772.188,1.749,0.61,13.245,44710.045,13.3333,50406.82,13.3975,51862.5,13.406,58786.586,13.6437,78657.5813,13.492,75353.814,13.5987,81661.0493,13.9285,85696.9445
2537,20090312,600064.SH,13.47,13.6,12.95,13.35,13.51,-0.16,-1.18,49918.03,65921.307,2.2102,0.6,13.43,55859.2,13.4833,55982.6467,13.4725,63607.7175,13.572,64403.04,13.61,80375.01,13.446,80048.998,13.704,84043.016,14.078,88300.8245
2538,20090311,600064.SH,13.95,14.1,13.41,13.51,13.59,-0.08,-0.59,61800.37,85535.505,2.7363,0.65,13.55,59014.955,13.5133,68170.9467,13.6275,68024.2925,13.756,82663.642,13.5537,83014.7563,13.416,84613.075,13.7747,85321.1607,14.2155,92646.699
2539,20090310,600064.SH,13.16,13.62,13.08,13.59,13.44,0.15,1.12,56229.54,74962.799,2.4897,0.59,13.515,71356.235,13.6667,70098.9333,13.8175,87879.46,13.83,95608.038,13.45,86096.4475,13.475,86599.43,13.814,89139.3887,14.285,95011.757
2540,20090309,600064.SH,14.15,14.35,13.29,13.44,13.97,-0.53,-3.79,86482.93,120522.52,3.8292,0.94,13.705,77033.63,13.8933,98429.4333,13.89,105452.6625,13.686,95010.428,13.3825,91012.605,13.527,91741.138,13.9147,94716.4067,14.335,96420.108
2541,20090306,600064.SH,13.99,14.2,13.76,13.97,14.27,-0.3,-2.1,67584.33,94671.53,2.9924,0.71,14.12,104402.685,14.04,111775.9067,13.7475,97142.3025,13.578,91921.042,13.465,90410.2288,13.695,93098.281,14.1027,94667.064,14.389,97780.3995
2542,20090305,600064.SH,14.1,14.47,13.85,14.27,13.88,0.39,2.81,141221.04,200502.185,6.2529,1.63,14.075,133871.695,13.6733,106994.96,13.48,98005.22,13.32,95694.956,13.4825,95418.015,13.77,93863.004,14.2467,96266.7527,14.4005,98641.367
2543,20090304,600064.SH,12.96,13.97,12.88,13.88,12.87,1.01,7.85,126522.35,171141.895,5.6021,1.63,13.375,89881.92,13.2167,83599.9467,13.0825,84313.435,13.076,86562.508,13.5887,90272.18,13.784,86649.92,14.3687,95974.3847,14.35,96447.799
2544,20090303,600064.SH,12.5,13.03,12.3,12.87,12.9,-0.03,-0.23,53241.49,67781.023,2.3574,0.6,12.885,62138.745,12.8167,70243.7967,12.875,76572.5475,13.12,77590.822,13.6937,83860.8313,13.806,85905.064,14.4367,94812.9967,14.325,94124.4545
2545,20090302,600064.SH,12.62,13.03,12.51,12.9,12.68,0.22,1.74,71036.0,91465.95,3.1453,0.75,12.79,78744.95,12.8767,84349.5667,13.1825,83678.155,13.368,88471.848,13.8862,85841.92,14.029,94569.396,14.5513,96890.0013,14.3265,94886.9875
2546,20090227,600064.SH,12.8,13.07,12.36,12.68,13.05,-0.37,-2.84,86453.9,110008.534,3.8279,0.94,12.865,91006.35,13.2767,87892.2067,13.485,92830.81,13.812,94275.52,14.0362,91846.6438,14.365,96040.075,14.6593,99733.5187,14.324,94783.8905
2547,20090226,600064.SH,14.01,14.54,12.9,13.05,14.1,-1.05,-7.45,95558.8,132075.873,4.2311,1.1,13.575,88611.36,13.7533,94956.4467,14.095,96230.925,14.22,92031.052,14.3387,98525.5075,14.71,96552.651,14.7607,99623.504,14.3075,93372.101
2548,20090225,600064.SH,14.32,14.44,13.59,14.1,14.11,-0.01,-0.07,81663.92,114424.865,3.6158,0.87,14.105,94655.27,14.4433,96454.9667,14.5125,91149.115,14.492,86737.332,14.74,97298.5063,15.015,100680.323,14.7747,99742.896,14.2845,91747.325
2549,20090224,600064.SH,14.88,15.14,14.08,14.11,15.12,-1.01,-6.68,107646.62,157025.429,4.7663,1.07,14.615,103850.49,14.65,94310.8467,14.59,88005.685,14.492,94219.306,14.9937,98537.9738,15.095,103424.084,14.7267,99635.6653,14.2105,93741.5375
2550,20090223,600064.SH,14.6,15.29,14.51,15.12,14.72,0.4,2.72,100054.36,150685.893,4.4301,1.02,14.92,87642.96,14.75,81458.7067,14.5875,90862.4775,14.69,100666.944,15.2425,102186.5863,15.143,101099.078,14.646,97025.3673,14.1145,93576.3485
2551,20090220,600064.SH,14.39,14.77,14.08,14.72,14.41,0.31,2.15,75231.56,108443.001,3.331,0.74,14.565,72160.88,14.41,87798.5167,14.5825,100820.09,14.918,97804.63,15.215,103317.4825,15.083,102462.518,14.4947,94953.3473,13.96,99474.172
2552,20090219,600064.SH,14.35,14.5,13.98,14.41,14.1,0.31,2.2,69090.2,98431.201,3.0591,0.6,14.255,94081.995,14.5367,109349.6,14.9675,103447.8975,15.2,101074.25,15.1987,104463.1075,15.031,103419.73,14.3367,93819.1173,13.798,106573.003
2553,20090218,600064.SH,14.7,14.8,13.9,14.1,15.1,-1.0,-6.62,119073.79,171511.167,5.2723,1.06,14.6,129479.3,15.1533,114900.4633,15.3975,109070.2625,15.538,114623.314,15.2125,110037.9275,14.916,106245.678,14.2153,93417.3227,13.5995,106302.494
2554,20090217,600064.SH,16.27,16.27,14.99,15.1,16.26,-1.16,-7.13,139884.81,218042.841,6.1937,1.38,15.68,112813.8,15.83,105735.7533,15.8975,113510.695,15.698,112628.862,15.225,105754.1638,14.844,102343.845,14.1167,93582.2813,13.4135,103069.14
2555,20090216,600064.SH,16.23,16.73,16.01,16.26,16.13,0.13,0.81,85742.79,139773.77,3.7964,0.8,16.195,88661.225,16.1633,104719.3233,15.8475,105814.875,15.596,101531.212,14.995,100437.2725,14.624,95204.579,13.9227,91212.8167,13.147,97663.344
2556,20090213,600064.SH,15.9,16.34,15.6,16.13,16.1,0.03,0.19,91579.66,147012.81,4.0549,0.87,16.115,114207.59,15.71,112505.57,15.43,105478.3175,15.248,107120.406,14.635,99726.3562,14.283,93527.706,13.6407,100030.686,12.842,95449.1015
2557,20090212,600064.SH,14.94,16.21,14.15,16.1,14.9,1.2,8.05,136835.52,206252.363,6.0587,1.4,15.5,122968.525,15.1967,110111.2033,15.0275,111005.5925,14.862,105765.21,14.2312,96840.4175,13.905,90191.551,13.3307,108405.9207,12.535,92219.526
2558,20090211,600064.SH,14.25,15.18,14.2,14.9,14.59,0.31,2.12,109101.53,160959.377,4.8307,1.19,14.745,96749.045,14.67,102395.6167,14.5525,97997.6325,14.294,97868.042,13.825,88357.735,13.554,82814.327,12.9533,103528.8873,12.219,86877.147
2559,20090210,600064.SH,14.41,14.78,14.05,14.59,14.52,0.07,0.48,84396.56,121426.507,3.7368,0.95,14.555,99042.66,14.4367,94296.3333,14.1425,95059.67,13.99,92058.828,13.5062,81997.3075,13.326,84058.991,12.652,99882.566,11.9755,83367.8115
2560,20090209,600064.SH,14.29,15.12,14.27,14.52,14.2,0.32,2.25,113688.76,166623.614,5.0338,1.42,14.36,99246.22,13.9933,98614.04,13.84,93974.395,13.652,88877.946,13.2562,79330.6475,13.086,86053.619,12.3307,96374.0547,11.746,81325.7935
2561,20090206,600064.SH,13.27,14.57,13.27,14.2,13.26,0.94,7.09,84803.68,117545.119,3.7549,1.14,13.73,91076.68,13.6133,87402.94,13.435,82675.2425,13.318,79935.006,13.0187,80313.0737,12.837,96485.826,12.04,91558.6667,11.503,76964.401
2562,20090205,600064.SH,13.28,13.7,13.07,13.26,13.38,-0.12,-0.9,97349.68,130375.361,4.3104,1.44,13.32,88702.57,13.18,81965.7633,13.0975,78717.8375,12.948,74617.892,12.7675,82755.4688,12.565,109726.276,11.7593,87704.298,11.2595,73983.644
2563,20090204,600064.SH,12.95,13.53,12.81,13.38,12.9,0.48,3.72,80055.46,104890.652,3.5446,1.05,13.14,74273.805,13.0433,72507.2233,12.87,68934.945,12.814,67760.612,12.6137,97838.1125,12.283,106359.31,11.5273,83213.5153,11.0655,70201.573
2564,20090203,600064.SH,12.8,13.18,12.7,12.9,12.85,0.05,0.39,68492.15,88569.863,3.0326,0.82,12.875,68733.105,12.7,65228.1067,12.6725,64686.9,12.662,76059.154,12.3762,114982.2025,11.983,103794.435,11.304,80470.806,10.8745,67243.4555
2565,20090202,600064.SH,12.33,12.94,12.16,12.85,12.35,0.5,4.05,68974.06,86329.526,3.054,0.61,12.6,63596.085,12.5967,63418.4833,12.6025,77950.905,12.52,83229.292,12.0687,114380.6862,11.67,100122.109,11.1107,78808.4093,10.715,64727.69
2566,20090123,600064.SH,12.52,12.77,12.3,12.35,12.59,-0.24,-1.91,58218.11,72669.434,2.5777,0.4,12.47,60640.695,12.52,80943.1867,12.4375,86793.1,12.356,113036.646,11.76,112559.7675,11.401,97370.497,10.898,75974.1993,10.553,62473.799
2567,20090122,600064.SH,12.68,12.74,12.2,12.59,12.62,-0.03,-0.24,63063.28,78707.452,2.7923,0.44,12.605,92305.725,12.4667,96318.0967,12.3575,126741.28,12.182,144834.66,11.4375,109253.615,11.165,94247.501,10.6967,73772.228,10.4215,61135.131
2568,20090121,600064.SH,11.93,12.8,11.82,12.62,12.19,0.43,3.53,121548.17,150237.546,5.3818,0.92,12.405,112945.505,12.28,147967.28,12.08,165277.505,11.752,144958.008,11.1337,106552.9475,10.884,90939.967,10.4827,71015.2267,10.2935,60625.713
2569,20090120,600064.SH,12.0,12.26,11.72,12.19,12.03,0.16,1.33,104342.84,125282.387,4.62,0.89,12.11,161176.835,11.9,179853.95,11.535,150810.4675,11.304,131529.716,10.805,94732.945,10.625,82676.632,10.2787,64304.8893,10.1965,56881.548
2570,20090119,600064.SH,11.55,12.18,11.5,12.03,11.48,0.55,4.79,218010.83,260199.546,9.6529,2.67,11.755,217609.505,11.3167,166299.6767,11.0825,138326.435,10.82,117014.926,10.5037,85438.5825,10.406,76597.968,10.1133,58560.4893,10.1345,54542.2415
2571,20090116,600064.SH,10.45,11.48,10.45,11.48,10.44,1.04,9.96,217208.18,247039.814,9.6174,4.97,10.96,140444.1,10.7667,111764.97,10.5175,91765.95,10.446,81704.348,10.2537,63051.5812,10.169,57442.976,9.952,45619.5167,10.0825,47099.4955
2572,20090115,600064.SH,10.2,10.65,10.15,10.44,10.38,0.06,0.58,63680.02,66367.04,2.8196,1.72,10.41,59043.365,10.1967,49951.8733,10.1875,47828.39,10.148,43660.342,10.0687,41345.0837,9.954,38241.012,9.8347,33235.288,10.0355,38350.08
2573,20090114,600064.SH,9.75,10.41,9.74,10.38,9.77,0.61,6.24,54406.71,55131.318,2.409,1.61,10.075,43087.8,10.1033,42544.5133,10.075,38655.4225,10.016,36921.926,9.9712,36692.695,9.848,34043.836,9.8073,32514.948,10.0385,37365.64
2574,20090113,600064.SH,10.01,10.01,9.75,9.77,10.16,-0.39,-3.84,31768.89,31355.577,1.4066,0.88,9.965,36613.415,9.9733,33404.9933,9.925,32550.73,9.946,33823.548,9.84,33040.4237,9.766,30692.476,9.8273,31998.8253,10.038,37299.5315
2575,20090112,600064.SH,9.98,10.22,9.81,10.16,9.99,0.17,1.7,41457.94,41810.828,1.8356,1.25,10.075,34223.045,9.9767,32811.3433,9.99,34337.2125,9.992,36181.01,9.7912,31782.845,9.76,29333.271,9.906,33718.0133,10.101,40457.7935
2576,20090109,600064.SH,9.79,10.02,9.78,9.99,9.78,0.21,2.15,26988.15,26764.463,1.195,0.82,9.885,28488.045,9.9333,31963.6367,9.95,34861.7775,9.892,33181.604,9.7162,29212.2412,9.705,27577.101,9.9613,35564.5447,10.148,41348.896
2577,20090108,600064.SH,9.83,9.94,9.72,9.78,10.03,-0.25,-2.49,29987.94,29439.542,1.3278,0.96,9.905,34451.38,9.9367,37486.32,9.8675,34729.9675,9.76,32821.682,9.6812,28110.8275,9.678,28022.761,9.998,36579.9927,10.184,43886.554
2578,20090107,600064.SH,10.04,10.19,9.86,10.03,10.0,0.03,0.3,38914.82,38989.791,1.723,1.41,10.015,41235.51,9.8967,36310.6433,9.755,33530.1175,9.68,31165.746,9.66,27349.365,9.703,30311.459,10.046,37513.5447,10.256,46779.7395
2579,20090106,600064.SH,9.59,10.06,9.54,10.0,9.66,0.34,3.52,43556.2,42830.614,1.9285,1.94,9.83,35008.555,9.6633,31735.2167,9.5925,29228.4775,9.586,27561.404,9.6212,26415.6062,9.768,31086.464,10.0687,38458.1927,10.293,48067.987
2580,20090105,600064.SH,9.53,9.66,9.4,9.66,9.33,0.33,3.54,26460.91,25191.831,1.1716,1.2,9.495,25824.725,9.4567,24452.57,9.4825,23562.705,9.528,22485.532,9.625,27580.4462,9.863,32486.515,10.1373,41883.388,10.3155,50548.1615
2581,20081231,600064.SH,9.38,9.52,9.3,9.33,9.38,-0.05,-0.53,25188.54,23686.135,1.1153,1.08,9.355,23448.4,9.4233,22596.6367,9.495,21491.6875,9.518,21972.598,9.7525,30105.9412,9.996,36756.015,10.2333,44071.3267,10.3485,52082.7995
2582,20081230,600064.SH,9.56,9.65,9.26,9.38,9.56,-0.18,-1.88,21708.26,20585.844,0.9612,0.74,9.47,21300.685,9.55,20259.4033,9.565,21168.6125,9.596,23223.84,9.955,34151.9625,10.117,38459.148,10.3253,47574.8447,10.3745,52816.182
2583,20081229,600064.SH,9.74,9.8,9.32,9.56,9.71,-0.15,-1.54,20893.11,19928.286,0.9251,0.6,9.635,19534.975,9.6267,20988.73,9.65,23602.735,9.726,29457.172,10.1562,40082.9187,10.229,40687.444,10.448,51984.404,10.39,53077.2835
2584,20081226,600064.SH,9.7,9.78,9.58,9.71,9.61,0.1,1.04,18176.84,17605.438,0.8048,0.43,9.66,21036.54,9.68,24505.9433,9.7675,31598.1875,9.95,34611.524,10.2787,42748.7637,10.31,43906.587,10.5287,54903.5147,10.386,53751.8125
2585,20081225,600064.SH,9.73,9.85,9.4,9.61,9.72,-0.11,-1.13,23896.24,23012.677,1.0581,0.46,9.665,27670.495,9.7867,36071.97,10.01,38720.195,10.198,42487.498,10.3775,45975.5612,10.442,51582.316,10.578,59902.3713,10.3995,56513.525
2586,20081224,600064.SH,9.91,9.93,9.63,9.72,10.03,-0.31,-3.09,31444.75,30770.533,1.3923,0.59,9.875,42159.835,10.1433,43661.5133,10.345,47135.3125,10.474,51539.432,10.4725,49624.0987,10.591,55120.691,10.6253,62119.5333,10.4,56172.9695
2587,20081223,600064.SH,10.72,10.75,10.0,10.03,10.68,-0.65,-6.09,52874.92,54956.439,2.3412,1.02,10.355,49769.895,10.5533,52365.5,10.6625,56563.1025,10.638,53694.456,10.6362,57560.2712,10.69,59750.347,10.634,62680.296,10.3945,55689.0005
2588,20081222,600064.SH,11.0,11.01,10.52,10.68,10.95,-0.27,-2.47,46664.87,50101.057,2.0662,0.88,10.815,52110.79,10.8733,57792.4967,10.79,53899.34,10.732,51917.716,10.77,58360.905,10.809,63248.02,10.6113,60950.654,10.3695,54583.3065
2589,20081219,600064.SH,10.9,11.15,10.89,10.95,10.99,-0.04,-0.36,57556.71,63417.23,2.5484,0.95,10.97,63356.31,10.8267,56310.83,10.745,53230.9275,10.67,53201.65,10.7737,62245.46,10.818,65049.51,10.5313,60131.9087,10.34,54800.4905
2590,20081218,600064.SH,10.66,11.03,10.57,10.99,10.54,0.45,4.27,69155.91,74865.461,3.062,1.18,10.765,55687.89,10.6767,51789.0,10.6,52112.885,10.686,60677.134,10.8075,66032.3275,10.768,68609.808,10.4667,61188.8673,10.297,54280.002
2591,20081217,600064.SH,10.52,10.71,10.46,10.54,10.5,0.04,0.38,42219.87,44694.143,1.8694,0.64,10.52,43105.545,10.47,46431.8767,10.61,58557.44,10.708,58701.95,10.78,65472.81,10.701,67409.584,10.3753,57717.482,10.2605,53339.687
2592,20081216,600064.SH,10.32,10.55,9.96,10.5,10.37,0.13,1.25,43991.22,44921.403,1.9478,0.59,10.435,48537.88,10.6333,64003.2967,10.75,62822.47,10.742,65806.238,10.7687,71840.2875,10.632,67173.216,10.3133,56353.8487,10.214,54767.5975
2593,20081212,600064.SH,10.88,10.9,10.26,10.37,11.03,-0.66,-5.98,53084.54,56072.935,2.3504,0.69,10.7,74009.335,10.8333,69099.5533,10.8025,71259.9925,10.886,74578.324,10.7462,73485.5937,10.551,65467.123,10.2487,55471.8367,10.223,55632.4995
2594,20081211,600064.SH,11.1,11.57,11.0,11.03,11.1,-0.07,-0.63,94934.13,106693.938,4.2034,1.24,11.065,77107.06,10.9467,77318.4767,11.015,79951.77,10.966,76897.37,10.6812,71832.05,10.462,63597.038,10.23,55333.4373,10.2245,56693.0945
2595,20081210,600064.SH,10.71,11.18,10.55,11.1,10.71,0.39,3.64,59279.99,64464.244,2.6248,0.78,10.905,68510.65,11.01,74957.65,10.95,72388.18,10.85,76542.482,10.5137,63331.57,10.357,61444.734,10.1673,52147.6247,10.169,54713.564
2596,20081209,600064.SH,11.22,11.29,10.68,10.71,11.22,-0.51,-4.55,77741.31,84966.898,3.4422,1.13,10.965,82796.48,10.9,76757.5767,10.7875,80858.105,10.694,76117.218,10.3112,60219.5325,10.209,57225.248,10.1113,51552.266,10.089,52856.1195
2597,20081208,600064.SH,10.95,11.36,10.94,11.22,10.77,0.45,4.18,87851.65,97889.909,3.8898,1.56,10.995,76265.71,10.8133,81897.0367,10.69,75711.195,10.522,68540.194,10.22,59678.255,10.099,51627.654,10.038,51088.0507,10.0215,51359.3335
2598,20081205,600064.SH,10.45,10.89,10.36,10.77,10.45,0.32,3.06,64679.77,68901.269,2.8638,1.29,10.61,78919.73,10.5133,71664.3767,10.3475,63712.33,10.216,56355.922,10.02,50832.44,9.93,45918.593,10.002,49317.2247,9.932,49117.955
2599,20081204,600064.SH,10.55,10.95,10.39,10.45,10.32,0.13,1.26,93159.69,99683.678,4.1248,2.01,10.385,75156.68,10.2067,63389.85,10.0775,54274.96,9.958,50296.706,9.875,45468.14,9.862,44551.471,9.9773,49958.336,9.822,46940.1935
2600,20081203,600064.SH,9.97,10.35,9.88,10.32,9.85,0.47,4.77,57153.67,58076.026,2.5306,1.49,10.085,48504.93,9.9533,41313.3833,9.835,39580.96,9.864,46346.986,9.76,37668.3087,9.826,39950.196,9.942,47437.258,9.714,43031.145
2601,20081202,600064.SH,9.4,10.08,9.35,9.85,9.69,0.16,1.65,39856.19,38854.345,1.7647,1.15,9.77,33393.24,9.6733,33723.39,9.75,43645.315,9.724,38333.278,9.7312,36900.1687,9.82,39269.79,9.8873,45102.42,9.622,41401.83
2602,20081201,600064.SH,9.52,9.71,9.25,9.69,9.48,0.21,2.22,26930.29,25690.283,1.1924,0.76,9.585,30656.99,9.7167,44908.3567,9.6925,37952.55,9.676,34715.114,9.7612,37811.5125,9.796,42361.979,9.8547,45632.38,9.5405,40334.607
2603,20081128,600064.SH,9.83,9.98,9.47,9.48,9.98,-0.5,-5.01,34383.69,33226.206,1.5224,0.89,9.73,53897.39,9.6933,41626.6367,9.6725,36661.32,9.644,35481.264,9.8325,40738.9275,9.895,45797.876,9.8373,46705.2993,9.491,39633.2545
2604,20081127,600064.SH,10.58,10.58,9.96,9.98,9.62,0.36,3.74,73411.09,75695.353,3.2504,2.19,9.8,45248.11,9.7367,37420.53,9.685,35755.6575,9.766,38806.236,9.8487,45288.2262,9.987,49789.151,9.7767,45821.356,9.467,38647.793
2605,20081126,600064.SH,9.66,9.82,9.45,9.62,9.61,0.01,0.1,17085.13,16505.249,0.7565,0.42,9.615,19425.25,9.5867,23203.8467,9.7125,30155.0225,9.788,33553.406,9.9362,43772.9975,9.981,47982.394,9.664,41925.8647,9.434,35882.7725
2606,20081125,600064.SH,9.8,9.85,9.43,9.61,9.53,0.08,0.84,21765.37,21032.642,0.9637,0.44,9.57,26263.205,9.7433,34511.6533,9.83,37670.475,9.916,40206.302,10.0337,50924.4112,9.969,48486.991,9.588,42424.6807,9.413,36377.7045
2607,20081124,600064.SH,10.05,10.19,9.5,9.53,10.09,-0.56,-5.55,30761.04,30112.004,1.362,0.55,9.81,40884.795,9.9033,42972.1767,9.9925,44816.535,9.916,50008.844,10.0725,55121.68,9.944,51091.013,9.4953,42207.7713,9.4175,37017.6295
2608,20081121,600064.SH,9.65,10.38,9.42,10.09,10.09,0.0,0.0,51008.55,50730.659,2.2585,0.84,10.09,49077.745,10.1467,49501.7,10.0125,54820.795,10.146,56114.488,10.0687,54042.9375,9.934,52317.317,9.44,41017.2513,9.398,36834.6885
2609,20081120,600064.SH,10.0,10.39,9.81,10.09,10.26,-0.17,-1.66,47146.94,47585.754,2.0875,0.76,10.175,48748.275,9.9867,56091.5433,10.16,57390.9725,10.208,60772.066,9.9775,53642.5675,9.782,49328.916,9.3673,38594.9787,9.401,34994.041
2610,20081119,600064.SH,9.52,10.3,9.52,10.26,9.61,0.65,6.76,50349.61,49980.627,2.2293,0.89,9.935,60563.845,10.1833,60805.65,10.2375,64178.3475,10.174,62411.382,9.895,53127.21,9.602,46112.094,9.316,36659.228,9.4215,34278.369
2611,20081118,600064.SH,10.47,10.66,9.61,9.61,10.68,-1.07,-10.02,70778.08,71038.903,3.1339,1.36,10.145,66033.67,10.23,68787.9267,10.1525,65426.825,10.022,56767.68,9.6837,49474.0762,9.424,43533.87,9.2453,35101.5053,9.422,32504.198
2612,20081117,600064.SH,10.39,10.72,10.31,10.68,10.4,0.28,2.69,61289.26,64525.964,2.7137,1.26,10.54,67792.85,10.3333,63643.0733,10.125,53265.08,9.972,52173.182,9.5187,42499.1562,9.285,38307.235,9.2513,32687.2247,9.4735,29976.568
2613,20081114,600064.SH,10.0,10.45,9.88,10.4,9.92,0.48,4.84,74296.44,75646.547,3.2896,1.96,10.16,64819.98,9.94,50590.3533,9.795,49894.1625,9.722,48520.146,9.2437,37908.92,9.087,33468.633,9.1487,30408.0887,9.4855,27851.9725
2614,20081113,600064.SH,9.4,10.06,9.27,9.92,9.5,0.42,4.42,55343.52,53793.672,2.4505,1.86,9.71,38737.31,9.5933,41760.07,9.5525,42076.0725,9.356,37885.766,8.9712,30935.8312,8.947,27506.435,9.132,26401.366,9.486,24901.113
2615,20081112,600064.SH,9.29,9.53,9.21,9.5,9.36,0.14,1.5,22131.1,20795.21,0.9799,0.73,9.43,34968.345,9.43,37653.59,9.215,33521.3275,9.03,29812.806,8.8187,25630.7962,8.887,23783.151,9.1707,24900.698,9.504,23253.024
2616,20081111,600064.SH,9.48,9.69,9.33,9.36,9.43,-0.07,-0.74,47805.59,45407.085,2.1167,1.96,9.395,45414.835,9.12,37318.07,8.9125,31733.2325,8.826,30300.06,8.7562,24698.7162,8.857,24268.418,9.222,24416.3707,9.578,22997.0455
2617,20081110,600064.SH,8.75,9.43,8.7,9.43,8.57,0.86,10.04,43024.08,39244.399,1.905,2.34,9.0,32074.31,8.7633,26375.78,8.6925,25923.6775,8.598,24441.288,8.7512,20986.8525,8.891,22944.246,9.3073,22577.6967,9.6605,22264.486
2618,20081107,600064.SH,8.03,8.63,8.03,8.57,8.29,0.28,3.38,21124.54,17889.315,0.9353,1.23,8.43,18051.63,8.4467,20223.5433,8.39,19795.59,8.452,18417.12,8.7225,18981.8137,8.862,21352.06,9.4067,20962.5813,9.765,21594.6155
2619,20081106,600064.SH,8.19,8.42,8.12,8.29,8.48,-0.19,-2.24,14978.72,12360.085,0.6632,0.84,8.385,19773.045,8.33,19352.6067,8.4225,17740.265,8.538,17127.104,8.8637,20661.73,9.02,20659.166,9.5293,20572.8953,9.883,22081.23
2620,20081105,600064.SH,8.28,8.71,8.28,8.48,8.22,0.26,3.16,24567.37,20944.78,1.0878,1.35,8.35,21539.55,8.4667,18660.78,8.6,17664.2,8.744,17753.496,8.97,22177.1675,9.241,22444.644,9.662,21066.43,10.0525,22664.343
2621,20081104,600064.SH,8.65,8.7,8.16,8.22,8.7,-0.48,-5.52,18511.73,15462.199,0.8196,0.86,8.46,15707.485,8.64,15363.1433,8.81,16050.0275,8.888,18236.776,9.1787,20880.6962,9.42,21474.526,9.8287,20562.7073,10.2205,23351.098
2622,20081103,600064.SH,9.0,9.08,8.68,8.7,9.0,-0.3,-3.33,12903.24,11453.087,0.5713,0.53,8.85,13788.85,9.0067,15229.46,9.055,18168.0375,9.184,21447.204,9.4637,22670.9175,9.662,21645.901,10.0147,21538.8853,10.4355,25296.06
2623,20081031,600064.SH,9.3,9.38,8.96,9.0,9.32,-0.32,-3.43,14674.46,13394.945,0.6497,0.61,9.16,16392.57,9.1733,19922.97,9.305,23583.195,9.272,24287.0,9.66,22916.2862,9.884,22235.312,10.2027,22653.7807,10.654,29963.2805
2624,20081030,600064.SH,9.23,9.55,9.2,9.32,9.2,0.12,1.3,18110.68,16996.195,0.8019,0.67,9.26,22547.225,9.4067,26552.7733,9.34,26690.135,9.502,24191.228,9.865,23610.1637,10.025,22295.791,10.3313,23732.6053,10.8325,31609.0195
2625,20081029,600064.SH,9.73,9.75,9.18,9.2,9.7,-0.5,-5.15,26983.77,25602.314,1.1948,1.09,9.45,30773.82,9.3467,29549.9533,9.5475,25711.365,9.738,27135.792,10.065,23695.9975,10.121,22722.897,10.4887,24301.292,10.988,33849.5
2626,20081028,600064.SH,8.88,9.78,8.87,9.7,9.14,0.56,6.13,34563.87,32699.745,1.5304,1.58,9.42,30833.045,9.6633,25287.23,9.8725,27173.7975,9.952,24712.276,10.2162,22232.9325,10.299,21725.673,10.6647,25055.872,11.1225,33900.6365
2627,20081027,600064.SH,10.04,10.04,9.14,9.14,10.15,-1.01,-9.95,27102.22,25934.949,1.2,1.34,9.645,20648.91,9.93,24710.44,10.015,22249.3775,10.14,21844.598,10.2887,20710.1662,10.43,21584.726,10.8527,26579.012,11.2275,35450.0435
2628,20081024,600064.SH,10.4,10.5,10.01,10.15,10.5,-0.35,-3.33,14195.6,14579.206,0.6285,0.7,10.325,23514.55,10.3067,20631.7633,10.39,20530.1925,10.496,20183.624,10.5187,19448.83,10.668,21837.171,11.1147,31855.374,11.398,39766.8295
2629,20081023,600064.SH,10.2,10.56,9.89,10.5,10.27,0.23,2.24,32833.5,33688.915,1.4538,1.79,10.385,23849.845,10.47,22641.7233,10.5825,21680.63,10.548,20400.354,10.6262,21818.68,10.746,23503.294,11.276,34081.6167,11.461,39943.3265
2630,20081022,600064.SH,10.5,10.75,10.26,10.27,10.64,-0.37,-3.48,14866.19,15558.418,0.6582,0.79,10.455,17545.835,10.61,17963.0067,10.56,17292.0675,10.504,18310.002,10.7537,21417.8262,10.864,22884.042,11.4047,36087.4027,11.4545,40039.829
2631,20081021,600064.SH,10.98,11.07,10.6,10.64,10.92,-0.28,-2.56,20225.48,21959.308,0.8955,0.95,10.78,19511.415,10.6567,18100.6933,10.5625,19170.955,10.646,18739.07,10.8362,23416.6562,11.021,25227.67,11.5127,36963.4233,11.465,40577.293
2632,20081020,600064.SH,10.52,11.0,10.15,10.92,10.41,0.51,4.9,18797.35,20048.829,0.8323,0.8,10.665,17038.3,10.5367,18819.4467,10.6475,18367.4675,10.72,21324.854,10.9662,24218.5937,11.209,28946.219,11.59,39985.192,11.4915,40992.2955
2633,20081017,600064.SH,10.48,10.58,10.15,10.41,10.28,0.13,1.26,15279.25,15864.705,0.6765,0.57,10.345,18830.495,10.5567,18224.1733,10.67,21956.73,10.84,23490.718,11.0812,26656.7337,11.424,37691.249,11.6987,46294.5647,11.541,40459.2135
2634,20081016,600064.SH,10.39,10.67,10.26,10.28,10.98,-0.7,-6.38,22381.74,23338.705,0.991,0.82,10.63,19696.635,10.7567,24182.5567,10.9475,25543.585,10.944,26606.234,11.345,31923.1987,11.64,40922.248,11.7653,46457.6507,11.613,40401.2125
2635,20081015,600064.SH,10.82,11.2,10.71,10.98,11.01,-0.03,-0.27,17011.53,18525.208,0.7532,0.54,10.995,25082.965,11.17,26597.5333,11.11,27662.3575,11.224,27458.082,11.6937,42406.4375,11.855,44976.103,11.7713,47283.1047,11.705,40232.074
2636,20081014,600064.SH,12.0,12.02,11.0,11.01,11.52,-0.51,-4.43,33154.4,38812.886,1.468,0.91,11.265,31390.535,11.1533,31212.6333,11.285,30069.72,11.396,31716.27,11.8925,46228.6512,11.946,46075.6,11.738,47856.7007,11.753,39939.55
2637,20081013,600064.SH,10.7,11.55,10.38,11.52,10.93,0.59,5.4,29626.67,32531.418,1.3118,0.57,11.225,30241.75,11.3767,29041.4933,11.4925,31356.7375,11.698,36567.584,12.07,49949.3875,12.025,49315.361,11.7487,47548.1093,11.785,39113.9905
2638,20081010,600064.SH,11.16,11.29,10.68,10.93,11.68,-0.75,-6.42,30856.83,33876.077,1.3663,0.56,11.305,28748.905,11.4833,31933.4267,11.7425,38302.8125,12.008,51891.78,12.1162,49746.8662,12.128,57696.488,11.7747,46115.3787,11.8105,38646.635
2639,20081009,600064.SH,12.21,12.28,11.66,11.68,11.84,-0.16,-1.35,26640.98,31827.654,1.1796,0.43,11.76,32471.725,12.0133,40784.8067,12.2775,57150.5175,12.336,55238.262,12.225,54083.7637,12.176,56383.359,11.836,44999.5387,11.9085,37891.419
2640,20081008,600064.SH,12.0,12.33,11.7,11.84,12.52,-0.68,-5.43,38302.47,45778.077,1.6959,0.63,12.18,47856.72,12.4767,67320.3633,12.5,62387.5825,12.486,62494.124,12.3337,64933.3837,12.045,57195.616,11.8653,44490.0713,11.978,37958.77
2641,20081007,600064.SH,12.4,12.99,11.76,12.52,13.07,-0.55,-4.21,57410.97,71065.671,2.542,0.93,12.795,81829.31,12.72,70415.9533,12.6475,68542.0375,12.496,60434.93,12.28,62361.2675,11.909,55926.916,11.872,42680.6433,12.0285,37041.389
2642,20081006,600064.SH,12.39,13.3,12.0,13.07,12.57,0.5,3.98,106247.65,137074.06,4.7043,1.67,12.82,76918.445,12.69,72252.3933,12.49,61190.92,12.352,62063.138,12.0112,59530.34,11.774,53038.372,11.814,39962.7927,12.038,35526.4235
2643,20080926,600064.SH,12.45,12.65,12.03,12.57,12.43,0.14,1.13,47589.24,58858.059,2.1071,0.83,12.5,55254.765,12.2967,46172.01,12.1725,51017.01,12.248,63501.196,11.6875,49451.3175,11.658,43227.178,11.7447,34231.5867,12.045,32719.0345
2644,20080925,600064.SH,11.96,12.84,11.96,12.43,11.89,0.54,4.54,62920.29,78340.389,2.7859,1.21,12.16,45463.395,12.04,52159.6,12.1675,67479.185,12.016,57528.456,11.5125,47068.3537,11.586,39880.177,11.766,32109.138,12.0565,32012.594
2645,20080924,600064.SH,11.66,11.9,11.3,11.89,11.8,0.09,0.76,28006.5,32355.227,1.24,0.54,11.845,46779.255,12.08,68998.8167,11.9125,56180.4975,11.604,51897.108,11.4475,40220.2812,11.555,35488.045,11.8087,29780.3187,12.0595,30306.2285
2646,20080923,600064.SH,12.0,12.18,11.6,11.8,12.55,-0.75,-5.98,65552.01,78247.631,2.9025,1.49,12.175,89494.975,11.92,65571.83,11.5325,57869.76,11.322,51418.902,11.4425,38484.3725,11.56,33803.5,11.8727,29243.542,12.0635,30042.541
2647,20080922,600064.SH,12.55,12.55,11.91,12.55,11.41,1.14,9.99,113437.94,141084.732,5.0227,4.94,11.98,65581.74,11.4433,55309.01,11.2025,47885.625,11.196,44013.606,11.4825,32665.2425,11.545,28912.62,11.9333,26680.852,12.103,27666.7045
2648,20080919,600064.SH,11.41,11.41,11.41,11.41,10.37,1.04,10.03,17725.54,20224.841,0.7848,0.8,10.89,26244.545,10.7533,26034.8533,10.8575,26657.5225,11.068,22953.16,11.4062,19880.6312,11.493,19596.782,11.9773,22458.314,12.1085,23412.204
2649,20080918,600064.SH,10.15,10.59,9.46,10.37,10.48,-0.11,-1.05,34763.55,34685.033,1.5392,1.82,10.425,30189.51,10.6733,29634.85,10.9825,24260.065,11.156,22231.898,11.4362,19745.34,11.641,19399.479,12.07,23507.3067,12.1855,25527.7985
2650,20080917,600064.SH,11.15,11.39,10.45,10.48,11.17,-0.69,-6.18,25615.47,27639.566,1.1342,1.58,10.825,27070.5,11.1867,20758.9033,11.3525,19098.985,11.506,19078.982,11.6437,17934.8412,11.911,18721.924,12.2113,23109.2687,12.3105,25759.735
2651,20080916,600064.SH,11.89,11.89,11.02,11.17,11.91,-0.74,-6.21,28525.53,32555.189,1.263,2.07,11.54,18330.62,11.6433,16926.8233,11.7625,17444.86,11.798,16188.098,11.945,16701.9712,12.148,18155.862,12.3107,22917.0873,12.3715,25236.416
2652,20080912,600064.SH,11.96,12.15,11.8,11.91,11.85,0.06,0.51,8135.71,9745.752,0.3602,0.5,11.88,11127.47,11.96,13751.3033,11.955,13103.74,11.894,13811.634,12.1825,16634.78,12.302,18014.475,12.4053,22217.7373,12.381,24695.1635
2653,20080911,600064.SH,12.02,12.2,11.66,11.85,12.12,-0.27,-2.23,14119.23,16776.764,0.6252,0.85,11.985,16559.1,11.97,14759.75,11.89,15230.615,11.918,16240.404,12.3,18112.1725,12.432,22210.891,12.4553,23565.2187,12.4085,25008.822
2654,20080910,600064.SH,11.9,12.5,11.71,12.12,11.94,0.18,1.51,18998.97,23111.824,0.8412,1.03,12.03,15080.01,11.9033,15601.0767,11.935,16770.6975,12.126,16567.06,12.4075,19736.2262,12.527,24145.011,12.5287,26626.432,12.44,24979.9165
2655,20080909,600064.SH,11.8,11.99,11.5,11.94,11.65,0.29,2.49,11161.05,13134.079,0.4942,0.55,11.795,13902.13,11.8733,16027.94,12.1275,15959.0825,12.316,18364.866,12.5437,23623.8387,12.564,25124.412,12.5787,27986.6527,12.466,25333.342
2656,20080908,600064.SH,12.25,12.29,11.58,11.65,12.03,-0.38,-3.16,16643.21,19847.855,0.7369,0.75,11.84,18461.385,12.19,17558.4267,12.41,20165.82,12.498,20123.626,12.6512,26411.2612,12.567,26281.582,12.5627,28252.522,12.4925,26114.483
2657,20080905,600064.SH,12.48,12.66,12.0,12.03,12.89,-0.86,-6.67,20279.56,24975.661,0.8979,0.72,12.46,18016.035,12.6633,21340.0233,12.71,20993.73,12.71,22217.316,12.7562,27929.9825,12.661,26420.789,12.5433,28323.0067,12.52,26712.169
2658,20080904,600064.SH,12.87,13.09,12.73,12.89,13.07,-0.18,-1.38,15752.51,20277.816,0.6975,0.5,12.98,21870.255,12.9367,21231.7867,12.88,22701.755,12.946,28181.378,12.7487,28236.6312,12.724,27227.626,12.572,27931.628,12.587,27090.6285
2659,20080903,600064.SH,12.83,13.15,12.62,13.07,12.85,0.22,1.71,27988.0,36258.35,1.2392,0.88,12.96,23971.425,12.8767,25018.17,12.96,31288.595,12.928,31722.962,12.7112,28521.9775,12.73,31656.118,12.5447,27784.202,12.6705,27102.348
2660,20080902,600064.SH,12.51,13.05,12.49,12.85,12.71,0.14,1.1,19954.85,25525.227,0.8835,0.62,12.78,23533.255,12.9233,32388.7933,12.8925,32656.7025,12.812,31883.958,12.66,28566.9687,12.71,32797.546,12.516,27656.1673,12.754,26423.3545
2661,20080901,600064.SH,13.01,13.15,12.48,12.71,13.21,-0.5,-3.79,27111.66,34461.969,1.2004,0.89,12.96,38605.765,12.9067,36890.6533,12.8025,34866.235,12.636,32439.538,12.6725,33577.2912,12.595,32316.97,12.4907,28111.4353,12.842,26237.914
2662,20080829,600064.SH,12.8,13.45,12.8,13.21,12.8,0.41,3.2,50099.87,66016.347,2.2183,1.91,13.005,41780.15,12.8333,37451.0933,12.6175,33771.5075,12.612,30624.262,12.6925,35113.6187,12.46,31375.852,12.4567,28210.4533,12.9465,25654.161
2663,20080828,600064.SH,12.4,12.88,12.26,12.8,12.49,0.31,2.48,33460.43,42486.639,1.4815,1.06,12.645,31126.705,12.42,28328.72,12.4625,25755.36,12.502,26273.874,12.5037,30744.7712,12.385,27806.753,12.4673,26727.0453,13.054,24603.919
2664,20080827,600064.SH,11.88,12.64,11.77,12.49,11.97,0.52,4.34,28792.98,35366.713,1.2749,0.85,12.23,25762.865,12.35,23187.0033,12.4275,24477.235,12.532,31589.274,12.3237,28774.7775,12.353,25814.822,12.5847,25562.1433,13.163,24293.089
2665,20080826,600064.SH,12.47,12.47,11.7,11.97,12.59,-0.62,-4.92,22732.75,27364.895,1.0065,0.71,12.28,20384.015,12.4067,23038.6533,12.5425,32288.3475,12.608,33711.134,12.32,26976.765,12.368,25542.272,12.7347,24603.1533,13.3195,24779.6135
2666,20080825,600064.SH,12.73,12.9,12.4,12.59,12.66,-0.07,-0.55,18035.28,22930.766,0.7986,0.56,12.625,23191.605,12.7333,35473.5467,12.7675,36455.73,12.554,32194.402,12.3837,25827.8112,12.418,25947.384,12.9107,24170.706,13.4855,25273.623
2667,20080822,600064.SH,12.65,12.95,12.32,12.66,12.95,-0.29,-2.24,28347.93,35577.579,1.2552,0.97,12.805,44192.68,12.8267,42595.88,12.545,35734.1825,12.308,32127.442,12.39,26831.8362,12.379,27003.549,13.058,23997.4607,13.6515,26233.343
2668,20080821,600064.SH,12.8,13.5,12.65,12.95,12.87,0.08,0.62,60037.43,78722.895,2.6583,3.0,12.91,49719.855,12.5067,38196.2667,12.22,33072.32,12.268,29339.632,12.3662,26636.3287,12.45,26953.631,13.238,24047.2673,13.806,26747.831
2669,20080820,600064.SH,11.71,12.87,11.55,12.87,11.7,1.17,10.0,39402.28,49710.387,1.7446,2.27,12.285,27275.685,11.9767,24083.95,12.0975,21665.1825,12.174,20040.37,12.2725,22706.2662,12.611,22548.578,13.3733,21861.0273,13.961,26424.4925
2670,20080819,600064.SH,11.29,11.72,11.13,11.7,11.36,0.34,2.99,15149.09,17480.448,0.6708,0.77,11.53,16424.785,11.84,15752.8167,12.0,15199.8925,12.128,17373.41,12.335,21262.075,12.798,20049.163,13.5567,21802.44,14.0815,26449.3235
2671,20080818,600064.SH,12.61,12.61,11.35,11.36,12.46,-1.1,-8.83,17700.48,21062.505,0.7837,0.81,11.91,16054.68,12.1,15216.8267,12.235,17929.49,12.282,19700.366,12.6925,21366.8012,13.089,20158.858,13.796,22966.6967,14.248,26961.9465
2672,20080815,600064.SH,12.48,12.7,12.16,12.46,12.48,-0.02,-0.16,14408.88,18015.373,0.638,0.59,12.47,13975.0,12.5267,18005.8267,12.5125,20200.3375,12.45,21879.656,13.115,20955.2575,13.433,19932.47,14.0993,24268.6433,14.429,27554.9945
2673,20080814,600064.SH,12.4,12.8,12.26,12.48,12.64,-0.16,-1.27,13541.12,16957.02,0.5996,0.54,12.56,19804.3,12.53,22130.8233,12.4475,23747.35,12.632,24567.63,13.3837,21184.9025,13.723,21401.085,14.3187,25883.8973,14.522,27933.668
2674,20080813,600064.SH,12.39,12.74,11.93,12.64,12.47,0.17,1.36,26067.48,31921.329,1.1542,1.15,12.555,26425.675,12.4367,27149.4267,12.67,27324.2575,13.048,25056.786,13.6737,21421.8375,13.973,22771.356,14.5567,28552.5333,14.577,28119.926
2675,20080812,600064.SH,12.12,12.54,12.0,12.47,12.2,0.27,2.21,26783.87,32859.115,1.1859,1.3,12.335,27690.4,12.68,27743.1833,13.15,24804.1125,13.468,22724.916,14.0137,21800.2812,14.271,24016.955,14.7327,29474.628,14.6405,28265.4935
2676,20080811,600064.SH,13.4,13.45,12.05,12.2,13.37,-1.17,-8.75,28596.93,36097.717,1.2662,1.59,12.785,28222.84,13.3767,24144.1933,13.7175,21710.1775,13.896,20617.35,14.3275,21857.7762,14.553,24599.862,14.9033,29382.4733,14.755,28679.4895
2677,20080808,600064.SH,14.6,14.68,13.31,13.37,14.56,-1.19,-8.17,27848.75,38899.703,1.2331,1.53,13.965,21917.825,14.2233,19414.5933,14.32,18622.455,14.416,17985.284,14.755,23098.5937,14.924,25463.137,15.0887,29446.774,14.918,28767.2655
2678,20080807,600064.SH,14.7,14.95,14.35,14.56,14.74,-0.18,-1.22,15986.9,23303.351,0.7079,0.78,14.65,15197.515,14.6367,15547.0233,14.6775,15519.4175,14.814,18234.54,14.995,23694.1175,15.162,26542.031,15.152,29055.6807,15.029,30328.5275
2679,20080806,600064.SH,14.75,14.98,14.41,14.74,14.61,0.13,0.89,14408.13,21188.081,0.638,0.57,14.675,15327.085,14.7167,15363.59,14.8775,18796.45,14.898,20485.926,15.1637,26349.465,15.311,30300.407,15.0867,29140.9727,15.089,32165.1155
2680,20080805,600064.SH,14.99,15.0,14.53,14.61,14.8,-0.19,-1.28,16246.04,24007.265,0.7193,0.57,14.705,15841.32,14.9233,20259.2233,14.9375,22005.375,15.074,25308.994,15.29,29378.16,15.365,32849.484,15.0313,30112.3527,15.1355,34007.0345
2681,20080804,600064.SH,15.2,15.41,14.8,14.8,15.36,-0.56,-3.65,15436.6,23314.506,0.6835,0.47,15.08,22265.815,15.0467,23925.1533,15.19,27574.7325,15.21,28582.374,15.47,34043.7375,15.407,33765.035,15.0413,31366.8693,15.1575,34978.885
2682,20080801,600064.SH,14.82,15.58,14.56,15.36,14.98,0.38,2.54,29095.03,43761.229,1.2882,0.83,15.17,28169.43,15.32,31620.7767,15.3125,31868.8175,15.432,32940.99,15.53,37101.525,15.425,35177.519,15.0853,32361.2593,15.162,36413.594
2683,20080731,600064.SH,15.65,15.8,14.91,14.98,15.62,-0.64,-4.1,27243.83,41570.398,1.2063,0.68,15.3,32883.65,15.2967,32793.4133,15.45,33902.48,15.51,34849.522,15.4887,36639.84,15.321,34466.251,15.1007,34359.8567,15.086,36021.3525
2684,20080730,600064.SH,15.75,16.08,15.48,15.62,15.29,0.33,2.16,38523.47,60839.423,1.7057,0.95,15.455,35568.205,15.6067,36122.03,15.6425,36750.945,15.724,40114.888,15.4887,36929.5412,15.181,33468.496,15.1527,36058.1787,15.0285,36634.378
2685,20080729,600064.SH,15.68,15.68,15.2,15.29,15.91,-0.62,-3.9,32612.94,50118.615,1.444,0.84,15.6,34921.31,15.65,36160.1033,15.75,40512.7425,15.656,40389.974,15.3262,34861.9012,15.01,32514.032,15.156,36906.3813,14.9075,35720.552
2686,20080728,600064.SH,15.85,16.35,15.78,15.91,15.75,0.16,1.02,37229.68,59686.42,1.6484,1.0,15.83,37933.685,15.9033,43146.01,15.7475,42334.2325,15.604,38947.696,15.1125,32943.5687,14.957,32759.117,15.14,37111.0553,14.7965,35176.4
2687,20080725,600064.SH,15.58,16.1,15.55,15.75,16.05,-0.3,-1.87,38637.69,61124.014,1.7108,1.13,15.9,46104.175,15.6933,44035.75,15.5275,39377.2,15.418,37414.048,14.8625,31912.2125,14.912,32071.394,15.072,37571.1287,14.688,33963.861
2688,20080724,600064.SH,15.47,16.18,15.3,16.05,15.28,0.77,5.04,53570.66,84645.94,2.372,2.0,15.665,46734.78,15.4533,39623.7033,15.335,37108.1375,15.132,34082.98,14.7387,31465.475,14.896,34115.024,14.9447,36411.9627,14.5865,33487.7425
2689,20080723,600064.SH,15.2,15.49,14.98,15.28,15.03,0.25,1.66,39898.9,60896.091,1.7666,1.62,15.155,32650.225,15.0967,31620.63,14.9025,29211.06,14.638,26822.104,14.665,28563.1987,14.867,34029.824,14.7967,35474.208,14.5385,32187.165
2690,20080722,600064.SH,14.95,15.28,14.85,15.03,14.98,0.05,0.33,25401.55,38352.369,1.1247,0.96,15.005,27481.495,14.7767,25648.4467,14.4775,23552.905,14.364,24638.09,14.7037,30960.085,14.906,35164.585,14.658,34164.078,14.5245,31633.488
2691,20080721,600064.SH,14.28,15.1,14.1,14.98,14.32,0.66,4.61,29561.44,43558.299,1.3089,1.11,14.65,25771.895,14.2933,22936.69,14.1975,24447.225,14.31,26570.538,14.795,34374.7238,14.908,36192.735,14.5273,33919.3013,14.4835,31196.435
2692,20080718,600064.SH,13.75,14.39,13.47,14.32,13.58,0.74,5.45,21982.35,30642.197,0.9733,0.64,13.95,19624.315,13.9367,22742.4867,14.1425,25822.8125,14.406,26728.74,14.8812,37085.3575,14.899,37649.669,14.4447,32813.7987,14.419,30432.1085
2693,20080717,600064.SH,14.16,14.34,13.52,13.58,13.91,-0.33,-2.37,17266.28,24018.852,0.7645,0.42,13.745,23122.555,14.0833,27102.9667,14.4275,27915.3375,14.66,34147.068,14.9725,38797.945,14.851,37576.454,14.4047,33289.33,14.401,31544.123
2694,20080716,600064.SH,14.55,14.7,13.61,13.91,14.76,-0.85,-5.76,28978.83,40917.541,1.2831,0.63,14.335,32021.31,14.71,31465.0233,14.93,38367.265,15.096,41237.544,15.1362,42156.0075,14.876,39800.26,14.5053,33975.5187,14.399,32071.2865
2695,20080715,600064.SH,15.61,15.69,14.7,14.76,15.46,-0.7,-4.53,35063.79,52721.68,1.5525,0.77,15.11,32708.12,15.27,41496.7433,15.3925,44302.2225,15.448,45691.08,15.1275,41189.9288,14.805,38927.072,14.578,33965.2873,14.4555,32259.8715
2696,20080714,600064.SH,15.27,15.7,15.0,15.46,15.59,-0.13,-0.83,30352.45,46636.859,1.3439,0.62,15.525,44713.22,15.6033,47381.7,15.62,48347.9025,15.506,45814.932,15.0112,41744.9975,14.636,37593.683,14.5413,32738.4007,14.4305,31595.954
2697,20080711,600064.SH,15.8,16.38,15.4,15.59,15.76,-0.17,-1.08,59073.99,94052.549,2.6156,1.44,15.675,55896.325,15.6733,54346.3867,15.5175,49680.5525,15.392,48570.598,14.7287,40481.81,14.464,35856.328,14.4233,31666.5647,14.427,30975.0095
2698,20080710,600064.SH,15.33,16.0,15.25,15.76,15.67,0.09,0.57,52718.66,82049.965,2.3342,1.37,15.715,51982.585,15.4933,46549.4067,15.3425,45944.75,15.042,41005.84,14.4137,35813.7988,14.277,32860.461,14.3147,30676.4747,14.4335,28927.4835
2699,20080709,600064.SH,15.2,15.8,15.06,15.67,15.05,0.62,4.12,51246.51,79601.281,2.2691,1.59,15.36,43464.78,15.2033,43686.78,14.8625,38077.635,14.656,38362.976,14.1612,30846.3288,14.21,30344.506,14.1667,29015.8673,14.455,27671.9375
2700,20080708,600064.SH,14.88,15.24,14.51,15.05,14.89,0.16,1.07,35683.05,53195.825,1.5799,1.21,14.97,39906.915,14.5933,33688.01,14.4025,35142.0925,14.162,32163.064,13.9175,28079.93,14.143,28102.391,14.1247,27782.802,14.499,26220.2425
2701,20080707,600064.SH,13.81,15.07,13.8,14.89,13.84,1.05,7.59,44130.78,64655.084,1.954,1.91,14.365,32690.49,14.1867,34961.7733,13.94,31283.0675,13.766,29372.434,13.9225,27064.4375,14.059,26200.135,14.072,26856.2947,14.6015,25628.262
2702,20080704,600064.SH,13.79,14.08,13.36,13.84,13.83,0.01,0.07,21250.2,29289.934,0.9409,0.86,13.835,30377.27,13.6233,27000.4967,13.485,25682.8475,13.536,23142.058,13.9362,25151.26,13.939,23214.548,14.1053,25109.8133,14.807,23895.2545
2703,20080703,600064.SH,13.09,13.95,12.61,13.83,13.2,0.63,4.77,39504.34,53329.958,1.7491,1.77,13.515,29875.645,13.3667,27160.3967,13.46,23615.0225,13.512,24715.082,13.9825,24577.5463,13.951,25511.792,14.2307,24901.3647,15.07,23449.8045
2704,20080702,600064.SH,13.09,13.4,13.0,13.2,13.07,0.13,0.99,20246.95,26730.557,0.8965,0.84,13.135,20988.425,13.3367,18318.5833,13.4325,21017.7675,13.764,22326.036,13.965,21423.8675,13.922,24342.313,14.388,24108.258,15.3325,22481.4945
2705,20080701,600064.SH,13.87,13.87,12.9,13.07,13.74,-0.67,-4.88,21729.9,28845.883,0.9621,0.94,13.405,17354.4,13.51,21274.7067,13.905,22845.8075,14.124,24041.718,14.06,24420.8288,14.106,25592.671,14.6113,24239.302,15.6495,22235.3435
2706,20080630,600064.SH,13.69,13.92,13.31,13.74,13.72,0.02,0.15,12978.9,17701.877,0.5747,0.56,13.73,21047.11,14.1833,23217.7767,14.3875,24619.6725,14.352,23027.836,14.1187,25180.785,14.225,25598.225,14.88,24380.2047,15.9845,22058.4975
2707,20080627,600064.SH,14.6,14.62,13.59,13.72,15.09,-1.37,-9.08,29115.32,40990.086,1.2891,1.11,14.405,28337.215,14.6033,28499.93,14.505,25540.07,14.342,23287.038,14.2812,27652.2388,14.39,26093.691,15.2307,24146.32,16.289,22581.371
2708,20080626,600064.SH,15.05,15.36,14.76,15.09,15.0,0.09,0.6,27559.11,41438.58,1.2202,1.05,15.045,28192.235,14.7667,24348.32,14.4975,21829.9675,14.39,26308.502,14.3487,26736.0037,14.59,24994.506,15.5893,23028.0453,16.5675,22019.655
2709,20080625,600064.SH,14.02,15.01,14.02,15.0,14.21,0.79,5.56,28825.36,42401.12,1.2763,1.06,14.605,22742.925,14.3,19920.2533,14.215,25995.85,14.08,26358.59,14.3862,25532.81,14.7,24999.369,15.8553,22533.314,16.8135,21899.461
2710,20080624,600064.SH,13.69,14.41,13.6,14.21,13.69,0.52,3.8,16660.49,23484.002,0.7377,0.59,13.95,15467.7,13.9533,25052.68,13.85,25741.8975,14.088,27143.624,14.4762,24195.0737,14.855,24338.094,16.158,21633.2187,17.024,21305.4885
2711,20080623,600064.SH,13.68,14.11,13.4,13.69,13.96,-0.27,-1.93,14274.91,19694.126,0.6321,0.49,13.825,29248.775,13.73,28769.0333,14.0575,29764.4075,14.098,28168.614,14.7237,25563.48,15.144,25056.389,16.5287,21735.3847,17.2595,21565.8445
2712,20080620,600064.SH,13.53,14.88,12.89,13.96,13.54,0.42,3.1,44222.64,61818.369,1.9581,1.87,13.75,36016.095,14.18,34927.5733,14.2,31642.04,14.438,28900.344,15.0812,26555.6925,15.675,24575.961,16.938,22346.1487,17.56,21879.4345
2713,20080619,600064.SH,14.8,14.85,13.54,13.54,15.04,-1.5,-9.97,27809.55,39355.162,1.2313,1.18,14.29,30280.04,14.28,27448.5067,14.5575,25069.77,14.79,23680.51,15.4737,24008.2925,16.189,21387.817,17.2933,20590.0393,17.861,20971.9325
2714,20080618,600064.SH,14.01,15.26,13.79,15.04,14.26,0.78,5.47,32750.53,47713.759,1.4501,1.52,14.65,27267.985,14.8967,24156.51,15.1025,22648.25,15.32,23640.148,16.1562,21715.9275,16.743,20620.676,17.7247,20413.0847,18.2115,21427.21
2715,20080617,600064.SH,15.45,15.73,14.06,14.26,15.39,-1.13,-7.34,21785.44,32707.179,0.9646,0.99,14.825,19859.5,15.1233,19280.8233,15.39,21362.5525,15.622,21532.564,16.6637,19164.7612,17.193,18878.016,18.0027,19359.4433,18.486,21432.93
2716,20080616,600064.SH,15.7,16.1,15.35,15.39,15.72,-0.33,-2.1,17933.56,27950.13,0.794,0.89,15.555,18028.515,15.7667,21221.59,15.9625,21469.345,16.19,21944.164,17.2662,18958.8487,17.744,18518.77,18.3133,19364.9213,18.887,21276.279
2717,20080613,600064.SH,16.2,16.3,15.68,15.72,16.19,-0.47,-2.9,18123.47,28970.389,0.8025,0.95,15.955,22865.605,16.1533,22647.94,16.39,22946.815,16.912,20251.578,17.785,18632.645,18.188,19069.051,18.6007,19539.1313,19.2755,21664.879
2718,20080612,600064.SH,16.45,16.65,15.84,16.19,16.55,-0.36,-2.18,27607.74,44586.337,1.2224,1.57,16.37,24910.175,16.6133,24554.5967,17.21,20783.605,17.588,19095.124,18.2912,18641.3337,18.545,19044.804,18.8847,20069.0733,19.6455,22756.3025
2719,20080611,600064.SH,16.97,16.97,16.39,16.55,17.1,-0.55,-3.22,22212.61,36898.279,0.9835,1.37,16.825,23028.025,17.55,18508.8933,17.9375,16966.97,18.166,17601.204,18.7462,18119.9125,18.927,18799.553,19.1753,20689.564,19.997,23752.44
2720,20080610,600064.SH,18.2,18.2,17.1,17.1,19.0,-1.9,-10.0,23843.44,41759.858,1.0557,1.58,18.05,16657.035,18.4,15218.4233,18.57,16448.3525,18.764,16223.468,19.0887,17578.4613,19.193,18272.883,19.4407,21399.7187,20.262,24616.7215
2721,20080606,600064.SH,19.38,19.38,18.91,19.0,19.1,-0.1,-0.52,9470.63,18071.613,0.4193,0.53,19.05,10905.915,19.06,13983.3233,19.18,14318.475,19.298,15093.376,19.4525,17742.435,19.375,18075.3,19.786,21053.6507,20.545,25349.7905
2722,20080605,600064.SH,19.09,19.43,18.89,19.1,19.08,0.02,0.1,12341.2,23678.396,0.5464,0.65,19.09,16239.67,19.24,15934.4233,19.3725,16499.0625,19.464,17886.524,19.4787,18676.845,19.445,19182.908,20.0633,22135.9793,20.7315,26906.274
2723,20080604,600064.SH,19.21,19.54,18.85,19.08,19.54,-0.46,-2.35,20138.14,38418.061,0.8917,1.01,19.31,17731.035,19.4633,17885.0167,19.555,19272.855,19.502,18994.484,19.4562,19867.6462,19.533,20556.048,20.3313,23976.6953,20.935,28190.2655
2724,20080603,600064.SH,19.9,19.9,19.42,19.54,19.77,-0.23,-1.16,15323.93,30054.822,0.6785,0.75,19.655,16758.455,19.7133,18984.4267,19.6075,18708.57,19.688,19997.902,19.5337,19918.7175,19.68,22233.744,20.6073,25802.852,21.1195,29479.637
2725,20080602,600064.SH,19.5,20.09,19.41,19.77,19.83,-0.06,-0.3,18192.98,36058.735,0.8055,0.86,19.8,20814.675,19.63,19836.7833,19.725,21166.395,19.622,20322.298,19.5887,21262.3013,19.779,23987.844,20.7613,27414.4727,21.377,31874.5805
2726,20080530,600064.SH,19.3,20.29,19.01,19.83,19.29,0.54,2.8,23436.37,45830.752,1.0377,1.14,19.56,20658.685,19.71,22157.5333,19.585,20854.6275,19.452,21057.224,19.6862,23602.5662,20.03,24033.788,20.9607,28768.5953,21.623,33782.2465
2727,20080529,600064.SH,19.9,20.05,19.25,19.29,20.01,-0.72,-3.6,17881.0,35212.117,0.7917,0.81,19.65,21518.115,19.5033,19994.0467,19.3575,20462.4375,19.426,20479.292,19.7737,24781.1362,20.363,24260.707,21.154,29912.8573,21.8575,36283.2075
2728,20080528,600064.SH,19.15,20.2,19.11,20.01,19.21,0.8,4.16,25155.23,49757.984,1.1138,1.03,19.61,21050.57,19.38,21322.9167,19.46,21128.865,19.564,22117.612,20.1475,24877.5638,20.746,26467.801,21.4127,31255.526,22.054,37441.471
2729,20080527,600064.SH,19.0,19.25,18.92,19.21,18.92,0.29,1.53,16945.91,32418.138,0.7503,0.61,19.065,19406.76,19.2767,19786.7433,19.4525,21358.2075,19.672,24469.586,20.5412,24946.355,21.067,28705.327,21.5967,32640.2153,22.1945,41278.4365
2730,20080526,600064.SH,19.5,19.5,18.83,18.92,19.7,-0.78,-3.96,21867.61,41741.143,0.9682,0.81,19.31,21207.16,19.5333,22828.9733,19.7875,26350.505,19.936,27653.39,21.03,27822.1087,21.331,30960.56,21.962,35725.3413,22.3595,41229.389
2731,20080523,600064.SH,20.01,20.37,19.1,19.7,19.98,-0.28,-1.4,20546.71,40768.626,0.9098,0.73,19.84,23309.655,20.0767,27844.8033,20.19,29099.835,20.608,27010.352,21.5675,31029.9688,21.715,32624.281,22.3467,38023.9207,22.4365,41805.537
2732,20080522,600064.SH,20.3,20.54,19.82,19.98,20.55,-0.57,-2.77,26072.6,52535.772,1.1544,0.85,20.265,31493.85,20.3533,31950.8767,20.835,28626.2625,21.3,28042.122,21.8362,33398.91,22.018,34629.64,22.668,41551.1793,22.403,42249.8625
2733,20080521,600064.SH,20.4,20.93,19.71,20.55,20.53,0.02,0.1,36915.1,74124.244,1.6345,1.12,20.54,34890.015,21.12,29477.4833,21.63,28534.5025,21.928,30817.99,22.1837,34952.9375,22.337,35824.483,22.884,42549.424,22.3755,42913.7285
2734,20080520,600064.SH,22.5,22.5,20.38,20.53,22.28,-1.75,-7.85,32864.93,70638.634,1.4552,0.96,21.405,25758.675,21.99,25740.97,22.2725,29293.7125,22.462,32941.068,22.4562,35413.5875,22.559,36725.53,23.0353,46881.3867,22.3125,42379.172
2735,20080519,600064.SH,22.6,23.06,22.27,22.28,22.86,-0.58,-2.54,18652.42,42105.41,0.8259,0.49,22.72,22178.99,22.8533,28103.3067,22.945,32960.1025,22.726,34267.73,22.7862,36058.1,22.975,39761.317,23.1673,45754.722,22.304,41751.9005
2736,20080516,600064.SH,23.05,23.57,22.83,23.16,23.12,0.04,0.17,25705.56,59306.903,1.1382,0.62,23.14,32828.75,23.1667,37729.33,22.8375,38171.5575,22.822,38238.21,22.8475,39467.2438,23.216,43530.705,23.046,46737.2653,22.2205,41654.771
2737,20080515,600064.SH,23.37,24.0,23.08,23.12,23.22,-0.1,-0.43,39951.94,94139.655,1.769,0.98,23.17,43741.215,22.73,42326.89,22.7375,41371.3725,22.736,41217.158,23.0387,44156.8988,23.352,48305.708,22.7707,46985.776,22.1315,41592.4595
2738,20080514,600064.SH,22.01,23.28,21.9,23.22,21.85,1.37,6.27,47530.49,108283.25,2.1045,1.17,22.535,43514.365,22.61,41844.5167,22.64,41533.4625,22.746,40830.976,23.235,46206.1937,23.362,48415.141,22.5247,46945.6413,22.0175,41308.8705
2739,20080513,600064.SH,21.31,22.47,21.31,21.85,22.76,-0.91,-4.0,39498.24,86838.987,1.7489,0.87,22.305,39001.53,22.4467,39534.4533,22.6275,39156.0975,22.656,40509.992,23.3975,49446.8313,23.322,53851.546,22.2627,45525.2067,22.011,39882.0185
2740,20080512,600064.SH,22.25,23.2,21.63,22.76,22.73,0.03,0.13,38504.82,85662.981,1.7049,0.79,22.745,39552.56,22.8867,39042.05,22.8575,40762.93,23.224,45254.904,23.5687,49640.335,23.388,51498.218,22.1633,44246.624,22.0685,39148.643
2741,20080509,600064.SH,23.55,23.56,22.32,22.73,23.17,-0.44,-1.9,40600.3,93122.929,1.7977,0.73,22.95,39310.665,22.89,41515.6333,23.34,46942.425,23.61,48823.2,23.5762,57564.05,23.158,50986.793,22.02,42793.6247,22.0365,39044.5145
2742,20080508,600064.SH,22.5,23.19,22.32,23.17,22.77,0.4,1.76,38021.03,86549.006,1.6835,0.68,22.97,41973.3,23.5433,49056.4667,23.83,50878.925,23.968,55394.258,23.5487,54484.6325,22.788,49870.085,21.93,41717.56,22.0705,39158.006
2743,20080507,600064.SH,24.38,24.8,22.7,22.77,24.69,-1.92,-7.78,45925.57,109307.5,2.0335,0.68,23.73,54574.185,24.05,55164.89,24.1675,59737.565,23.978,55999.306,23.21,53905.825,22.414,50002.974,21.7747,41468.1687,22.0605,39298.448
2744,20080506,600064.SH,24.39,25.26,23.73,24.69,24.69,0.0,0.0,63222.8,153782.426,2.7993,1.09,24.69,59784.55,24.6333,64341.5633,24.28,58517.74,23.988,67193.1,22.7425,51844.2813,22.066,48032.814,21.796,39672.694,21.9795,38702.031
2745,20080505,600064.SH,24.55,25.2,24.1,24.69,24.52,0.17,0.69,56346.3,138325.627,2.4949,1.06,24.605,64900.945,24.1433,56949.3867,23.8125,68185.675,23.552,57741.532,22.085,48860.1713,21.633,43742.484,21.6833,37113.2227,21.796,37511.573
2746,20080430,600064.SH,23.25,24.88,23.01,24.52,23.22,1.3,5.6,73455.59,178051.05,3.2524,1.66,23.87,57250.93,23.52,72132.1333,23.2675,58090.34,22.706,53150.386,21.41,45094.88,21.225,39778.837,21.512,35784.9527,21.671,36544.509
2747,20080429,600064.SH,22.41,23.23,22.31,23.22,22.82,0.4,1.75,41046.27,94219.255,1.8174,0.93,23.02,71470.405,22.85,52968.59,22.2525,48074.085,21.608,44345.912,20.89,38452.8688,20.911,34879.211,21.438,33745.922,21.67,35323.594
2748,20080428,600064.SH,23.3,23.84,22.8,22.82,22.51,0.31,1.38,101894.54,237751.055,4.5116,3.53,22.665,58929.75,21.93,50416.69,21.205,45170.8225,20.85,44006.642,20.5637,35410.8138,20.673,34202.6,21.4213,33731.4953,21.7005,35229.1665
2749,20080425,600064.SH,22.51,22.51,22.51,22.51,20.46,2.05,10.02,15964.96,35937.125,0.7069,0.54,21.485,24677.765,20.6667,26262.9167,20.3575,29534.6675,20.144,28872.528,20.3837,25731.4125,20.7,25912.491,21.31,29205.008,21.758,30983.318
2750,20080423,600064.SH,18.8,20.6,18.43,20.46,19.03,1.43,7.51,33390.57,65912.706,1.4784,1.26,19.745,31411.895,19.64,34057.9033,19.5525,32099.42,19.714,29743.436,20.175,28020.8125,20.749,26799.068,21.2107,30768.2533,21.8185,31391.876
2751,20080422,600064.SH,19.18,19.2,17.77,19.03,19.43,-0.4,-2.06,29433.22,54328.868,1.3032,1.16,19.23,34391.57,19.25,31669.0367,19.5275,28831.6525,19.744,26407.288,20.5037,26221.1725,20.915,27102.236,21.326,31009.2167,21.9775,31107.1335
2752,20080421,600064.SH,20.99,21.0,19.1,19.43,19.29,0.14,0.73,39349.92,79453.362,1.7423,1.61,19.36,32786.945,19.6933,28631.13,19.9225,25650.805,20.214,25412.51,21.0,25645.8613,21.353,28445.927,21.6907,32316.1547,22.2725,30997.474
2753,20080418,600064.SH,20.05,20.31,19.26,19.29,20.36,-1.07,-5.26,26223.97,51634.003,1.1611,1.14,19.825,23271.735,20.0867,21084.4333,20.41,21928.1575,20.496,24398.558,21.3362,25279.9025,21.707,28593.922,21.984,32303.3413,22.541,31099.024
2754,20080417,600064.SH,20.6,21.3,19.98,20.36,20.61,-0.25,-1.21,20319.5,41990.115,0.8997,0.85,20.485,18514.665,20.7833,20496.22,20.7975,23942.205,21.256,22952.454,21.8512,27360.6725,21.893,29371.248,22.296,31686.9147,22.784,31381.5325
2755,20080416,600064.SH,21.36,21.46,20.5,20.61,21.38,-0.77,-3.6,16709.83,34912.162,0.7399,0.6,20.995,20584.58,20.9433,25149.7733,21.48,23610.6925,21.784,23854.7,22.1775,29924.4688,21.959,31280.662,22.52,31941.356,22.9355,32452.226
2756,20080415,600064.SH,20.68,21.45,20.01,21.38,20.84,0.54,2.59,24459.33,50469.491,1.083,0.78,21.11,29369.745,21.77,25910.98,22.0775,25640.9175,22.086,27797.184,22.245,32085.3938,22.117,33310.181,22.722,32673.7487,23.178,33544.844
2757,20080414,600064.SH,22.3,22.66,20.78,20.84,23.09,-2.25,-9.74,34280.16,73568.985,1.5178,1.05,21.965,26636.805,22.31,26034.78,22.2625,28631.6475,22.492,31479.344,22.2,33954.6825,22.429,35767.977,22.9587,32859.1287,23.401,33363.996
2758,20080411,600064.SH,23.35,23.6,22.85,23.09,23.0,0.09,0.39,18993.45,44131.457,0.841,0.53,23.045,21912.09,22.7367,26748.81,22.905,30779.14,22.918,32789.286,22.3687,34295.29,22.728,36255.733,23.2227,33332.5127,23.657,33360.6885
2759,20080410,600064.SH,22.0,23.1,21.51,23.0,22.12,0.88,3.98,24830.73,55509.52,1.0994,0.64,22.56,30626.49,22.8433,34707.7033,22.875,36238.245,22.53,35790.042,22.545,38050.77,22.816,36054.145,23.2933,34191.2253,23.8585,33525.0355
2760,20080409,600064.SH,23.11,23.99,21.8,22.12,23.41,-1.29,-5.51,36422.25,83814.118,1.6127,0.94,22.765,39646.19,22.8333,40040.75,22.4125,38529.87,22.134,38706.624,22.6487,39841.6438,22.888,35984.684,23.3193,35318.068,24.1125,33387.4465
2761,20080408,600064.SH,23.1,24.0,22.75,23.41,22.97,0.44,1.92,42870.13,101076.155,1.8982,1.07,23.19,41850.0,22.51,39232.41,22.1375,39277.7175,22.148,38823.178,22.88,37411.0588,23.04,35112.031,23.542,35460.7307,24.405,33143.8625
2762,20080407,600064.SH,20.7,23.19,20.21,22.97,21.15,1.82,8.61,40829.87,90633.058,1.8078,1.03,22.06,37413.55,21.7133,38080.2467,21.8325,37811.44,22.366,40056.61,22.9187,35069.3075,23.192,33549.021,23.704,33992.2133,24.687,32074.085
2763,20080403,600064.SH,21.0,21.56,19.01,21.15,21.02,0.13,0.62,33997.23,69743.99,1.5053,0.94,21.085,36705.435,21.4533,36805.2967,22.215,39863.295,22.538,39722.18,23.0025,33427.5388,23.375,33604.126,23.9033,33551.156,25.0115,31750.9845
2764,20080402,600064.SH,22.16,22.85,20.7,21.02,22.19,-1.17,-5.27,39413.64,85852.767,1.7657,1.18,21.605,38209.33,22.57,41818.65,22.885,41153.4175,23.102,36318.248,23.475,32582.8888,23.675,33391.817,24.3013,32770.0333,25.4115,32010.416
2765,20080401,600064.SH,24.15,24.9,22.05,22.19,24.5,-2.31,-9.43,37005.02,85446.825,1.6578,1.18,23.345,43021.155,23.5067,41733.3433,23.6225,35544.4,23.642,33262.744,23.9475,32828.7988,23.912,33623.79,24.772,31614.3873,25.8475,32080.8925
2766,20080331,600064.SH,24.22,25.46,24.15,24.5,23.83,0.67,2.81,49037.29,121659.277,2.1969,1.81,24.165,44097.505,24.1,35057.5267,24.005,32327.175,23.932,31400.884,24.1925,32187.4388,24.239,33779.507,25.1573,31250.7573,26.258,32735.519
2767,20080327,600064.SH,24.09,24.93,23.61,23.83,23.97,-0.14,-0.58,39157.72,95288.187,1.7543,1.42,23.9,28067.645,23.84,26757.1367,23.79,26991.7825,24.018,27041.432,24.0537,31274.4488,24.373,30960.015,25.4607,29413.2433,26.5125,31823.9175
2768,20080326,600064.SH,24.0,24.5,23.71,23.97,23.72,0.25,1.05,16977.57,40911.743,0.7606,0.56,23.845,20556.845,23.7767,22936.47,24.065,24012.36,24.212,27486.072,24.2575,31200.0075,24.586,30465.644,25.836,29093.9193,26.7965,32550.757
2769,20080325,600064.SH,23.2,24.1,22.58,23.72,23.64,0.08,0.34,24136.12,56513.231,1.0813,0.71,23.68,25915.92,24.0967,26357.29,24.2725,30113.1975,24.248,30465.386,24.4912,31683.1075,24.901,30995.926,26.1813,30574.472,27.1385,33834.535
2770,20080324,600064.SH,25.31,25.8,23.48,23.64,24.93,-1.29,-5.17,27695.72,68049.082,1.2408,0.77,24.285,27467.875,24.4567,32105.5567,24.38,32047.7025,24.182,33984.836,24.7712,32942.8438,25.337,30790.209,26.5827,31686.942,27.441,34136.338
2771,20080321,600064.SH,24.9,25.38,24.4,24.93,24.8,0.13,0.52,27240.03,68032.703,1.2204,0.78,24.865,34310.475,24.6267,33498.3633,24.3175,35557.115,24.546,36158.13,25.2062,32265.9275,25.77,31175.694,27.0333,33180.3973,27.6865,34498.014
2772,20080320,600064.SH,23.95,25.1,22.35,24.8,24.15,0.65,2.69,41380.92,98485.104,1.8539,1.24,24.475,36627.53,24.1133,38329.4767,24.45,38387.655,24.728,34878.598,25.6,31620.7925,26.182,30599.149,27.344,33418.0793,27.9515,34823.43
2773,20080319,600064.SH,24.15,24.68,23.13,24.15,23.39,0.76,3.25,31874.14,76789.71,1.428,1.01,23.77,36803.755,24.3333,37389.9,24.71,33253.0175,24.96,33445.216,25.9962,30391.9988,26.648,29897.843,27.658,34238.9853,28.284,34654.249
2774,20080318,600064.SH,25.5,26.5,22.91,23.39,25.46,-2.07,-8.13,41733.37,101386.069,1.8697,1.51,24.425,40147.78,24.8967,33712.6433,25.1625,33837.985,25.554,31526.466,26.6087,29092.0538,27.148,30629.015,28.102,34957.5847,28.6775,35404.0015
2775,20080317,600064.SH,26.32,26.93,25.44,25.46,25.84,-0.38,-1.47,38562.19,101278.095,1.7276,1.47,25.65,29702.28,25.7533,31206.19,26.095,28974.74,26.492,27595.582,27.3675,28171.365,27.783,30537.995,28.5273,34186.8387,29.1235,35439.5155
2776,20080314,600064.SH,25.9,26.3,25.4,25.84,25.96,-0.12,-0.46,20842.37,53592.376,0.9337,0.79,25.9,27528.19,26.3067,25778.9233,26.75,24853.93,26.994,26193.258,27.8287,28249.3238,28.277,31691.531,28.7333,33944.642,29.3985,34837.267
2777,20080313,600064.SH,26.97,27.08,25.5,25.96,27.12,-1.16,-4.28,34214.01,89692.714,1.5328,1.3,26.54,28247.2,27.0533,26191.1167,27.2825,27530.98,27.636,26319.7,28.3162,30746.9238,28.652,32687.82,29.026,34805.0407,29.6055,34943.619
2778,20080312,600064.SH,29.0,29.09,27.0,27.12,28.08,-0.96,-3.42,22280.39,62087.333,0.9982,0.75,27.6,22179.67,27.7233,25303.3033,28.055,24346.1225,28.336,26350.47,28.8712,32732.3663,29.007,34635.87,29.392,35057.26,29.844,33977.719
2779,20080311,600064.SH,27.71,28.15,27.35,28.08,27.97,0.11,0.39,22078.95,61247.706,0.9891,0.66,28.025,26814.76,28.3667,25034.7,28.64,27367.99,28.742,29731.564,29.18,33797.975,29.376,36673.144,29.7187,36696.5133,30.0055,34317.2555
2780,20080310,600064.SH,28.98,28.98,27.8,27.97,29.05,-1.08,-3.72,31550.57,89230.519,1.4135,0.85,28.51,26512.575,28.8267,29131.0033,28.9075,31644.7175,29.074,33480.408,29.3587,37749.92,29.545,37482.467,30.0007,38054.16,30.1655,35704.0295
2781,20080307,600064.SH,29.18,29.46,28.9,29.05,29.46,-0.41,-1.39,21474.58,62427.119,0.9621,0.55,29.255,27921.22,29.22,31676.1,29.35,33962.8675,29.56,37189.804,29.7137,39137.74,29.603,37820.334,30.2,37718.6033,30.2725,36148.7575
2782,20080306,600064.SH,29.18,30.35,28.82,29.46,29.15,0.31,1.06,34367.86,101551.145,1.5397,0.8,29.305,36776.86,29.45,38125.63,29.6875,41118.61,29.668,39055.94,29.8037,40224.94,29.721,39047.711,30.262,37818.2587,30.1885,36921.119
2783,20080305,600064.SH,29.51,29.83,28.6,29.15,29.74,-0.59,-1.98,39185.86,114020.311,1.7555,0.9,29.445,40004.515,29.7633,43368.86,29.72,40227.96,29.678,42921.27,29.69,40295.1125,29.92,39410.655,30.3467,36520.1353,30.1505,36698.81
2784,20080304,600064.SH,30.41,30.95,29.7,29.74,30.4,-0.66,-2.17,40823.17,123680.856,1.8289,0.98,30.07,45460.36,29.91,40575.3267,29.81,43855.1225,30.01,43614.724,29.825,39615.4238,30.207,40178.988,30.4267,35845.8193,30.1835,36829.795
2785,20080303,600064.SH,29.58,30.79,28.7,30.4,29.59,0.81,2.74,50097.55,148509.211,2.2444,1.3,29.995,40451.405,29.8333,44865.7733,30.0775,44312.6125,30.016,41484.526,30.0387,39262.19,30.464,40341.036,30.5293,36445.2367,30.1945,37108.0755
2786,20080229,600064.SH,29.51,30.27,29.38,29.59,29.51,0.08,0.27,30805.26,91298.042,1.3801,0.79,29.55,42249.885,29.97,42384.3,29.92,39331.27,29.646,38450.864,30.2412,38858.645,30.52,37983.003,30.51,35801.742,30.1555,38542.8295
2787,20080228,600064.SH,29.5,30.25,28.38,29.51,30.81,-1.3,-4.22,53694.51,158299.528,2.4055,1.5,30.16,48173.82,30.03,42173.2733,29.66,40362.265,29.774,39039.482,30.5812,40313.4438,30.559,37199.418,30.362,36209.512,30.3215,39714.75
2788,20080227,600064.SH,29.75,31.35,29.5,30.81,29.77,1.04,3.49,42653.13,131301.034,1.9109,1.16,30.29,36412.655,29.71,35918.1833,29.84,35375.725,30.162,35900.04,30.7625,36916.2825,30.681,33319.568,30.308,34624.6567,30.5255,40220.8875
2789,20080226,600064.SH,29.28,29.87,28.2,29.77,28.55,1.22,4.27,30172.18,87406.176,1.3517,0.77,29.16,32550.71,29.5167,32949.9233,30.0,34211.7675,30.404,36743.252,30.6587,34455.8175,30.635,31961.367,30.2413,34568.152,30.6675,42754.213
2790,20080225,600064.SH,30.7,30.7,28.4,28.55,30.23,-1.68,-5.56,34929.24,102083.644,1.5648,0.93,29.39,34338.795,30.0767,35558.2967,30.5625,38386.02,30.912,39197.546,30.7787,32546.2963,30.786,33925.592,30.254,35649.2587,30.8115,45853.163
2791,20080222,600064.SH,31.2,31.3,29.68,30.23,31.45,-1.22,-3.88,33748.35,103218.736,1.5119,0.95,30.84,35872.825,31.2333,39538.28,31.5025,40264.6225,31.394,37515.142,31.0037,31814.0313,30.942,34477.181,30.3253,38573.4847,31.198,47548.4515
2792,20080221,600064.SH,31.98,32.1,30.66,31.45,32.02,-0.57,-1.78,37997.3,119605.415,1.7023,1.24,31.735,42433.245,31.9267,42436.7133,31.685,38456.84,31.344,35359.354,31.135,33822.2913,30.656,34794.527,30.504,39939.8393,31.551,49263.3875
2793,20080220,600064.SH,32.35,33.27,32.0,32.02,32.31,-0.29,-0.9,46869.19,152674.36,2.0997,1.72,32.165,44656.42,31.7633,38610.02,31.3175,34699.8675,31.2,30739.096,30.9675,34128.27,30.381,33986.965,30.6467,41661.17,31.8115,54124.797
2794,20080219,600064.SH,30.96,32.5,30.6,32.31,30.96,1.35,4.36,42443.65,134277.203,1.9015,1.48,31.635,34480.435,31.0833,30643.4267,30.995,26706.5725,30.866,27179.482,30.3862,32884.8475,30.16,33480.602,30.7553,44757.8667,32.185,55918.7545
2795,20080218,600064.SH,30.97,31.25,30.36,30.96,29.98,0.98,3.27,26517.22,81867.902,1.188,0.84,30.47,24743.315,30.5567,21460.88,30.505,23363.44,30.66,28653.638,29.935,31319.6013,29.925,33875.115,30.778,48071.702,32.6045,57658.1065
2796,20080215,600064.SH,30.34,30.35,29.28,29.98,30.73,-0.75,-2.44,22969.41,68444.328,1.029,0.67,30.355,18932.71,30.3533,22312.18,30.585,29187.7425,30.49,31439.22,29.7912,33230.6438,29.791,39102.656,31.1327,50892.888,33.0605,61862.033
2797,20080214,600064.SH,30.61,31.0,30.39,30.73,30.35,0.38,1.25,14896.01,45802.946,0.6673,0.4,30.54,21983.565,30.7867,31260.52,30.6175,33556.6725,29.968,34229.7,29.7887,36158.065,30.084,42230.082,31.62,53898.0653,33.4765,66069.519
2798,20080213,600064.SH,29.8,31.17,29.7,30.35,31.28,-0.93,-2.97,29071.12,88721.442,1.3024,0.73,30.815,39442.775,30.58,39776.8933,29.7775,39063.1225,29.562,37234.834,29.65,44145.1425,30.37,47122.207,32.0153,61920.0307,33.7675,67991.143
2799,20080205,600064.SH,30.29,31.86,29.81,31.28,30.11,1.17,3.89,49814.43,155331.094,2.2317,1.27,30.695,45129.78,29.5867,42393.79,29.365,39275.7625,29.454,39781.722,29.97,47291.7113,30.7,53547.059,32.6247,65498.512,34.051,69256.792
2800,20080204,600064.SH,28.2,30.11,28.01,30.11,27.37,2.74,10.01,40445.13,119377.731,1.8119,0.86,28.74,38683.47,28.7267,35762.8733,28.9975,37273.545,29.19,39096.592,30.2587,49042.065,30.837,57780.734,33.2527,67326.2627,34.237,70747.926
2801,20080201,600064.SH,28.6,29.28,26.5,27.37,28.7,-1.33,-4.63,36921.81,102416.504,1.6541,0.74,28.035,33421.745,28.6267,36216.35,28.96,38759.4575,29.092,46766.092,30.7012,55651.3788,31.454,60619.722,33.9173,72002.9707,34.554,71604.272
2802,20080131,600064.SH,30.0,30.4,28.6,28.7,29.81,-1.11,-3.72,29921.68,86897.537,1.3405,0.52,29.255,35863.62,29.49,39372.0067,29.5225,49227.1625,30.2,50230.464,31.3612,62555.05,32.446,63732.248,34.646,76682.792,34.9785,73109.785
2803,20080130,600064.SH,30.5,30.84,29.0,29.81,29.96,-0.15,-0.5,41805.56,125968.893,1.8729,0.62,29.885,44097.17,29.7967,55662.3233,30.575,55307.66,31.178,57009.58,32.3087,67419.2163,33.242,74262.629,35.1693,78243.246,35.3085,76006.837
2804,20080129,600064.SH,29.68,30.27,28.28,29.96,29.62,0.34,1.15,46388.78,136776.505,2.0782,0.61,29.79,62590.705,30.83,59808.36,31.52,60810.585,31.946,67312.396,33.2437,70699.405,34.21,78356.907,35.5833,79081.8153,35.5825,79042.41
2805,20080128,600064.SH,32.6,32.6,29.62,29.62,32.91,-3.29,-10.0,78792.63,238861.958,3.5299,1.06,31.265,66518.15,32.04,65617.8533,32.4425,72543.3,32.484,76464.876,34.0812,81803.9938,35.284,81441.098,35.9193,81298.3707,35.7205,80176.1605
2806,20080125,600064.SH,33.35,33.93,32.12,32.91,33.59,-0.68,-2.02,54243.67,179520.054,2.4301,0.7,33.25,59030.465,33.3833,70460.19,33.2,75882.9375,33.816,74473.352,35.315,82298.4575,36.33,84621.41,36.3747,79883.6653,35.8295,78674.2075
2807,20080124,600064.SH,33.95,34.5,32.92,33.59,33.65,-0.06,-0.18,63817.26,215299.276,2.859,0.7,33.62,78568.45,33.2967,83096.0267,34.0425,79530.7725,34.692,77234.032,36.2887,85171.835,36.869,89908.956,36.5713,80736.2253,35.7575,77580.6635
2808,20080123,600064.SH,32.3,33.8,31.0,33.65,32.65,1.0,3.06,93319.64,306837.852,4.1807,1.04,33.15,92735.41,34.1933,84768.61,34.9675,80588.225,35.306,91515.678,37.1,91019.1463,37.165,88860.079,36.6853,82339.256,35.644,76876.6335
2809,20080122,600064.SH,35.0,35.0,32.65,32.65,36.28,-3.63,-10.01,92151.18,307422.756,4.1284,1.07,34.465,80493.095,35.4067,76344.42,35.72,91064.6875,36.474,89401.418,37.6812,92744.0825,37.402,84966.525,36.7947,82952.4147,35.515,74753.293
2810,20080121,600064.SH,37.46,38.45,35.8,36.28,37.29,-1.01,-2.71,68835.01,255541.258,3.0838,0.73,36.785,68441.04,36.7433,90702.5233,37.43,88713.9775,38.084,86417.32,38.1687,87891.2462,37.637,83715.118,36.7993,81413.2553,35.39,71328.552
2811,20080118,600064.SH,36.77,37.3,35.58,37.29,36.66,0.63,1.72,68047.07,248765.658,3.0485,0.66,36.975,101636.28,37.8133,95340.3,38.535,90812.8975,38.844,94769.468,38.1362,86084.8825,37.654,82588.822,36.5007,80074.4927,35.0715,69261.8745
2812,20080117,600064.SH,39.0,40.48,35.54,36.66,39.49,-2.83,-7.17,135225.49,506051.032,6.0581,1.57,38.075,108986.915,38.95,98401.5067,39.2325,101450.0675,39.046,102583.88,37.85,87533.6375,37.511,82487.322,36.1127,77696.2073,34.677,66825.1195
2813,20080116,600064.SH,40.0,40.9,39.45,39.49,40.7,-1.21,-2.97,82748.34,331315.964,3.7071,1.03,40.095,79989.515,40.09,90191.5933,39.6425,94423.4775,39.024,86204.48,37.8237,77826.9575,37.375,77751.045,35.7567,71996.952,34.282,60724.643
2814,20080115,600064.SH,40.24,41.3,39.58,40.7,40.08,0.62,1.55,77230.69,311816.288,3.4599,0.95,40.39,93913.22,39.6933,98315.19,38.9075,87068.515,38.33,80531.632,37.37,75862.4238,36.955,79727.913,35.1953,69870.5847,33.741,57989.4035
2815,20080114,600064.SH,38.18,41.5,38.03,40.08,38.3,1.78,4.65,110595.75,444026.214,4.9547,1.57,39.19,108857.44,38.31,90347.79,37.7375,81356.8675,37.19,81012.916,36.695,77191.4275,36.157,78911.223,34.492,66298.9627,33.1855,55357.6355
2816,20080111,600064.SH,36.5,38.7,36.38,38.3,36.55,1.75,4.79,107119.13,404654.888,4.7989,1.72,37.425,80223.81,36.9567,71610.5733,36.4675,73617.2075,36.464,70408.176,36.0962,76181.5862,35.329,72727.005,33.814,60759.3433,32.637,52097.1115
2817,20080110,600064.SH,36.2,37.4,36.11,36.55,36.02,0.53,1.47,53328.49,196330.082,2.3891,0.77,36.285,53856.295,35.8567,62449.9,36.005,61230.4375,35.976,62390.764,35.3987,71424.6687,34.646,65252.371,33.2207,54905.5327,32.251,51045.3525
2818,20080109,600064.SH,34.9,36.17,34.7,36.02,35.0,1.02,2.91,54384.1,191658.225,2.4364,0.69,35.51,67010.605,35.8233,63864.42,35.8325,64656.3325,35.726,69297.61,34.805,70852.8037,34.123,64893.188,32.7013,52231.364,31.844,50061.5465
2819,20080108,600064.SH,36.71,37.4,34.72,35.0,36.45,-1.45,-3.98,79637.11,287556.906,3.5677,1.04,35.725,68604.58,35.77,68080.41,35.6525,73025.9875,35.58,78924.194,34.2362,68101.39,33.628,64540.061,32.2113,50475.3273,31.48,48995.858
2820,20080107,600064.SH,35.8,36.88,35.5,36.45,35.86,0.59,1.65,57572.05,209969.204,2.5792,0.77,36.155,62302.06,35.87,70822.28,35.725,78745.965,35.124,76809.53,33.7762,64363.8338,33.143,58941.986,31.8507,46805.8753,31.142,46702.203
2821,20080104,600064.SH,35.25,36.24,34.36,35.86,35.3,0.56,1.59,67032.07,236800.939,3.003,0.98,35.58,77447.395,35.4833,85803.9367,34.7925,81618.9,34.194,75045.834,33.1037,63523.9313,32.489,55934.927,31.3613,45993.4233,30.696,45509.656
2822,20080103,600064.SH,35.56,36.88,34.7,35.3,35.29,0.01,0.03,87862.72,315333.928,3.9363,1.45,35.295,95189.87,34.4367,86481.1767,33.7775,77049.275,33.316,68113.978,32.39,58101.9675,31.843,51162.917,31.0093,47263.5487,30.248,43513.033
2823,20080102,600064.SH,33.15,35.88,33.15,35.29,32.72,2.57,7.85,102517.02,356503.069,4.5928,2.04,34.005,85790.405,33.27,73444.7933,32.82,63176.7925,32.52,60488.766,31.7162,50556.81,31.189,43698.241,30.55,43649.5253,29.7995,40219.8235
2824,20071228,600064.SH,32.4,33.2,31.96,32.72,31.8,0.92,2.89,69063.79,226059.521,3.0941,1.68,32.26,58908.68,31.9967,50063.3833,31.8275,49981.7025,31.676,50155.928,30.98,40156.1788,30.527,36250.894,30.1133,39019.746,29.343,36445.5335
2825,20071227,600064.SH,31.9,32.65,31.53,31.8,31.47,0.33,1.05,48753.57,156621.214,2.1842,1.32,31.635,40563.18,31.53,43621.0067,31.415,45428.9625,31.162,41074.442,30.485,33175.2,30.214,31804.048,29.8147,36666.4273,29.035,35076.1005
2826,20071226,600064.SH,31.5,31.88,31.02,31.47,31.32,0.15,0.48,32372.79,101643.563,1.4503,0.95,31.395,41054.725,31.2867,44320.76,31.0025,39154.66,30.784,36824.02,30.0937,30586.4475,29.945,31467.218,29.53,35664.2633,28.7375,33935.614
2827,20071225,600064.SH,31.51,31.95,31.08,31.32,31.07,0.25,0.8,49736.66,157292.248,2.2282,1.85,31.195,50294.745,30.8467,41415.2833,30.6125,37936.8275,30.37,34211.856,29.8587,29614.265,29.856,36838.334,29.2253,35312.718,28.4855,34312.63
2828,20071224,600064.SH,30.79,31.08,30.26,31.07,30.15,0.92,3.05,50852.83,156781.265,2.2782,2.28,30.61,37254.595,30.3767,34003.55,30.1325,30330.655,29.858,26907.716,29.5825,29070.3413,29.565,35229.905,28.8927,33463.5093,28.301,33221.2365
2829,20071221,600064.SH,30.0,30.52,29.9,30.15,29.91,0.24,0.8,23656.36,71264.812,1.0598,1.05,30.03,25578.91,29.82,23489.93,29.555,20921.4375,29.378,22345.86,29.5212,33474.2313,29.332,33451.655,28.5653,31875.402,28.158,32182.014
2830,20071220,600064.SH,29.48,30.16,29.21,29.91,29.4,0.51,1.73,27501.46,82212.584,1.2321,1.05,29.655,23406.715,29.3567,20009.7967,29.185,22018.235,29.266,22533.654,29.3037,34723.7325,29.141,34462.42,28.326,33076.6533,28.0635,33168.4745
2831,20071219,600064.SH,29.19,29.75,28.91,29.4,28.76,0.64,2.23,19311.97,56838.976,0.8652,0.49,29.08,16263.965,28.9433,20190.4933,29.105,21291.7025,29.106,26110.416,29.1575,35419.8413,28.903,35084.385,28.0553,32972.812,28.083,33089.4915
2832,20071218,600064.SH,28.78,29.2,28.18,28.76,28.67,0.09,0.31,13215.96,38062.167,0.5921,0.3,28.715,20629.755,29.0067,21951.6133,29.0325,27810.0275,29.342,39464.812,29.0125,37226.3463,28.653,35863.149,27.8573,34346.2213,28.168,33445.7325
2833,20071217,600064.SH,29.5,29.96,28.65,28.67,29.59,-0.92,-3.11,28043.55,81443.569,1.2564,0.63,29.13,26319.44,29.1233,32674.7167,29.4875,46027.025,29.272,43552.094,28.8587,39789.49,28.41,36741.406,27.782,35325.7433,28.2655,33804.757
2834,20071214,600064.SH,28.66,29.62,28.35,29.59,29.11,0.48,1.65,24595.33,71264.511,1.1019,0.53,29.35,34990.3,29.76,52021.5167,29.4225,47429.23,29.286,44557.45,28.6375,39671.4975,28.159,36640.173,27.7513,35460.732,28.3875,35125.929
2835,20071213,600064.SH,30.3,30.58,28.98,29.11,30.58,-1.47,-4.81,45385.27,135157.659,2.0333,1.03,29.845,65734.61,29.3667,55040.53,29.21,49547.98,29.016,46391.186,28.23,39346.8975,27.856,38348.153,27.6627,36713.4147,28.4325,37216.1365
2836,20071212,600064.SH,29.0,30.88,28.5,30.58,28.41,2.17,7.64,86083.95,258304.806,3.8566,2.67,29.495,59868.16,29.2433,50935.55,28.9925,46642.665,28.7,44058.354,27.8612,37052.6413,27.53,36404.01,27.742,35415.85,28.584,36782.4335
2837,20071211,600064.SH,28.93,29.05,28.05,28.41,28.74,-0.33,-1.15,33652.37,96027.473,1.5076,1.12,28.575,33361.35,28.4633,33495.57,28.23,33551.955,27.964,32261.486,27.3587,31501.5387,27.115,31786.926,27.7767,31439.3727,28.621,34572.387
2838,20071210,600064.SH,27.8,28.85,27.67,28.74,28.24,0.5,1.77,33070.33,94163.653,1.4816,1.15,28.49,33417.17,28.17,33518.4833,27.8525,31913.765,27.548,29930.718,27.0387,30537.9725,27.037,31212.568,27.93,30555.6447,28.7505,35130.9505
2839,20071207,600064.SH,27.61,28.44,27.61,28.24,27.53,0.71,2.58,33764.01,94918.911,1.5126,1.11,27.885,33742.56,27.5567,31528.2433,27.25,29145.815,27.032,28722.896,26.75,31393.32,26.984,30912.373,28.088,31982.0887,28.8605,35627.9215
2840,20071206,600064.SH,27.07,27.55,26.51,27.53,26.9,0.63,2.34,33721.11,91010.843,1.5107,1.17,27.215,30410.36,26.92,27606.4167,26.73,27462.6175,26.696,30305.12,26.6737,30661.4175,26.986,31874.529,28.238,34157.7867,28.969,37064.4185
2841,20071205,600064.SH,26.56,27.08,26.11,26.9,26.33,0.57,2.16,27099.61,72589.192,1.2141,0.87,26.615,24549.07,26.4633,25376.4533,26.4875,29451.1225,26.36,28749.666,26.7587,30204.8262,27.263,31094.598,28.5453,34357.1267,29.2205,38956.1695
2842,20071204,600064.SH,26.2,26.83,26.16,26.33,26.16,0.17,0.65,21998.53,58289.74,0.9855,0.68,26.245,24514.875,26.35,30234.96,26.225,29162.18,26.266,31312.366,26.9287,32240.5713,27.683,31028.316,28.84,35342.6873,29.594,42781.35
2843,20071203,600064.SH,25.93,26.33,25.65,26.16,26.56,-0.4,-1.51,27031.22,70241.062,1.211,0.82,26.36,34353.175,26.19,31550.0633,26.25,33640.825,26.526,32494.418,27.425,32730.98,28.121,30868.108,29.1513,36864.3613,30.049,47964.75
2844,20071129,600064.SH,26.26,26.88,25.81,26.56,25.85,0.71,2.75,41675.13,109505.424,1.867,1.25,26.205,33809.485,26.28,35844.0267,26.6175,33860.2175,26.936,33101.85,28.0425,32656.6763,28.616,33611.685,29.47,37929.5967,30.4665,53760.9865
2845,20071128,600064.SH,26.51,26.96,25.61,25.85,26.43,-0.58,-2.19,25943.84,67992.272,1.1623,0.78,26.14,32928.475,26.6367,31255.2467,27.03,30958.53,27.276,33443.938,28.5612,29996.8412,29.009,36084.12,29.7267,39317.518,30.836,55979.962
2846,20071127,600064.SH,27.4,27.5,26.38,26.43,27.63,-1.2,-4.34,39913.11,106815.067,1.7881,1.3,27.03,33910.95,27.4233,32630.0933,27.6325,35318.9625,28.166,33439.53,29.2187,33562.235,29.638,37160.857,30.174,42358.3373,31.1805,56488.0295
2847,20071126,600064.SH,28.99,29.18,27.5,27.63,28.21,-0.58,-2.06,27908.79,78949.079,1.2503,0.95,27.92,28988.585,28.0333,33787.58,28.6,31821.135,29.1,30744.266,29.7262,36873.0312,30.127,37357.848,30.7033,46604.3447,31.4735,57613.6075
2848,20071123,600064.SH,27.95,28.5,27.5,28.21,28.26,-0.05,-0.18,30068.38,84246.01,1.3471,0.88,28.235,36726.975,28.9233,33125.25,29.4675,31453.135,29.716,29241.798,30.29,37973.3337,30.464,39049.333,31.2233,53121.5273,31.6385,60068.9285
2849,20071122,600064.SH,29.84,30.28,27.99,28.26,30.3,-2.04,-6.73,43385.57,126751.855,1.9437,1.12,29.28,34653.685,29.8867,31914.72,30.0925,29035.1525,30.296,34121.52,30.6787,39450.1637,30.737,40343.47,31.6433,60647.3653,31.6855,62772.5005
2850,20071121,600064.SH,31.2,31.4,30.1,30.3,31.1,-0.8,-2.57,25921.8,79519.957,1.1613,0.63,30.7,26179.295,30.7033,24251.68,30.805,31805.5075,30.742,38724.302,31.0212,39629.9225,30.952,42254.308,32.0227,63491.97,31.8715,62943.447
2851,20071120,600064.SH,30.5,31.47,30.3,31.1,30.71,0.39,1.27,26436.79,81750.808,1.1844,0.6,30.905,23416.62,30.9733,33766.7433,30.8525,41924.9275,31.11,40882.184,31.1012,41765.9163,31.178,46817.741,32.1853,64170.8627,31.9755,65882.6955
2852,20071119,600064.SH,30.84,31.2,30.4,30.71,31.11,-0.4,-1.29,20396.45,62821.428,0.9138,0.42,30.91,37431.72,30.77,47087.64,31.1125,44493.5325,31.154,43971.43,31.015,46273.0613,31.505,54534.384,32.2647,66570.0547,32.1255,69197.3875
2853,20071116,600064.SH,29.7,31.17,29.5,31.11,30.49,0.62,2.03,54466.99,163112.093,2.4401,1.17,30.8,60433.235,31.2467,52525.8933,31.265,49865.175,31.212,48856.868,31.2462,52668.0213,31.977,65061.392,32.2793,70344.6387,32.28,73489.2345
2854,20071115,600064.SH,31.4,32.48,30.45,30.49,32.14,-1.65,-5.13,66399.48,208368.67,2.9747,1.45,31.315,51555.345,31.3167,48331.2367,31.2375,47454.3375,31.178,46565.42,31.6537,58810.05,32.317,73910.288,32.1487,72322.8273,32.384,75243.94
2855,20071114,600064.SH,31.88,32.2,31.02,32.14,31.32,0.82,2.62,36711.21,116991.257,1.6447,0.7,31.73,39297.115,31.4867,41139.29,31.35,41606.905,31.162,45784.314,32.2712,66218.4313,32.663,75875.804,32.248,71016.4953,32.465,77018.475
2856,20071113,600064.SH,31.3,32.23,30.62,31.32,31.0,0.32,1.03,41883.02,132227.733,1.8764,0.64,31.16,43353.33,31.0867,43238.8033,30.9175,48052.59,31.246,52753.298,32.5675,79499.0238,32.723,75815.202,32.264,74216.1993,32.5455,86740.7695
2857,20071112,600064.SH,30.0,31.33,29.5,31.0,30.94,0.06,0.19,44823.64,136127.091,2.0081,0.55,30.97,43916.695,30.7833,50109.1133,31.2275,55470.8675,31.856,65097.338,32.8962,85020.4763,32.82,77869.367,32.4493,77606.04,32.514,88376.4445
2858,20071109,600064.SH,30.23,31.65,30.05,30.94,30.41,0.53,1.74,43009.75,133527.801,1.9268,0.42,30.675,52751.85,31.3033,59019.9433,32.07,70165.7625,32.742,81265.916,33.1137,83930.67,32.813,81088.524,32.636,81700.0233,32.501,89816.708
2859,20071108,600064.SH,32.35,32.51,30.3,30.41,32.56,-2.15,-6.6,62493.95,195672.742,2.7997,0.59,31.485,67025.04,32.4467,79217.7667,33.1925,90829.9575,33.456,101255.156,33.2825,86357.535,32.634,85201.531,32.786,84803.4467,32.5325,90702.994
2860,20071107,600064.SH,34.29,34.8,32.0,32.56,34.37,-1.81,-5.27,71556.13,236540.091,3.2057,0.72,33.465,87579.675,34.12,100275.2933,34.2175,110945.4575,34.164,105967.294,33.3475,88172.6925,32.791,83632.586,32.8993,87429.862,32.6325,93053.228
2861,20071106,600064.SH,38.97,38.97,34.28,34.37,35.43,-1.06,-2.99,103603.22,363294.099,4.6414,1.14,34.9,114634.875,34.77,124075.2333,34.565,114570.085,34.2,98877.106,32.9212,89745.6538,32.773,84947.65,32.9787,98069.9267,32.596,91886.0695
2862,20071102,600064.SH,34.53,35.8,33.81,35.43,34.51,0.92,2.67,125666.53,442348.923,5.6299,1.55,34.97,134311.24,34.63,118225.7067,34.1575,97695.5775,33.784,90641.396,32.6225,82645.8138,32.746,83860.391,32.7333,96136.1467,32.449,91317.1395
2863,20071101,600064.SH,34.0,35.65,33.79,34.51,33.95,0.56,1.65,142955.95,499669.188,6.4044,2.07,34.23,114505.295,33.7333,88371.9267,33.3725,81885.1125,32.884,80911.132,32.2412,77525.8438,32.583,81917.077,32.4207,92666.972,32.212,87238.4285
2864,20071031,600064.SH,32.76,34.48,32.76,33.95,32.74,1.21,3.7,86054.64,290501.043,3.8553,1.4,33.345,61079.915,32.9933,61528.1667,32.4775,65399.9275,31.812,69147.906,32.19,71247.6788,32.451,76577.592,32.2247,87185.6067,31.991,81453.863
2865,20071030,600064.SH,32.5,32.97,31.71,32.74,32.29,0.45,1.39,36105.19,116988.802,1.6175,0.51,32.515,49264.93,31.9867,58515.0233,31.2775,64921.2225,31.418,61297.878,32.1712,73770.0225,32.267,78161.146,32.122,88748.5393,31.7975,79128.9785
2866,20071029,600064.SH,33.3,33.38,31.78,32.29,30.93,1.36,4.4,62424.67,203040.643,2.7966,0.81,31.61,69719.94,30.79,74526.5667,31.0875,67596.05,31.346,71018.194,32.2275,80452.0113,32.368,97666.337,32.0613,89555.724,31.661,79216.191
2867,20071026,600064.SH,29.25,31.38,29.25,30.93,29.15,1.78,6.11,77015.21,234690.465,3.4503,0.93,30.04,80577.515,30.6867,69319.8433,31.11,73166.575,31.708,77079.386,32.205,85385.2,32.208,98883.522,32.004,91542.3873,31.5335,78381.1645
2868,20071025,600064.SH,31.8,31.8,29.02,29.15,31.98,-2.83,-8.85,84139.82,252861.101,3.7695,1.0,30.565,65472.16,31.17,71883.6967,31.9025,77095.43,32.282,82923.022,32.5575,104652.9363,32.189,98544.892,31.988,89347.5273,31.4915,77614.8335
2869,20071024,600064.SH,32.48,32.67,31.5,31.98,32.38,-0.4,-1.24,46804.5,150062.615,2.0968,0.49,32.18,65755.635,32.82,74747.3,33.065,82618.8225,33.09,84007.278,32.75,103460.0238,32.431,96204.457,32.0507,85555.8487,31.583,75648.782
2870,20071023,600064.SH,34.55,34.56,31.0,32.38,34.1,-1.72,-5.04,84706.77,276887.769,3.7949,0.68,33.24,88718.7,33.4267,94556.93,33.3675,93307.9725,33.116,95024.414,32.595,106813.075,32.474,102473.87,31.924,85072.6787,31.5445,75673.14
2871,20071022,600064.SH,33.3,35.5,32.8,34.1,33.8,0.3,0.89,92730.63,321255.61,4.1543,0.77,33.95,99482.01,33.6967,96175.04,33.3,97603.825,33.39,124314.48,32.4937,103816.6625,32.419,98824.489,31.766,81948.8567,31.55,74957.56
2872,20071019,600064.SH,33.05,34.98,32.73,33.8,33.19,0.61,1.84,106233.39,362042.183,4.7593,0.93,33.495,97897.245,33.0333,99228.2233,33.2125,132210.4425,32.708,120687.658,32.2825,105912.6625,32.152,98773.888,31.4753,78815.0907,31.4145,73239.926
2873,20071018,600064.SH,32.2,33.8,31.13,33.19,32.11,1.08,3.36,89561.1,291911.451,4.0123,0.83,32.65,95725.64,33.0167,140869.46,32.435,124301.225,32.096,114166.762,32.0362,98660.1088,31.841,92559.78,31.228,75845.4373,31.2755,70726.3245
2874,20071017,600064.SH,33.0,33.5,31.8,32.11,33.75,-1.64,-4.86,101890.18,332871.094,4.5647,0.93,32.93,166523.64,32.1833,135881.2667,31.8225,120318.1775,31.772,108401.636,31.8162,98993.0488,31.531,86330.134,31.0807,72862.6167,31.149,69411.688
2875,20071016,600064.SH,32.0,33.76,31.99,33.75,30.69,3.06,9.97,231157.1,775069.917,10.3558,3.15,32.22,152876.81,31.7267,126460.8433,31.6875,110029.5,31.832,109923.326,31.6387,91768.315,31.328,80096.811,31.0207,69222.7153,31.076,67814.777
2876,20071015,600064.SH,31.0,31.3,29.73,30.69,30.74,-0.05,-0.16,74596.52,227713.986,3.3419,0.97,30.715,74112.715,31.0,69653.6333,31.3525,79614.8825,31.448,73334.498,31.1812,66281.7575,30.954,60766.045,30.9367,58505.2533,30.8925,61435.1495
2877,20071012,600064.SH,31.55,31.93,29.01,30.74,31.57,-0.83,-2.63,73628.91,224924.315,3.2986,1.04,31.155,67182.19,31.5733,81287.67,31.6375,73018.9925,31.596,76860.118,31.105,61901.8113,30.859,57878.807,30.9833,57424.0153,31.012,62265.5605
2878,20071011,600064.SH,32.4,32.8,31.5,31.57,32.41,-0.84,-2.59,60735.47,193326.668,2.721,0.95,31.99,85117.05,31.9367,72815.6867,31.81,77667.92,31.586,70952.798,31.0137,57429.3775,30.794,56684.775,31.002,56246.1787,31.1525,63427.693
2879,20071010,600064.SH,32.45,33.98,32.0,32.41,31.83,0.58,1.82,109498.63,362632.1,4.9055,2.18,32.12,78855.795,31.89,83312.07,31.59,73507.13,31.29,64258.632,30.785,55552.9613,30.735,55093.107,30.9413,56415.0387,31.35,63785.941
2880,20071009,600064.SH,31.85,32.18,31.35,31.83,31.43,0.4,1.27,48212.96,153346.198,2.1599,1.0,31.63,70218.79,31.3167,61509.9633,31.01,52948.6325,30.824,50270.296,30.495,49576.7063,30.615,48872.41,30.824,53778.594,31.5245,61603.891
2881,20071008,600064.SH,31.0,31.97,30.72,31.43,30.69,0.74,2.41,92224.62,289606.208,4.1317,2.37,31.06,68158.465,30.7367,54527.19,30.5725,50784.63,30.46,48197.592,30.3887,49152.435,30.681,51090.631,30.7073,57468.7,31.752,65217.9195
2882,20070928,600064.SH,30.16,30.88,30.16,30.69,30.09,0.6,1.99,44092.31,134780.206,1.9753,1.04,30.39,35678.475,30.2867,36971.3,30.2175,37190.835,30.122,38897.496,30.3612,43535.815,30.677,47705.964,30.8173,57400.708,31.962,69942.5615
2883,20070927,600064.SH,30.19,30.69,29.85,30.09,30.08,0.01,0.03,27264.64,82148.86,1.2215,0.59,30.085,33410.795,30.06,34890.3433,29.98,37598.7925,30.002,42416.752,30.5862,46823.6725,30.71,48892.869,31.008,60919.3247,32.1365,73095.911
2884,20070926,600064.SH,30.0,31.19,29.59,30.08,30.01,0.07,0.23,39556.95,120758.092,1.7722,0.83,30.045,38703.195,29.9433,41043.51,29.98,46204.78,30.18,45927.582,30.7487,50712.8363,30.767,52493.242,31.37,63628.3773,32.324,75755.049
2885,20070925,600064.SH,29.65,30.68,29.34,30.01,29.74,0.27,0.91,37849.44,113753.972,1.6957,0.7,29.875,41786.79,29.9467,48420.7233,30.205,47520.24,30.406,47474.524,30.8662,52763.3875,30.824,55532.743,31.758,65381.756,32.498,78636.9215
2886,20070924,600064.SH,30.1,30.18,28.9,29.74,30.09,-0.35,-1.16,45724.14,134560.846,2.0484,0.81,29.915,53706.365,30.27,50743.84,30.505,49880.795,30.902,53983.67,30.9475,55940.7538,30.831,62104.254,32.1827,70891.362,32.7625,84055.5145
2887,20070921,600064.SH,31.2,31.33,29.6,30.09,30.98,-0.89,-2.87,61688.59,185095.856,2.7637,1.11,30.535,53253.69,30.76,51266.3467,31.1925,56048.5525,31.232,56514.432,31.0612,58969.2313,31.165,66652.314,32.5753,80290.9167,32.937,87635.9265
2888,20070920,600064.SH,31.27,31.68,30.71,30.98,31.21,-0.23,-0.74,44818.79,138914.749,2.0079,0.76,31.095,46055.225,31.56,54168.54,31.5175,55220.8925,31.418,55368.986,31.06,64203.7263,31.511,70170.611,32.848,83322.2973,33.132,91987.3515
2889,20070919,600064.SH,32.88,32.99,31.1,31.21,32.49,-1.28,-3.94,47291.66,150125.429,2.1187,0.74,31.85,58843.415,31.6967,58688.26,31.5275,58006.535,31.354,59058.902,31.3225,70001.97,31.965,72478.775,33.0387,85697.538,33.1855,95196.1815
2890,20070918,600064.SH,31.6,33.0,31.4,32.49,31.39,1.1,3.5,70395.17,227296.384,3.1537,1.0,31.94,64386.56,31.6333,61578.16,31.39,62000.7125,31.242,63590.962,31.615,76199.4575,32.434,74335.372,33.1953,89024.3873,33.2125,99469.9905
2891,20070917,600064.SH,30.8,31.8,30.6,31.39,31.02,0.37,1.19,58377.95,182441.335,2.6153,0.76,31.205,57169.655,31.0233,59202.56,30.93,61889.91,30.76,70224.838,31.9937,75887.615,32.823,79345.208,33.3827,94079.4627,33.1095,99430.0075
2892,20070914,600064.SH,30.66,31.31,30.45,31.02,30.66,0.36,1.17,55961.36,172600.138,2.5071,0.66,30.84,59614.865,30.7767,63060.5633,30.6025,73186.56,31.098,76790.196,32.5575,76822.575,33.247,92179.159,33.5053,98009.758,33.0135,98929.224
2893,20070913,600064.SH,30.68,30.75,29.9,30.66,30.65,0.01,0.03,63268.37,191540.715,2.8344,0.74,30.655,66610.165,30.4633,78928.2933,31.1175,81997.405,31.604,84972.236,33.2275,84889.0963,33.563,97298.953,33.7033,104193.4733,32.952,100507.3455
2894,20070912,600064.SH,29.9,30.78,29.61,30.65,30.08,0.57,1.89,69951.96,211426.68,3.1339,0.82,30.365,86758.255,31.27,88240.4167,31.84,90398.2025,32.576,85898.648,33.8487,100320.2325,33.881,99016.856,33.796,107241.9413,32.921,101028.5765
2895,20070911,600064.SH,33.15,33.38,30.0,30.08,33.08,-3.0,-9.07,103564.55,329627.353,4.6397,1.17,31.58,97384.645,32.2367,97213.6167,33.0575,89885.32,33.626,85079.782,34.29,104971.15,34.172,101741.1,33.8693,111429.6667,32.929,101555.373
2896,20070910,600064.SH,32.9,33.32,31.97,33.08,33.55,-0.47,-1.4,91204.74,296731.637,4.086,0.85,33.315,94038.15,34.05,85325.5767,34.5125,80458.59,34.886,88465.578,34.76,102081.5063,34.694,106006.775,33.8927,109165.064,32.889,100853.83
2897,20070907,600064.SH,35.5,35.5,33.01,33.55,35.52,-1.97,-5.55,96871.56,332552.528,4.3398,0.88,34.535,82385.995,34.99,76876.54,35.3375,87780.7875,35.396,107568.122,34.82,102830.2138,34.709,108619.539,33.652,106308.9,32.769,100227.897
2898,20070906,600064.SH,36.25,36.27,35.25,35.52,35.9,-0.38,-1.06,67900.43,241554.512,3.0419,0.61,35.71,66879.03,35.9333,84750.53,35.8575,110242.2625,35.522,109625.67,35.0387,108998.9313,34.753,113804.092,33.4013,105685.7153,32.6255,100093.3255
2899,20070905,600064.SH,36.25,36.75,35.39,35.9,36.38,-0.48,-1.32,65857.63,235733.377,2.9504,0.56,36.14,93175.58,35.97,124356.2067,35.5225,120056.98,35.186,112135.064,34.7525,115177.925,34.406,117913.588,33.036,106071.886,32.4385,102452.448
2900,20070904,600064.SH,36.0,37.15,35.35,36.38,35.63,0.75,2.11,120493.53,436881.759,5.3981,0.98,36.005,153605.495,35.3967,138123.43,35.0075,123704.4225,34.718,118402.418,34.5137,125535.3575,33.991,124604.609,32.6967,107047.2367,32.2575,108867.7395
2901,20070903,600064.SH,34.71,36.6,34.71,35.63,34.18,1.45,4.24,186717.46,671942.785,8.3649,1.7,34.905,146938.38,34.55,124774.72,34.3025,117879.64,34.502,123547.972,33.9725,124098.09,33.396,119514.807,32.2233,104983.2473,31.937,108448.8205
2902,20070831,600064.SH,33.89,34.28,33.0,34.18,33.84,0.34,1.0,107159.3,359469.527,4.8007,0.91,34.01,93803.35,33.86,94933.7,34.22,107755.6,34.022,109670.956,33.4875,117354.3875,32.78,105679.289,31.8933,97781.1553,31.6485,105471.9585
2903,20070830,600064.SH,33.72,34.38,33.28,33.84,33.56,0.28,0.83,80447.4,271511.41,3.604,0.65,33.7,88820.9,34.2333,107954.3667,33.9825,110298.87,33.984,117982.514,33.0187,112658.9138,32.341,103715.738,31.66,96915.8773,31.415,107010.5805
2904,20070829,600064.SH,34.8,35.28,33.3,33.56,35.3,-1.74,-4.93,97194.4,331101.355,4.3543,0.74,34.43,121707.85,34.03,120249.36,34.02,127366.2925,33.626,123692.112,32.4725,108648.2738,31.961,103040.297,31.5227,99224.9093,31.323,107197.596
2905,20070828,600064.SH,33.0,36.55,33.0,35.3,33.23,2.07,6.23,146221.3,517697.634,6.5507,1.27,34.265,131776.84,34.1733,137423.59,33.6425,130316.54,33.264,130806.8,32.0012,107439.4475,31.686,101369.646,31.4373,105689.5133,31.2645,109940.334
2906,20070824,600064.SH,34.31,34.66,33.19,33.23,33.99,-0.76,-2.24,117332.38,394349.296,5.2565,1.15,33.61,133024.735,33.09,125014.9533,32.755,126953.175,32.29,115481.642,31.3437,98373.4088,31.084,95700.885,31.082,103415.77,31.0585,107788.88
2907,20070823,600064.SH,32.6,34.78,32.11,33.99,32.05,1.94,6.05,148717.09,496856.762,6.6625,1.66,33.02,128856.24,32.5967,130160.1067,32.055,115018.9575,31.538,101687.622,31.0412,93767.8475,30.829,91836.255,30.8573,104072.2927,30.983,107713.3335
2908,20070822,600064.SH,31.39,32.35,31.12,32.05,31.75,0.3,0.94,108995.39,347919.304,4.883,1.32,31.9,120881.615,31.41,103786.2467,30.925,89930.255,30.698,89448.962,30.4525,86369.9225,30.498,86382.559,30.5587,103353.2693,30.8315,105514.8465
2909,20070821,600064.SH,30.51,32.3,30.51,31.75,30.43,1.32,4.34,132767.84,419842.867,5.948,1.85,31.09,101181.675,30.55,83575.21,30.36,84562.355,30.296,82388.482,30.2812,82581.2588,30.471,86991.308,30.5553,101699.424,30.734,107626.625
2910,20070820,600064.SH,30.1,30.78,29.73,30.43,29.47,0.96,3.26,69595.51,211408.624,3.1179,0.92,29.95,58978.895,29.8967,68493.86,29.9325,69793.6425,30.108,71932.492,30.1475,77757.795,30.524,93130.87,30.598,102984.8453,30.628,108769.06
2911,20070817,600064.SH,29.65,30.32,29.3,29.47,29.79,-0.32,-1.07,48362.28,143436.928,2.1666,0.59,29.63,67943.035,29.7667,69859.6867,30.0275,72516.7375,29.878,75920.128,30.3162,83443.7163,30.478,97382.834,30.648,105224.626,30.531,113045.1665
2912,20070816,600064.SH,29.7,30.53,29.05,29.79,30.04,-0.25,-0.83,87523.79,258006.928,3.9211,1.05,29.915,80608.39,30.2133,80568.2233,29.98,82809.59,30.12,81984.888,30.6675,101668.8638,30.517,105264.628,30.798,109721.904,30.434,115717.5365
2913,20070815,600064.SH,30.99,31.54,29.58,30.04,30.81,-0.77,-2.5,73692.99,225219.923,3.3014,0.8,30.425,77090.44,30.0433,81238.19,30.2025,80600.1625,30.298,83316.156,30.69,104742.7838,30.489,110305.423,30.876,110870.1413,30.4355,116835.4215
2914,20070814,600064.SH,29.29,31.1,29.2,30.81,29.28,1.53,5.23,80487.89,243152.639,3.6059,0.7,30.045,85010.79,30.2567,82902.5533,30.3625,85721.9475,30.646,91594.134,30.6675,111428.6875,30.685,111354.895,30.88,116039.3393,30.308,115749.8955
2915,20070813,600064.SH,30.0,30.28,29.0,29.28,30.68,-1.4,-4.56,89533.69,263457.428,4.0111,0.75,29.98,84109.885,30.2133,87466.6333,30.605,94370.695,30.94,114329.248,30.505,118609.1688,30.843,118511.022,30.8013,121047.916,30.094,115066.1215
2916,20070809,600064.SH,30.7,31.1,30.56,30.68,30.68,0.0,0.0,78686.08,242220.365,3.5251,0.61,30.68,86433.105,31.0467,95983.03,31.355,120528.1375,31.078,118845.54,30.845,117940.9213,31.033,119876.875,30.7487,125420.1793,30.066,112988.8315
2917,20070808,600064.SH,31.78,31.78,30.02,30.68,31.78,-1.1,-3.46,94180.13,289831.571,4.2193,0.69,31.23,104631.505,31.58,134475.49,31.1775,128885.405,30.914,128544.368,31.0587,127111.3063,31.137,123590.412,30.5387,126961.7527,30.0045,112522.6345
2918,20070807,600064.SH,32.55,32.73,31.44,31.78,32.28,-0.5,-1.55,115082.88,366985.272,5.1557,0.88,32.03,154623.17,31.3433,140453.83,30.9725,137135.4275,30.68,137294.69,31.1212,128237.8175,31.165,124647.134,30.4813,128008.51,29.982,112829.1065
2919,20070806,600064.SH,31.6,32.9,31.6,32.28,29.97,2.31,7.71,194163.46,626080.218,8.6985,1.58,31.125,153139.305,30.7033,144486.2767,30.405,142847.6425,30.724,131115.656,31.1137,128330.1388,30.997,128261.942,30.1953,123801.816,29.8195,112148.8035
2920,20070803,600064.SH,30.1,30.5,29.2,29.97,29.86,0.11,0.37,112115.15,333550.963,5.0228,0.93,29.915,119647.685,29.78,125742.37,30.335,115353.705,30.746,122692.796,30.9487,117153.125,30.732,124407.25,29.812,115311.746,29.6695,107077.557
2921,20070802,600064.SH,29.61,30.29,28.66,29.86,29.51,0.35,1.19,127180.22,377343.907,5.6977,1.07,29.685,132555.98,30.4567,116433.2233,30.94,125337.2075,30.988,120908.21,30.965,122042.6013,30.584,128707.499,29.7287,111036.5953,29.594,108481.063
2922,20070801,600064.SH,32.12,32.68,29.3,29.51,32.0,-2.49,-7.78,137931.74,424835.276,6.1793,1.23,30.755,111059.725,31.3,124722.87,31.27,119340.2075,31.36,118636.456,30.9362,125597.1413,30.351,126170.445,29.7013,107182.0567,29.4345,106050.8335
2923,20070731,600064.SH,32.0,32.69,31.51,32.0,32.39,-0.39,-1.2,84187.71,269355.37,3.7716,0.67,32.195,118118.435,31.8567,113143.03,31.8225,113812.635,31.65,111999.578,30.8087,127745.3788,30.382,123365.42,29.7493,104673.912,29.4405,104530.8455
2924,20070730,600064.SH,31.18,32.96,30.59,32.39,31.18,1.21,3.88,152049.16,483274.251,6.8118,1.21,31.785,127620.69,31.7633,123687.61,31.5625,118952.545,31.27,125408.228,30.25,129948.125,29.931,120144.896,29.518,105826.5193,29.3205,105428.6825
2925,20070727,600064.SH,31.4,31.4,30.5,31.18,31.72,-0.54,-1.7,103192.22,319351.994,4.623,0.76,31.45,109506.835,31.2867,107920.34,30.99,118747.995,30.718,126121.704,29.9287,124677.1662,29.345,111621.221,29.3107,101872.4773,29.1145,102995.116
2926,20070726,600064.SH,31.1,32.5,31.1,31.72,30.96,0.76,2.45,115821.45,368165.808,5.1888,0.87,31.34,110284.4,30.9267,123933.2533,30.6025,131854.075,30.18,136506.788,29.4675,118275.9475,29.099,106100.788,29.1293,104338.6807,28.9595,104414.245
2927,20070725,600064.SH,30.13,31.3,30.12,30.96,30.1,0.86,2.86,104747.35,321746.898,4.6927,0.78,30.53,127989.155,30.23,137198.2833,29.795,141678.1225,29.342,133704.434,28.8187,112149.8175,28.872,101454.857,28.7927,101855.626,28.896,104729.679
2928,20070724,600064.SH,30.25,30.99,29.9,30.1,29.63,0.47,1.59,151230.96,460164.963,6.7752,1.32,29.865,153423.75,29.4067,153988.38,28.9375,140943.705,29.114,134731.262,28.5387,105054.885,28.799,101011.079,28.704,102041.268,29.0395,108142.6165
2929,20070723,600064.SH,28.6,29.98,28.0,29.63,28.49,1.14,4.0,155616.54,455144.195,6.9716,1.6,29.06,155367.09,28.55,137514.62,28.8675,130606.3375,28.592,114881.564,28.4575,94821.2825,28.642,96035.665,28.6707,98768.834,29.106,110725.8035
2930,20070720,600064.SH,28.83,29.2,27.53,28.49,27.53,0.96,3.49,155117.64,439585.932,6.9493,2.05,28.01,128463.66,28.6133,122269.6033,28.3325,104697.82,27.972,97120.738,28.5325,87907.9113,28.607,89747.864,28.58,95286.2533,29.308,112450.334
2931,20070719,600064.SH,29.59,29.59,27.15,27.53,29.82,-2.29,-7.68,101809.68,284515.934,4.5611,1.47,28.675,105845.585,28.28,87891.2133,27.8425,82621.5125,28.018,75694.788,28.5375,81202.8088,28.604,88254.627,28.5527,93716.7307,29.754,112440.974
2932,20070718,600064.SH,28.0,29.88,27.9,29.82,27.49,2.33,8.48,109881.49,318034.157,4.9227,1.63,28.655,80931.98,27.9467,76225.4567,28.14,69166.065,28.402,69205.28,28.7562,80068.915,28.518,85931.222,28.7473,95071.4273,30.3085,115207.545
2933,20070717,600064.SH,26.16,27.89,26.11,27.49,26.53,0.96,3.62,51982.47,141515.036,2.3288,0.67,27.01,59397.44,27.58,55594.2567,28.0475,59036.2275,28.484,67290.896,28.5862,83856.8875,28.499,85696.271,29.0147,99279.7347,30.7255,119742.639
2934,20070716,600064.SH,28.5,28.72,26.5,26.53,28.72,-2.19,-7.63,66812.41,182428.445,2.9932,0.81,27.625,57400.15,28.2333,61387.48,28.7325,71118.0025,28.692,77189.766,28.4837,87181.0325,28.71,90712.469,29.2773,109340.55,31.4135,134839.2325
2935,20070713,600064.SH,29.2,29.65,28.1,28.72,29.45,-0.73,-2.48,47987.89,137170.889,2.1499,0.48,29.085,58675.015,29.4667,72553.2,29.2325,79784.105,29.242,82374.99,28.8712,92270.9788,28.884,94369.011,29.7533,117560.1993,31.962,137848.9895
2936,20070712,600064.SH,30.35,31.23,29.4,29.45,30.23,-0.78,-2.58,69362.14,208126.343,3.1074,0.68,29.84,84835.855,29.4033,90382.8433,29.3725,90971.765,29.19,100814.466,28.9812,99040.5488,28.82,102727.702,30.3327,124689.7027,32.3785,141713.386
2937,20070711,600064.SH,28.7,30.5,28.55,30.23,28.53,1.7,5.96,100309.57,295989.844,4.4939,0.96,29.38,100893.195,29.3467,98174.9733,29.125,108677.5475,28.634,102657.164,28.8337,103292.51,28.92,108004.501,30.944,130541.6333,32.769,149768.86
2938,20070710,600064.SH,29.31,29.99,27.9,28.53,29.28,-0.75,-2.56,101476.82,294128.099,4.5462,0.97,28.905,97107.675,28.7567,111466.8733,28.235,103244.0625,28.514,104101.646,28.565,107200.6638,29.28,115274.154,31.4727,137226.5533,33.021,152399.6425
2939,20070709,600064.SH,29.01,29.57,28.5,29.28,28.46,0.82,2.88,92738.53,270293.365,4.1547,0.87,28.87,116461.9,28.1367,103833.1433,28.51,104757.8525,28.728,104235.172,28.805,109782.3275,29.57,125415.942,32.3207,154055.7213,33.3555,158219.9
2940,20070706,600064.SH,26.3,28.86,24.48,28.46,26.67,1.79,6.71,140185.27,375687.043,6.2803,1.34,27.565,109380.45,28.2533,108764.2933,28.59,107109.3325,28.526,106363.032,29.3737,119815.7738,30.009,135152.804,32.8687,156340.3227,33.4925,160537.1905
2941,20070705,600064.SH,28.5,29.5,26.67,26.67,29.63,-2.96,-9.99,78575.63,218176.371,3.5202,0.69,28.15,93053.805,28.6333,96084.02,28.5425,97907.4725,28.45,104640.938,29.745,127654.4525,30.904,136627.321,33.4413,155346.3593,33.6635,163671.2785
2942,20070704,600064.SH,30.7,31.5,29.2,29.63,29.6,0.03,0.1,107531.98,329045.282,4.8174,0.85,29.615,104838.215,29.1667,104351.42,28.895,111157.265,29.206,113351.838,30.62,141595.8925,32.099,144483.868,34.1473,165472.7587,33.88,169069.4645
2943,20070703,600064.SH,28.59,29.9,28.11,29.6,28.27,1.33,4.7,102144.45,297130.492,4.5761,0.7,28.935,102761.14,28.65,112365.6933,29.1,114806.8025,30.046,126446.662,31.5925,147520.7,32.952,153789.007,34.5233,168498.9747,33.808,172197.794
2944,20070702,600064.SH,28.33,29.0,26.18,28.27,28.08,0.19,0.68,103377.83,287080.513,4.6313,0.63,28.175,117476.315,28.9333,119027.5867,30.1575,132522.215,30.412,146596.712,32.72,154395.2813,34.117,178965.996,34.898,176214.8093,33.6825,179287.854
2945,20070629,600064.SH,28.68,30.0,28.0,28.08,30.45,-2.37,-7.78,131574.8,378749.256,5.8946,0.78,29.265,126852.465,30.7867,142237.01,30.9475,157401.4325,31.492,163942.576,33.9562,166545.9738,35.04,181328.968,35.148,178595.2433,33.572,182767.1445
2946,20070628,600064.SH,33.0,33.38,30.45,30.45,33.83,-3.38,-9.99,122130.13,387608.617,5.4714,0.7,32.14,147568.115,31.9033,166010.31,32.345,172034.52,33.358,168613.704,35.6025,194338.4163,35.937,180699.07,35.4013,183348.0587,33.6025,184539.9235
2947,20070627,600064.SH,32.01,34.52,31.1,33.83,31.43,2.4,7.64,173006.1,560479.126,7.7507,0.96,32.63,187950.4,32.9767,188669.3167,34.085,180234.5975,34.992,175615.898,36.4837,194948.0938,36.618,191533.219,35.438,187642.0067,33.658,187810.757
2948,20070626,600064.SH,30.95,32.0,30.3,31.43,33.67,-2.24,-6.65,202894.7,622009.506,9.0897,0.96,32.55,196500.925,34.17,182644.0967,35.2825,176268.3475,35.858,181131.352,36.8862,188981.8087,36.762,189525.131,35.062,187448.1713,33.6765,185613.5985
2949,20070625,600064.SH,38.88,38.88,33.67,33.67,37.41,-3.74,-10.0,190107.15,663096.543,8.5168,0.96,35.54,172518.795,36.5667,167392.8967,36.965,175690.515,37.822,211335.28,37.615,192428.9237,37.141,191023.858,34.7727,190184.9013,34.005,180457.6785
2950,20070622,600064.SH,39.1,39.74,37.03,37.41,38.62,-1.21,-3.13,154930.44,592334.488,6.9409,0.8,38.015,156035.77,38.0633,170884.97,38.86,216642.3125,38.588,198715.36,37.815,187781.1825,36.976,185921.577,34.2653,189042.0007,34.144,176271.769
2951,20070621,600064.SH,38.71,39.35,36.5,38.62,38.16,0.46,1.21,157141.1,591663.699,7.0399,0.76,38.39,178862.235,39.3433,237212.9367,38.8825,209661.59,38.516,192784.436,37.5412,195650.1237,36.423,190715.236,33.684,189848.6633,34.1165,174214.3525
2952,20070620,600064.SH,41.85,41.85,37.3,38.16,41.25,-3.09,-7.49,200583.37,811993.163,8.9861,1.01,39.705,277248.855,38.97,227168.42,38.49,201695.27,38.244,207450.54,36.7162,193393.0287,35.661,193655.061,33.2133,191875.71,33.9335,172005.638
2953,20070619,600064.SH,41.25,41.25,39.0,41.25,37.5,3.75,10.0,353914.34,1430585.343,15.8554,2.07,39.375,240460.945,38.6,202065.9033,38.265,209167.3325,37.666,197918.91,35.9312,193678.4863,34.664,190606.581,32.9493,187107.6807,33.7675,170660.7275
2954,20070618,600064.SH,37.6,38.98,37.06,37.5,37.05,0.45,1.21,127007.55,480232.427,5.6899,0.73,37.275,126141.685,37.27,160918.33,36.77,158920.0525,36.46,170712.436,34.65,172756.6125,33.248,179609.712,32.7327,170165.1447,33.383,160981.3295
2955,20070615,600064.SH,36.45,38.38,36.01,37.05,37.26,-0.21,-0.56,125275.82,467956.469,5.6124,0.66,37.155,177873.72,36.5267,169557.5533,36.2,181638.6575,35.364,173127.794,33.4862,178142.99,32.104,184205.321,32.6627,168790.572,33.0335,158837.2895
2956,20070614,600064.SH,34.91,38.45,33.5,37.26,35.27,1.99,5.64,230471.62,825784.856,10.3251,1.28,36.265,191698.42,35.9167,200426.27,34.9425,185090.7875,34.33,188646.036,32.2412,192976.7188,31.268,188380.777,32.65,168024.3247,32.568,156446.314
2957,20070613,600064.SH,35.98,36.2,34.69,35.27,35.22,0.05,0.14,152925.22,543491.915,6.8511,0.83,35.245,185403.595,34.17,169963.8433,33.5975,178189.64,33.078,179859.582,30.8412,185788.2213,30.698,184088.295,32.4967,160190.6707,32.0915,149727.365
2958,20070612,600064.SH,32.75,35.22,31.0,35.22,32.02,3.2,9.99,217881.97,729585.202,9.7611,1.16,33.62,178483.155,33.04,186611.1133,32.53,186593.1725,31.662,183294.252,30.0187,187551.3662,30.591,181702.066,32.468,161574.6667,31.6535,149889.948
2959,20070611,600064.SH,32.1,34.18,31.88,32.02,31.88,0.14,0.44,139084.34,456422.914,6.231,0.71,31.95,170975.685,31.6333,176163.5733,30.7725,174647.3225,30.036,188506.988,29.5612,183759.47,30.869,169891.499,32.3573,157737.6273,31.2255,142689.117
2960,20070608,600064.SH,30.88,32.49,29.7,31.88,31.0,0.88,2.84,202867.03,628007.818,9.0884,1.08,31.44,194703.19,30.3567,186501.65,29.54,200862.65,28.844,195282.848,29.8337,182506.7937,31.312,166621.961,32.2567,154073.788,30.973,140139.764
2961,20070607,600064.SH,28.23,31.0,28.23,31.0,28.19,2.81,9.97,186539.35,556004.481,8.357,0.99,29.595,178318.96,28.76,200194.5233,28.085,193386.8025,28.206,188115.518,30.5987,169620.4525,31.81,157713.469,31.9807,145713.0733,30.7265,136012.6235
2962,20070606,600064.SH,26.5,29.3,25.5,28.19,27.09,1.1,4.06,170098.57,472688.244,7.6204,0.94,27.64,207022.11,27.1133,195669.2867,27.5075,188509.56,28.318,188317.008,31.28,159601.6537,32.206,150356.215,31.7627,139683.2927,30.5795,135714.7745
2963,20070605,600064.SH,25.9,27.2,23.45,27.09,26.06,1.03,3.95,243945.65,605370.12,10.9288,1.61,26.575,208454.645,27.28,194646.5567,28.35,192871.6175,29.52,180109.88,32.3637,152562.0962,32.871,150714.874,31.6507,138755.18,30.6035,133970.9715
2964,20070604,600064.SH,30.08,30.53,25.88,26.06,28.69,-2.63,-9.17,172963.64,480188.733,7.7488,1.25,27.375,169997.01,28.77,175846.94,30.1275,164150.9375,31.702,151276.01,33.3475,136189.7412,33.518,142352.947,31.622,127416.4933,30.552,129191.7275
2965,20070601,600064.SH,31.56,32.97,28.44,28.69,31.56,-2.87,-9.09,167030.38,512482.061,7.483,1.31,30.125,177288.59,31.4833,161213.37,33.1125,145854.1025,33.78,137961.074,34.445,136279.9312,33.963,133469.258,31.6827,121758.736,30.4335,126491.8505
2966,20070531,600064.SH,32.2,33.59,30.78,31.56,34.2,-2.64,-7.72,187546.8,595822.248,8.4021,1.67,32.88,158304.865,34.5867,138795.3433,35.0525,130693.7475,35.414,127311.42,35.0537,135441.9312,33.868,124511.851,31.5667,118644.992,30.086,124615.908
2967,20070530,600064.SH,34.2,36.55,34.2,34.2,38.0,-3.8,-10.0,129062.93,453705.612,5.782,1.06,36.1,114419.615,36.2167,111742.73,36.3775,112252.575,36.094,112395.422,34.9225,122514.425,33.485,115366.435,31.3333,118180.6967,29.603,120531.8525
2968,20070529,600064.SH,36.41,38.5,35.9,38.0,36.45,1.55,4.25,99776.3,371741.171,4.47,0.75,37.225,103082.63,37.1033,106649.1233,36.5675,108228.545,36.222,121319.868,34.115,116063.5975,32.716,118077.83,30.9647,118591.3353,28.9875,118645.452
2969,20070528,600064.SH,37.5,38.0,36.0,36.45,36.86,-0.41,-1.11,106388.96,391195.819,4.7662,0.82,36.655,110085.535,36.09,111045.96,35.7775,126705.76,35.334,133429.884,32.8312,115603.14,31.582,115486.735,30.1687,121830.3,28.122,118342.1455
2970,20070525,600064.SH,34.75,37.5,33.9,36.86,34.96,1.9,5.43,113782.11,409626.216,5.0974,0.93,35.91,113374.46,35.5533,133478.0267,35.055,140190.115,34.146,128977.442,31.5887,121826.63,30.634,113657.567,29.318,122668.776,27.276,118641.024
2971,20070524,600064.SH,34.84,36.0,33.0,34.96,34.84,0.12,0.34,112966.81,392077.89,5.0609,0.95,34.9,143325.985,34.4533,148992.7833,33.4675,132776.275,32.322,121712.282,30.3137,116837.035,29.643,114311.778,28.31,123717.404,26.4905,119752.4025
2972,20070523,600064.SH,34.33,36.59,32.7,34.84,33.56,1.28,3.81,173685.16,590872.889,7.7811,1.51,34.2,167005.77,32.97,139379.43,31.6625,123898.65,30.876,118337.448,29.315,113728.3437,28.953,121073.334,27.4393,123243.996,25.733,120470.679
2973,20070522,600064.SH,33.56,33.56,32.5,33.56,30.51,3.05,10.0,160326.38,537783.932,7.1826,1.64,32.035,122226.565,30.6033,107303.1467,29.885,104500.52,29.21,114835.792,28.3287,107058.2262,28.336,117227.069,26.576,117753.98,24.9605,116812.332
2974,20070521,600064.SH,27.15,30.51,27.08,30.51,27.74,2.77,9.99,84126.75,250378.605,3.7689,0.86,29.125,80791.53,28.66,85891.9,28.1225,103463.145,27.83,97543.586,27.6412,109590.225,27.586,116030.508,25.718,113312.8993,24.221,112973.587
2975,20070518,600064.SH,27.02,28.3,27.02,27.74,27.73,0.01,0.04,77456.31,216041.64,3.47,0.72,27.735,86774.475,27.3267,109908.61,27.16,100897.795,27.122,98337.692,27.4112,115977.195,26.904,119514.443,24.986,115195.5513,23.653,114305.594
2976,20070517,600064.SH,26.53,28.5,26.53,27.73,26.51,1.22,4.6,96092.64,267160.841,4.305,0.78,27.12,126134.76,26.9667,108711.6233,26.9675,103558.0375,26.964,106911.274,27.2012,124840.2525,26.304,124719.965,24.5467,119099.1093,23.1955,115440.772
2977,20070516,600064.SH,25.49,26.66,24.81,26.51,26.66,-0.15,-0.56,156176.88,402583.374,6.9967,1.31,26.585,115021.115,26.7133,106046.5033,26.7725,109615.9325,27.03,123809.22,26.6962,127699.435,25.721,125697.27,24.0187,121181.756,22.747,117243.371
2978,20070514,600064.SH,26.39,27.22,26.08,26.66,26.97,-0.31,-1.15,73865.35,197511.362,3.3092,0.55,26.815,80981.315,26.86,94095.6167,27.16,115717.305,27.462,119618.346,26.1,124366.2662,25.259,119213.074,23.544,117471.1787,22.36,117595.0215
2979,20070511,600064.SH,26.69,27.48,26.12,26.97,26.95,0.02,0.07,88097.28,237215.597,3.9468,0.63,26.96,104210.75,27.3267,129667.9567,27.6625,131056.595,27.342,134517.43,25.505,128366.3087,24.662,121197.556,23.018,118116.9207,21.891,118067.69
2980,20070510,600064.SH,27.65,27.65,26.52,26.95,28.06,-1.11,-3.96,120324.22,323271.555,5.3905,0.84,27.505,150453.295,27.8933,145376.3667,27.435,146122.4675,26.686,140691.194,24.87,128771.0137,23.918,123624.481,22.4967,119628.228,21.3605,116557.196
2981,20070509,600064.SH,28.68,29.71,26.1,28.06,28.67,-0.61,-2.13,180582.37,499789.438,8.0901,1.42,28.365,157902.44,27.5967,154721.8833,26.62,145782.9375,25.644,142528.656,24.0875,125444.2575,23.338,125193.027,21.9393,118283.938,20.838,115066.075
2982,20070508,600064.SH,28.28,28.67,27.36,28.67,26.06,2.61,10.02,135222.51,385763.057,6.058,1.14,27.365,141791.64,26.14,134183.1267,25.04,133015.2275,24.412,127585.32,23.0212,116917.2775,22.513,119868.024,21.3193,115054.7547,20.255,111242.0335
2983,20070430,600064.SH,24.5,26.06,24.31,26.06,23.69,2.37,10.0,148360.77,382439.638,6.6466,1.38,24.875,133663.435,23.83,132279.4667,23.3475,125676.0225,23.056,118807.802,22.0812,117015.6737,21.585,116397.595,20.6593,116920.58,19.6115,107747.9365
2984,20070427,600064.SH,22.82,23.69,22.22,23.69,21.54,2.15,9.98,118966.1,277415.127,5.3297,1.12,22.715,124238.815,22.4433,118114.44,22.305,111419.56,21.982,107877.682,21.3,114387.12,20.856,109916.666,20.074,112584.4433,19.0805,102289.248
2985,20070425,600064.SH,21.72,21.91,20.7,21.74,21.9,-0.16,-0.73,129511.53,275100.192,5.8021,1.2,21.82,117688.61,21.8433,108904.0467,21.555,105105.5775,21.15,106557.768,20.7625,112081.135,20.402,109096.745,19.5853,108512.53,18.6595,99204.31
2986,20070424,600064.SH,21.79,22.79,21.7,21.9,21.89,0.01,0.05,105865.69,234690.17,4.7428,0.94,21.895,98600.305,21.4933,96970.26,21.0025,100819.3275,21.032,107857.398,20.3912,106336.1287,20.087,106161.579,19.236,105911.8813,18.36,96451.365
2987,20070423,600064.SH,21.57,22.3,21.21,21.89,20.69,1.2,5.8,91334.92,198881.147,4.0918,0.8,21.29,92522.545,20.7033,99137.2067,20.815,108355.325,20.614,112150.728,20.0475,106948.7787,19.773,108789.472,18.8693,105794.2713,18.07,94498.035
2988,20070420,600064.SH,19.75,20.9,19.71,20.69,19.53,1.16,5.94,93710.17,191158.156,4.1982,0.84,20.11,103038.35,20.4567,114028.7933,20.295,117354.68,20.114,113987.388,19.635,108051.8975,19.461,115976.969,18.4633,104061.3147,17.7645,92851.6795
2989,20070419,600064.SH,21.08,21.08,19.08,19.53,21.15,-1.62,-7.66,112366.53,226523.411,5.034,1.01,20.34,124188.105,20.1633,125236.1833,19.97,119056.6925,19.73,111955.65,19.3937,112856.2037,19.12,114937.824,18.1133,100426.4367,17.4835,91550.2845
2990,20070418,600064.SH,20.0,21.56,19.96,21.15,19.81,1.34,6.76,136009.68,281967.512,6.0932,1.3,20.48,131671.01,20.1167,121286.7467,19.78,111852.93,19.654,111635.722,19.2987,119211.6237,18.803,109489.911,17.8293,96753.1573,17.282,88486.0165
2991,20070417,600064.SH,19.55,19.95,18.61,19.81,19.39,0.42,2.17,127332.34,245232.326,5.7045,1.21,19.6,113925.28,19.3233,103800.68,19.28,105542.2325,19.142,104465.76,18.815,112625.2537,18.338,104939.123,17.4693,92649.354,16.9975,83703.152
2992,20070416,600064.SH,18.88,19.75,18.8,19.39,18.77,0.62,3.3,100518.22,194305.415,4.5032,0.85,19.08,92034.85,19.1033,98278.8633,18.975,98749.115,18.932,105428.216,18.3837,103944.6362,17.997,102616.043,17.222,88613.804,16.782,79663.3855
2993,20070413,600064.SH,19.19,19.47,18.6,18.77,19.15,-0.38,-1.98,83551.48,159161.483,3.7431,0.71,18.96,97159.185,18.8367,98159.4133,18.8175,106655.715,18.808,117966.55,18.0225,102692.5837,17.638,99098.278,16.9813,85806.4433,16.5925,78569.973
2994,20070412,600064.SH,18.6,19.5,18.32,19.15,18.59,0.56,3.01,110766.89,211187.884,4.9624,1.03,18.87,105463.38,18.8333,114357.1267,18.8175,126570.3175,18.51,117919.998,17.7262,105261.3412,17.305,94661.83,16.7347,84748.496,16.429,81582.101
2995,20070411,600064.SH,18.7,18.76,18.02,18.59,18.76,-0.17,-0.91,100159.87,184485.842,4.4872,0.95,18.675,116152.245,18.7067,131838.1267,18.35,119708.275,17.952,107344.1,17.3075,99583.0512,16.917,89311.875,16.4913,80769.448,16.231,81343.441
2996,20070410,600064.SH,18.9,19.05,17.8,18.76,18.77,-0.01,-0.05,132144.62,243807.106,5.9201,1.32,18.765,147677.255,18.27,126224.41,17.7925,109140.1575,17.534,105412.486,16.9137,91961.4425,16.633,86741.151,16.2827,76782.2827,16.014,79447.8795
2997,20070409,600064.SH,17.41,19.01,17.41,18.77,17.28,1.49,8.62,163209.89,304932.047,7.3118,2.03,18.025,123264.305,17.47,101472.0033,17.2275,98729.4525,17.062,99803.87,16.4775,82601.7825,16.367,80206.598,16.0653,71075.1087,15.8195,77064.067
2998,20070406,600064.SH,16.15,17.55,16.13,17.28,16.36,0.92,5.62,83318.72,142899.866,3.7327,1.17,16.82,70603.06,16.7133,77235.9733,16.635,83952.365,16.468,80230.006,16.1,71507.125,16.068,69726.39,15.854,65437.7807,15.6,72074.27
2999,20070405,600064.SH,16.49,16.49,16.12,16.36,16.5,-0.14,-0.85,57887.4,94371.037,2.5934,0.81,16.43,74194.6,16.42,84163.58,16.265,79457.8275,16.1,71403.662,15.9525,69442.1712,15.847,68162.745,15.7353,69469.4687,15.4595,71007.1625
3000,20070404,600064.SH,16.34,16.95,16.06,16.5,16.4,0.1,0.61,90501.8,149947.122,4.0545,1.33,16.45,97301.67,16.2333,86647.97,16.035,74782.7275,15.882,71279.65,15.88,69507.2225,15.761,67482.122,15.6573,72676.5547,15.3515,71247.263
3001,20070403,600064.SH,15.79,16.5,15.65,16.4,15.8,0.6,3.8,104101.54,166073.586,4.6638,1.72,16.1,84721.055,15.88,69543.0367,15.7275,66474.1125,15.732,68069.816,15.7012,66654.7812,15.657,62467.181,15.5073,70793.0107,15.225,70502.774
3002,20070402,600064.SH,15.47,15.96,15.4,15.8,15.44,0.36,2.33,65340.57,102728.136,3.1836,1.1,15.62,52263.785,15.5033,53931.6367,15.565,59061.885,15.672,60609.326,15.5887,60027.235,15.567,56710.728,15.4053,69484.1327,15.079,68011.1075
3003,20070330,600064.SH,15.51,15.73,15.23,15.44,15.27,0.17,1.11,39187.0,60588.93,1.9093,0.6,15.355,48227.17,15.4867,56968.99,15.64,59426.515,15.668,59222.774,15.5462,56903.7125,15.547,58041.668,15.3107,69355.6913,14.9505,67350.7415
3004,20070329,600064.SH,15.8,15.8,15.2,15.27,15.75,-0.48,-3.05,57267.34,88303.833,2.7902,0.9,15.51,65859.985,15.7067,66173.02,15.725,64231.7175,15.594,64921.828,15.5537,57822.4637,15.553,68502.372,15.246,70874.996,14.827,70064.5605
3005,20070328,600064.SH,16.09,16.36,14.88,15.75,16.1,-0.35,-2.17,74452.63,117081.939,3.6275,1.31,15.925,70625.86,15.8767,66553.1767,15.675,66835.45,15.64,63684.594,15.595,60495.2925,15.545,73375.007,15.1747,71236.4673,14.7265,72218.5
3006,20070327,600064.SH,15.78,16.38,15.51,16.1,15.78,0.32,2.03,66799.09,106781.777,3.2546,1.26,15.94,62603.45,15.65,64296.39,15.6125,60992.585,15.582,56864.546,15.5637,69162.9687,15.395,72154.608,15.056,71313.76,14.6755,71692.0235
3007,20070326,600064.SH,15.3,15.9,15.3,15.78,15.07,0.71,4.71,58407.81,91667.823,2.8458,1.03,15.425,63045.04,15.45,59057.0833,15.4525,54380.91,15.462,52812.13,15.45,74062.2937,15.272,73921.536,14.8813,70478.368,14.59,72744.821
3008,20070323,600064.SH,15.48,15.53,14.7,15.07,15.5,-0.43,-2.77,67682.27,102152.63,3.2977,0.94,15.285,59381.72,15.3433,53038.61,15.3825,51413.21,15.426,56860.562,15.2587,74542.3975,15.132,74422.15,14.7113,70060.064,14.518,75212.6065
3009,20070322,600064.SH,15.6,15.95,15.45,15.5,15.46,0.04,0.26,51081.17,80185.443,2.4888,0.61,15.48,45716.78,15.4867,45990.19,15.515,54155.135,15.512,72082.916,15.2337,76640.66,15.072,73851.58,14.5713,71778.8047,14.432,75599.2445
3010,20070321,600064.SH,15.55,15.63,15.33,15.46,15.5,-0.04,-0.26,40352.39,62393.895,1.9661,0.46,15.48,43444.7,15.52,55179.79,15.515,77333.3525,15.45,83065.42,15.0937,78182.2575,14.942,75012.404,14.422,75063.1353,14.2925,75242.839
3011,20070320,600064.SH,15.65,15.75,15.27,15.5,15.6,-0.1,-0.64,46537.01,72224.308,2.2674,0.49,15.55,62593.49,15.5333,89660.34,15.4475,93743.6775,15.208,87444.67,14.97,80885.28,14.793,78538.367,14.3733,76634.516,14.1455,76106.606
3012,20070319,600064.SH,15.0,16.0,14.86,15.6,15.5,0.1,0.65,78649.97,122764.27,3.832,0.86,15.55,111222.005,15.43,109479.2333,15.135,97671.585,15.082,95030.942,14.8075,82904.33,14.591,79311.487,14.2993,79389.0513,13.982,76856.2235
3013,20070316,600064.SH,15.62,16.25,15.0,15.5,15.19,0.31,2.04,143794.04,225637.425,7.006,1.9,15.345,124893.865,14.98,104012.1233,14.9525,99126.185,14.838,91983.738,14.6037,82524.5862,14.354,76659.815,14.2153,81329.9547,13.807,76163.2835
3014,20070315,600064.SH,14.22,15.28,14.0,15.19,14.25,0.94,6.6,105993.69,154446.678,5.1643,1.58,14.72,84121.165,14.77,84236.9,14.6725,79031.1625,14.632,75620.244,14.3512,71333.8575,14.101,71626.749,14.072,76771.354,13.616,72234.552
3015,20070314,600064.SH,14.58,14.6,13.5,14.25,14.87,-0.62,-4.17,62248.64,88906.245,3.0329,0.89,14.56,73358.505,14.5,70043.6533,14.4925,68026.8825,14.434,66959.388,14.1062,64601.3025,13.908,71061.993,13.9067,72635.312,13.4235,69497.5075
3016,20070313,600064.SH,14.39,14.88,14.39,14.87,14.38,0.49,3.41,84468.37,124048.732,4.1155,1.33,14.625,73941.16,14.5733,69952.9633,14.48,68137.075,14.378,69632.064,13.9462,68503.145,13.956,71229.439,13.7913,72327.2513,13.2745,70072.509
3017,20070309,600064.SH,14.45,14.76,14.36,14.38,14.47,-0.09,-0.62,63413.95,92295.091,3.0897,1.03,14.425,62695.26,14.35,62693.31,14.255,65922.9875,14.1,63592.032,13.745,70487.865,13.908,71568.106,13.6153,70797.984,13.1365,70006.1745
3018,20070308,600064.SH,14.21,14.51,13.86,14.47,14.2,0.27,1.9,61976.57,88220.068,3.0197,0.92,14.335,62332.99,14.2133,66759.3333,14.03,63636.5525,13.87,61335.892,13.7887,70551.5087,13.904,76003.063,13.4633,70889.7987,13.027,73773.398
3019,20070307,600064.SH,14.06,14.34,13.9,14.2,13.97,0.23,1.65,62689.41,88870.01,3.0544,0.83,14.085,69150.715,13.8833,64189.88,13.72,61175.7225,13.57,67633.254,13.7787,73786.3175,13.792,77346.909,13.2773,71105.988,12.9115,76721.6235
3020,20070306,600064.SH,13.4,14.15,13.2,13.97,13.48,0.49,3.64,75612.02,104553.508,3.684,1.04,13.725,64940.115,13.56,60671.16,13.4125,68869.215,13.382,75164.598,13.7962,79420.5812,13.643,75473.274,13.0867,70343.5473,12.8245,81865.4345
3021,20070305,600064.SH,13.19,13.68,12.83,13.48,13.23,0.25,1.89,54268.21,72111.665,2.6441,0.68,13.355,53200.73,13.2267,66621.6133,13.235,75052.7425,13.534,72826.814,13.7187,79395.9575,13.498,73674.845,12.9067,70219.324,12.7,83397.025
3022,20070302,600064.SH,12.85,13.68,12.85,13.23,12.97,0.26,2.0,52133.25,68666.99,2.5401,0.57,13.1,72798.315,13.1533,81980.92,13.5475,77466.465,13.716,79544.18,13.6225,78106.5637,13.373,74400.96,12.8153,72144.222,12.595,87310.472
3023,20070301,600064.SH,14.13,14.16,12.89,12.97,13.26,-0.29,-2.19,93463.38,126030.145,4.5538,1.07,13.115,96904.755,13.6533,85910.87,13.8375,86396.9125,13.938,90670.234,13.5337,78793.3737,13.26,75666.752,12.746,77919.2333,12.5115,89478.5675
3024,20070227,600064.SH,14.75,14.75,13.26,13.26,14.73,-1.47,-9.98,100346.13,138358.436,4.8891,1.32,13.995,82134.615,14.1267,84041.4233,14.18,89971.9475,14.014,87060.564,13.4412,74801.6212,13.131,72842.355,12.692,79751.08,12.4235,89166.1035
3025,20070226,600064.SH,14.6,15.03,14.6,14.73,14.39,0.34,2.36,63923.1,94688.008,3.1145,0.86,14.56,75889.07,14.4867,86513.8867,14.2025,83739.1725,13.904,75781.95,13.2962,70357.2512,12.939,67933.022,12.6387,84099.0467,12.3385,88385.294
3026,20070216,600064.SH,14.38,15.1,14.35,14.39,14.34,0.05,0.35,87855.04,130080.001,4.2805,1.27,14.365,97809.28,14.0267,90344.53,13.6975,78746.6625,13.462,74522.876,12.915,70519.29,12.593,68915.579,12.422,86920.4287,12.1635,90626.133
3027,20070215,600064.SH,13.38,14.55,13.35,14.34,13.35,0.99,7.42,107763.52,152582.355,5.2505,1.78,13.845,91589.275,13.4667,75710.5367,13.23,71189.835,13.03,69257.74,12.5337,65944.01,12.365,68444.243,12.2213,89899.236,11.9945,92846.0365
3028,20070214,600064.SH,12.68,13.4,12.53,13.35,12.71,0.64,5.04,75415.03,99220.485,3.6744,1.29,13.03,59684.045,12.86,58998.6067,12.7025,59631.295,12.582,60663.27,12.15,61692.1537,12.15,71543.733,12.036,89081.3453,11.8265,97160.6195
3029,20070213,600064.SH,12.61,12.85,12.41,12.71,12.52,0.19,1.52,43953.06,55331.943,2.1415,0.73,12.615,50790.395,12.4867,54370.05,12.39,56975.33,12.248,58624.146,11.995,62657.985,12.031,76096.338,11.8933,89867.95,11.753,100112.826
3030,20070212,600064.SH,12.15,12.8,12.15,12.52,12.23,0.29,2.37,57627.73,72465.39,2.8078,0.91,12.375,59578.545,12.2833,61316.0867,12.1325,62291.9175,11.974,60084.094,11.93,74508.655,12.006,88257.595,11.8167,92586.4087,11.66,102670.095
3031,20070209,600064.SH,12.02,12.68,12.0,12.23,12.1,0.13,1.07,61529.36,76111.243,2.9979,0.91,12.165,63160.265,12.0033,63846.6467,11.8375,60698.185,11.724,63308.282,11.885,82422.8237,11.902,93119.205,11.7307,95993.8853,11.5335,104094.901
3032,20070208,600064.SH,11.63,12.21,11.38,12.1,11.68,0.42,3.6,64791.17,76923.859,3.1568,0.79,11.89,65005.29,11.7067,60421.1267,11.5975,63753.0125,11.7,67630.746,11.9137,95427.3575,11.817,100219.984,11.6493,100708.802,11.421,105530.308
3033,20070207,600064.SH,11.4,11.88,11.3,11.68,11.34,0.34,3.0,65219.41,75179.846,3.1777,0.7,11.51,58236.105,11.43,63406.96,11.6,68340.64,11.718,82424.196,11.8362,100608.94,11.763,103290.383,11.5747,109326.4027,11.308,107118.757
3034,20070206,600064.SH,11.27,11.39,10.87,11.34,11.27,0.07,0.62,51252.8,57168.989,2.4972,0.44,11.305,62500.735,11.5733,69381.05,11.7275,86725.3925,11.814,93568.53,11.7987,109023.6575,11.716,105489.852,11.588,113942.386,11.205,108243.546
3035,20070205,600064.SH,11.65,11.97,11.15,11.27,12.11,-0.84,-6.94,73748.67,84325.158,3.5932,0.6,11.69,78445.175,11.8567,98549.59,11.9325,104147.4625,12.038,116431.096,11.8262,114553.9525,11.738,108837.566,11.5553,116865.4287,11.118,110652.4185
3036,20070201,600064.SH,12.02,12.3,11.74,12.11,12.19,-0.08,-0.66,83141.68,99954.59,4.0509,0.63,12.15,110950.05,12.1533,114280.3933,12.23,127101.7025,12.08,122930.128,11.8187,116237.1312,11.734,112336.687,11.47,117690.4407,11.0135,111076.1295
3037,20070131,600064.SH,12.15,12.57,11.93,12.19,12.16,0.03,0.25,138758.42,170427.722,6.7607,1.12,12.175,129849.75,12.27,141755.0433,12.0725,132877.24,11.934,132809.222,11.75,116435.6637,11.624,117247.83,11.328,118163.4953,10.8435,112993.8635
3038,20070130,600064.SH,13.5,13.5,11.88,12.16,12.46,-0.3,-2.41,120941.08,147038.118,5.8926,1.03,12.31,143253.355,12.0333,130916.8467,11.87,131321.9225,11.808,124156.57,11.63,112683.3462,11.503,122777.506,11.1713,115350.2773,10.673,111472.927
3039,20070129,600064.SH,11.72,12.5,11.72,12.46,11.48,0.98,8.54,165565.63,201184.09,8.0668,1.64,11.97,135904.73,11.7733,134782.2033,11.72,124960.4425,11.618,117411.174,11.4862,114097.35,11.475,124129.314,11.002,113135.218,10.484,109631.91
3040,20070126,600064.SH,11.25,11.62,10.62,11.48,11.38,0.1,0.88,106243.83,119269.166,5.1765,1.04,11.43,119390.49,11.4733,111425.38,11.4075,105372.56,11.438,101244.036,11.3012,117658.5437,11.314,117082.595,10.8113,108726.1927,10.2735,103732.5425
3041,20070125,600064.SH,11.3,12.19,11.2,11.38,11.56,-0.18,-1.56,132537.15,154672.08,6.4576,1.3,11.47,114016.155,11.3833,105082.1367,11.4275,99994.0875,11.388,101743.246,11.3512,121185.46,11.165,115070.597,10.658,107124.7967,10.1145,101096.6195
3042,20070124,600064.SH,11.22,11.78,11.22,11.56,11.21,0.35,3.12,95495.16,110497.157,4.6528,0.79,11.385,91354.63,11.4433,89146.4,11.39,94044.77,11.314,101686.438,11.285,116505.6212,11.025,110840.632,10.48,106388.744,9.954,97991.263
3043,20070123,600064.SH,11.58,11.65,10.85,11.21,11.56,-0.35,-3.03,87214.1,97224.199,4.2493,0.67,11.385,85972.02,11.3333,93561.3067,11.2525,103234.2575,11.198,121398.442,11.0887,115334.2075,10.853,110947.131,10.2947,107245.046,9.7735,96308.149
3044,20070122,600064.SH,11.35,11.75,11.23,11.56,11.23,0.33,2.94,84729.94,96930.665,4.1283,0.64,11.395,96734.91,11.2667,108574.31,11.195,129944.5275,11.332,130847.454,10.935,115712.1325,10.694,110997.24,10.106,107038.822,9.622,95498.2345
3045,20070119,600064.SH,11.21,11.33,10.95,11.23,11.01,0.22,2.0,108739.88,120889.446,5.2981,0.85,11.12,120496.495,11.0733,145016.0567,11.275,142376.8325,11.19,132921.154,10.72,117190.9087,10.498,112467.271,9.8853,104562.0447,9.463,98243.2875
3046,20070118,600064.SH,10.88,11.4,10.1,11.01,10.98,0.03,0.27,132253.11,139276.782,6.4437,1.1,10.995,163154.145,11.29,153589.15,11.18,138966.4725,10.942,128397.948,10.5187,114562.8225,10.293,109815.572,9.69,100881.0773,9.294,96026.959
3047,20070117,600064.SH,11.95,12.2,10.8,10.98,11.88,-0.9,-7.58,194055.18,221801.292,9.4549,1.93,11.43,164257.17,11.2367,141204.26,10.925,127434.1575,10.736,119994.826,10.3425,110459.965,10.063,108739.897,9.5007,96759.538,9.137,94459.2285
3048,20070116,600064.SH,11.13,11.94,10.97,11.88,10.85,1.03,9.49,134459.16,155959.102,6.5512,1.48,11.365,114778.8,10.9067,105227.15,10.675,101479.7375,10.508,100495.82,10.1175,96480.9287,9.843,100168.348,9.2987,87944.718,8.97,88498.3305
3049,20070115,600064.SH,10.05,10.86,10.05,10.85,9.99,0.86,8.61,95098.44,100845.279,4.6334,1.03,10.42,90611.145,10.2733,90486.5967,10.165,92004.985,10.056,91147.026,9.7212,94860.5787,9.493,95134.506,9.052,83715.1613,8.741,83450.501
3050,20070112,600064.SH,9.89,10.29,9.72,9.99,9.98,0.01,0.1,86123.85,86346.276,4.1962,0.94,9.985,88180.675,9.9367,90973.8333,9.8575,90159.1725,9.806,92013.388,9.4625,96515.735,9.233,90382.49,8.8873,86683.9987,8.5575,80527.0355
3051,20070111,600064.SH,9.93,10.27,9.65,9.98,9.84,0.14,1.42,90237.5,90362.727,4.3966,0.93,9.91,93398.825,9.8133,91504.28,9.76,93485.7725,9.644,91233.196,9.2612,96265.3462,9.064,87122.642,8.7447,85236.6293,8.421,78144.8335
3052,20070110,600064.SH,9.68,9.86,9.4,9.84,9.62,0.22,2.29,96560.15,93162.762,4.7047,0.97,9.73,92137.67,9.6867,94568.53,9.56,91482.12,9.39,97484.968,9.045,90932.9437,8.883,85141.894,8.604,85947.3627,8.2815,75724.471
3053,20070109,600064.SH,9.66,9.8,9.4,9.62,9.6,0.02,0.21,87715.19,84168.289,4.2737,0.88,9.61,93572.72,9.4667,89789.4433,9.2775,97716.1725,9.178,99840.876,8.8525,85553.5962,8.694,81669.167,8.4573,84499.1673,8.1345,74108.4035
3054,20070108,600064.SH,9.35,9.77,9.22,9.6,9.18,0.42,4.58,99430.25,94659.659,4.8445,1.12,9.39,90826.57,9.1633,101049.8333,9.0675,102872.2975,8.93,99121.986,8.6712,83392.95,8.55,79999.229,8.3027,80884.9927,8.0165,72554.81
3055,20070105,600064.SH,8.74,9.2,8.61,9.18,8.71,0.47,5.4,82222.89,73170.901,4.0061,0.99,8.945,101859.625,8.89,104019.6467,8.7625,99044.92,8.66,88751.592,8.465,78693.2787,8.428,84019.304,8.1413,76698.2513,7.909,71599.449
3056,20070104,600064.SH,8.97,9.33,8.68,8.71,8.78,-0.07,-0.8,121496.36,109611.923,5.9196,1.67,8.745,114918.025,8.6233,104652.2633,8.53,90383.7675,8.484,83012.088,8.34,77292.3937,8.295,82238.346,8.0133,73782.046,7.8375,73348.6005
3057,20061229,600064.SH,8.41,8.87,8.4,8.78,8.38,0.4,4.77,108339.69,94315.664,5.2786,1.71,8.58,96230.215,8.47,80012.9033,8.4275,73391.02,8.376,72798.82,8.2987,79559.2237,8.211,80178.56,7.912,68470.972,7.777,71242.028
3058,20061228,600064.SH,8.26,8.66,8.18,8.38,8.25,0.13,1.58,84120.74,70845.475,4.0986,1.38,8.315,65849.51,8.31,61741.4633,8.275,63913.6025,8.21,63497.458,8.1825,74068.4262,8.097,76828.313,7.7867,65530.9127,7.6965,68167.0075
3059,20061227,600064.SH,8.28,8.44,8.2,8.25,8.3,-0.05,-0.6,47578.28,39552.148,2.3181,0.6,8.275,50551.825,8.24,57177.89,8.1675,58341.6375,8.17,60876.472,8.1187,76165.6462,7.989,71766.496,7.712,63699.0847,7.6455,67554.2515
3060,20061226,600064.SH,8.21,8.34,7.97,8.3,8.17,0.13,1.59,53525.37,43699.829,2.6079,0.66,8.235,61977.695,8.14,61929.4233,8.15,64201.02,8.196,79287.016,8.0425,79573.0137,7.882,70671.581,7.6587,65882.068,7.599,68317.3655
3061,20061225,600064.SH,8.04,8.3,7.99,8.17,7.95,0.22,2.77,70430.02,57487.374,3.4315,0.8,8.06,66131.45,8.1,67759.57,8.17,85727.4275,8.106,81464.604,7.9175,77070.1637,7.778,69167.025,7.622,70127.438,7.5445,67930.1065
3062,20061222,600064.SH,8.11,8.28,7.91,7.95,8.18,-0.23,-2.81,61832.88,49828.78,3.0127,0.69,8.065,66424.345,8.17,90826.5633,8.09,84223.25,8.046,87558.3,7.7937,72845.0525,7.68,66307.048,7.5773,70723.0973,7.4975,66809.4195
3063,20061221,600064.SH,8.3,8.52,8.16,8.18,8.38,-0.2,-2.39,71015.81,59094.281,3.4601,0.86,8.28,105323.405,8.1367,91686.7067,8.07,93989.655,7.984,90159.168,7.7075,69925.9187,7.575,66547.64,7.5253,69723.524,7.46,68579.411
3064,20061220,600064.SH,7.88,8.52,7.75,8.38,7.85,0.53,6.75,139631.0,114975.98,6.8032,2.25,8.115,102022.155,8.0333,101647.6033,7.935,94945.0075,7.808,82656.52,7.5837,66277.7237,7.483,65110.391,7.4707,69780.178,7.3965,68354.262
3065,20061219,600064.SH,7.88,7.9,7.54,7.85,7.87,-0.02,-0.25,64413.31,49718.598,3.1384,1.13,7.86,82655.905,7.7867,80049.6767,7.665,68412.9,7.568,62056.146,7.3987,56853.6987,7.39,59179.594,7.4,64660.8153,7.3075,62285.534
3066,20061218,600064.SH,7.69,8.12,7.65,7.87,7.64,0.23,3.01,100898.5,79779.719,4.916,2.24,7.755,87867.86,7.6033,69746.0967,7.4975,61466.855,7.45,56869.446,7.325,55882.45,7.38,64458.855,7.3573,63418.6073,7.244,60604.454
3067,20061215,600064.SH,7.3,7.73,7.3,7.64,7.3,0.34,4.66,74837.22,56292.616,3.6463,1.74,7.47,54169.895,7.3733,48322.9733,7.345,45862.1825,7.314,45055.796,7.2725,53310.5162,7.343,62305.496,7.3147,59893.126,7.1665,56388.3085
3068,20061214,600064.SH,7.18,7.38,7.18,7.3,7.18,0.12,1.67,33502.57,24375.313,1.6323,0.7,7.24,35065.85,7.2467,36203.8367,7.2325,37610.44,7.166,42936.112,7.2862,58606.6037,7.296,59505.702,7.2853,61386.1587,7.0995,53812.8755
3069,20061213,600064.SH,7.3,7.33,7.08,7.18,7.26,-0.08,-1.1,36629.13,26275.182,1.7847,0.65,7.22,37554.47,7.21,38979.73,7.1325,45294.4975,7.158,47564.262,7.3112,64339.3962,7.302,63342.007,7.2593,63586.8427,7.054,53177.468
3070,20061212,600064.SH,7.28,7.29,7.0,7.26,7.19,0.07,0.97,38479.81,27570.82,1.8748,0.53,7.225,40155.03,7.1167,48182.9533,7.1525,50298.045,7.212,56303.042,7.31,65615.665,7.316,65963.15,7.2207,62361.9967,7.014,52428.405
3071,20061211,600064.SH,6.86,7.21,6.86,7.19,6.9,0.29,4.2,41830.25,29719.888,2.0381,0.53,7.045,53034.525,7.1167,54237.4567,7.2,60758.85,7.31,72048.264,7.3225,69788.8912,7.311,66693.188,7.1753,61849.4567,6.9645,52498.1955
3072,20061208,600064.SH,7.18,7.18,6.88,6.9,7.26,-0.36,-4.96,64238.8,45038.888,3.1299,0.84,7.08,60441.06,7.2033,67068.3833,7.34,79602.7675,7.372,79555.196,7.3387,72415.18,7.315,67311.791,7.1173,60165.8127,6.936,52125.79
3073,20061207,600064.SH,7.44,7.6,7.25,7.26,7.45,-0.19,-2.55,56643.32,41948.002,2.7598,0.72,7.355,68483.175,7.4867,84724.09,7.49,83384.295,7.426,76075.292,7.3775,70107.8537,7.345,70611.182,7.0773,57438.4633,6.9355,49995.321
3074,20061206,600064.SH,7.8,7.86,7.23,7.45,7.75,-0.3,-3.87,80323.03,60124.785,3.9135,1.06,7.6,98764.475,7.5667,92297.9533,7.4675,80933.285,7.446,79119.752,7.3737,69029.4737,7.31,71598.133,7.0193,55048.5367,6.9125,48216.3445
3075,20061205,600064.SH,7.55,7.85,7.4,7.75,7.5,0.25,3.33,117205.92,90066.569,5.7106,1.91,7.625,98285.415,7.4733,81136.7033,7.445,78818.9325,7.42,75623.258,7.3425,71143.1837,7.225,65391.474,6.948,51136.8593,6.884,46793.738
3076,20061204,600064.SH,7.19,7.55,7.17,7.5,7.17,0.33,4.6,79364.91,58652.182,3.8669,1.44,7.335,63102.095,7.3433,66023.27,7.3375,65227.5925,7.312,61338.112,7.2375,64806.5475,7.108,56750.053,6.8493,45981.506,6.834,42545.742
3077,20061201,600064.SH,7.37,7.43,7.14,7.17,7.36,-0.19,-2.58,46839.28,33934.261,2.2821,0.72,7.265,59352.45,7.2833,60515.1533,7.265,56831.4125,7.258,55068.386,7.125,57167.9887,6.99,50471.121,6.7907,42982.6547,6.794,39707.862
3078,20061130,600064.SH,7.38,7.56,7.27,7.36,7.32,0.04,0.55,71865.62,53319.479,3.5015,1.12,7.34,67353.09,7.2967,60162.1233,7.28,57125.6625,7.264,65147.072,7.0512,55162.0425,6.903,48120.049,6.772,41301.9973,6.7705,38332.894
3079,20061129,600064.SH,7.1,7.4,7.04,7.32,7.21,0.11,1.53,62840.56,45787.689,3.0618,1.14,7.265,54310.375,7.2533,52212.3433,7.24,63467.435,7.174,64076.514,6.9212,48250.7887,6.806,43012.929,6.7347,37915.2087,6.7395,36108.3425
3080,20061128,600064.SH,7.2,7.36,7.07,7.21,7.23,-0.02,-0.28,45780.19,32926.49,2.2305,0.88,7.22,46898.235,7.2133,63676.3933,7.1375,64385.5025,7.03,55159.69,6.7937,43311.7887,6.712,38893.66,6.7053,37183.898,6.7095,34472.296
3081,20061127,600064.SH,7.15,7.29,7.13,7.23,7.2,0.03,0.42,48016.28,34603.676,2.3395,1.05,7.215,72624.495,7.1133,70587.2733,6.985,57504.565,6.904,52161.994,6.6912,40188.5675,6.618,38303.203,6.6747,36281.6187,6.675,33492.036
3082,20061124,600064.SH,6.92,7.28,6.83,7.2,6.91,0.29,4.2,97232.71,69540.419,4.7374,3.13,7.055,81872.77,6.9033,60667.3267,6.8225,53198.4225,6.722,45873.856,6.585,36892.5162,6.557,36939.789,6.6393,34587.6873,6.6405,32612.674
3083,20061122,600064.SH,6.62,6.94,6.52,6.91,6.6,0.31,4.7,66512.83,45191.18,3.2407,3.03,6.755,42384.635,6.6967,38520.3267,6.6025,33034.1425,6.542,31093.026,6.4687,29722.88,6.526,29379.46,6.606,29394.8347,6.6165,29492.588
3084,20061121,600064.SH,6.57,6.61,6.44,6.6,6.58,0.02,0.3,18256.44,11891.685,0.8895,0.81,6.59,24524.075,6.5,21874.58,6.45,22238.075,6.438,21949.344,6.4325,25706.5437,6.515,24834.556,6.5947,26785.6187,6.6115,27389.8985
3085,20061120,600064.SH,6.32,6.63,6.32,6.58,6.32,0.26,4.11,30791.71,19983.121,1.5003,1.26,6.45,23683.65,6.4,23565.2867,6.3975,22872.57,6.394,22627.63,6.4687,26128.1662,6.543,28196.002,6.6027,27576.498,6.6205,28217.7145
3086,20061117,600064.SH,6.3,6.37,6.28,6.32,6.3,0.02,0.32,16575.59,10474.625,0.8076,0.59,6.31,19952.075,6.3367,20232.8567,6.3475,20586.61,6.332,24444.412,6.4962,24912.1762,6.56,28341.431,6.5987,27268.7167,6.625,28000.0855
3087,20061116,600064.SH,6.42,6.48,6.28,6.3,6.39,-0.09,-1.41,23328.56,14885.498,1.1366,0.84,6.345,22061.49,6.3567,21923.6167,6.335,26411.6175,6.392,28005.722,6.5662,29324.09,6.598,28944.603,6.6133,28192.28,6.6625,28559.6205
3088,20061115,600064.SH,6.38,6.43,6.24,6.39,6.38,0.01,0.16,20794.42,13208.155,1.0132,0.75,6.385,21221.145,6.3467,27439.3033,6.415,29175.0125,6.51,27665.894,6.6225,30438.77,6.638,28545.739,6.6413,28959.1087,6.6925,28691.291
3089,20061114,600064.SH,6.26,6.4,6.19,6.38,6.27,0.11,1.75,21647.87,13624.731,1.0547,0.64,6.325,30761.745,6.4233,31968.5433,6.54,29383.7625,6.592,27719.768,6.6612,30665.3812,6.673,29203.756,6.6693,29203.4167,6.7195,28858.8515
3090,20061113,600064.SH,6.55,6.63,6.25,6.27,6.62,-0.35,-5.29,39875.62,25741.364,1.9428,1.24,6.445,37128.88,6.5933,31962.3933,6.645,29237.7425,6.692,33764.374,6.7012,30376.8875,6.707,30050.932,6.696,30081.076,6.742,29937.417
3091,20061110,600064.SH,6.91,6.92,6.6,6.62,6.89,-0.27,-3.92,34382.14,23373.53,1.6752,1.15,6.755,28005.78,6.77,25691.7833,6.7975,32236.5625,6.788,32238.45,6.76,28814.2587,6.732,28680.869,6.7227,29185.31,6.7785,29202.746
3092,20061109,600064.SH,6.81,6.89,6.77,6.89,6.8,0.09,1.32,21629.42,14789.266,1.0538,0.74,6.845,21346.605,6.8567,31521.37,6.83,31702.5275,6.804,29883.484,6.7725,28281.445,6.724,28285.559,6.7527,28744.2533,6.799,29380.5335
3093,20061108,600064.SH,6.85,6.9,6.77,6.8,6.88,-0.08,-1.16,21063.79,14397.038,1.0263,0.69,6.84,36467.345,6.81,35060.23,6.7825,31947.0,6.766,29425.584,6.7262,28849.6412,6.707,29605.716,6.7533,29033.09,6.805,30569.382
3094,20061107,600064.SH,6.74,6.9,6.62,6.88,6.75,0.13,1.93,51870.9,35220.063,2.5273,1.97,6.815,42058.45,6.7767,35574.7367,6.7575,31516.0325,6.754,30687.744,6.6937,30020.2975,6.708,29945.241,6.762,29238.546,6.825,31916.4515
3095,20061106,600064.SH,6.68,6.78,6.55,6.75,6.7,0.05,0.75,32246.0,21477.789,1.5711,1.28,6.725,27426.655,6.7167,24731.0767,6.7225,25391.955,6.722,26337.49,6.6737,27890.3087,6.698,28239.427,6.7587,28661.7647,6.851,31604.738
3096,20061103,600064.SH,6.7,6.81,6.69,6.7,6.7,0.0,0.0,22607.31,15263.329,1.1015,0.85,6.7,20973.615,6.7133,23107.2733,6.715,24860.3625,6.676,25123.288,6.6812,26916.9387,6.69,27658.74,6.7753,28190.8447,6.8875,33811.159
3097,20061102,600064.SH,6.68,6.81,6.65,6.7,6.74,-0.04,-0.59,19339.92,12941.695,0.9423,0.65,6.72,23357.255,6.72,25611.38,6.67,25752.2825,6.644,26687.634,6.6912,28442.62,6.727,28174.638,6.7973,29212.8833,6.914,35068.42
3098,20061101,600064.SH,6.75,6.82,6.65,6.74,6.72,0.02,0.3,27374.59,18503.107,1.3338,0.94,6.73,28747.11,6.66,27889.7367,6.63,28524.5625,6.648,29785.848,6.6875,29330.0212,6.747,28836.843,6.818,30950.648,6.9315,35395.119
3099,20061031,600064.SH,6.5,6.73,6.5,6.72,6.52,0.2,3.07,30119.63,19832.871,1.4675,1.0,6.62,28147.31,6.5933,28907.8867,6.625,30388.6625,6.662,29202.738,6.7287,29378.9837,6.766,28513.947,6.8487,32326.0207,6.952,35519.2135
3100,20061030,600064.SH,6.5,6.59,6.37,6.52,6.54,-0.02,-0.31,26174.99,16941.733,1.2753,0.87,6.53,28302.015,6.5933,30478.34,6.6475,28973.515,6.674,30141.364,6.7512,28859.2762,6.777,29823.902,6.894,33360.4873,6.9775,38037.852
3101,20061027,600064.SH,6.72,6.73,6.48,6.54,6.72,-0.18,-2.68,30429.04,20057.306,1.4826,1.03,6.63,32630.015,6.69,29906.3567,6.7125,31132.9575,6.704,30194.192,6.8025,28605.6062,6.825,29724.623,6.958,36707.116,6.999,40069.3695
3102,20061026,600064.SH,6.76,6.8,6.62,6.72,6.81,-0.09,-1.32,34830.99,23294.225,1.6971,1.25,6.765,29645.015,6.77,31367.5967,6.745,30135.48,6.81,29661.642,6.8387,30204.3737,6.874,30475.508,7.004,37862.0153,7.0285,43855.8495
3103,20061025,600064.SH,6.82,6.93,6.7,6.81,6.78,0.03,0.44,24459.04,16649.957,1.1917,0.88,6.795,29635.9,6.7533,28570.31,6.8325,28369.305,6.846,27887.838,6.8737,28998.275,6.903,31533.048,7.026,37264.876,7.0375,43917.571
3104,20061024,600064.SH,6.7,6.85,6.7,6.78,6.67,0.11,1.65,34812.76,23570.86,1.6962,1.18,6.725,30625.945,6.84,29672.7267,6.855,28745.0375,6.87,27825.156,6.9012,30683.1312,6.942,33887.662,7.0487,37624.7053,7.042,45408.6235
3105,20061023,600064.SH,7.06,7.1,6.61,6.67,7.07,-0.4,-5.66,26439.13,18081.678,1.2882,0.9,6.87,27102.71,6.88,26722.4633,6.8925,26078.255,6.88,29506.44,6.93,32007.335,7.004,34970.049,7.0787,40670.0147,7.0415,44839.209
3106,20061020,600064.SH,6.91,7.1,6.91,7.07,6.9,0.17,2.46,27766.29,19545.789,1.3528,0.89,6.985,26864.13,6.9667,25957.9633,6.9325,30273.2675,6.946,29255.054,6.9962,34703.0912,7.085,39963.578,7.0973,43361.0953,7.047,45719.127
3107,20061019,600064.SH,6.93,6.99,6.88,6.9,6.93,-0.03,-0.43,25961.97,17991.086,1.2649,0.74,6.915,25053.8,6.8867,31108.9267,6.915,29627.245,6.938,31289.374,7.0375,36936.8837,7.101,41962.202,7.1013,48587.252,7.029,46721.5315
3108,20061018,600064.SH,6.84,6.96,6.78,6.93,6.83,0.1,1.46,24145.63,16593.494,1.1764,0.6,6.88,33682.405,6.92,30849.0033,6.9475,32621.225,6.96,35178.258,7.11,43238.44,7.116,41953.395,7.1013,49260.8153,7.0235,48898.4835
3109,20061017,600064.SH,6.99,7.06,6.82,6.83,7.0,-0.17,-2.43,43219.18,29883.212,2.1058,1.07,6.915,34200.69,6.9533,35446.4233,6.9675,37936.415,7.014,39950.168,7.1475,46189.3025,7.138,42524.48,7.0993,51269.7793,7.01,49544.433
3110,20061016,600064.SH,7.06,7.16,6.99,7.0,7.03,-0.03,-0.43,25182.2,17766.439,1.2269,0.5,7.015,31560.045,7.0133,36175.4933,7.06,39132.915,7.128,40433.658,7.175,44021.1425,7.178,46251.802,7.0953,49950.132,6.996,48167.243
3111,20061013,600064.SH,7.01,7.18,7.0,7.03,7.01,0.02,0.29,37937.89,26829.983,1.8484,0.72,7.02,41672.14,7.08,43783.1533,7.16,44246.5225,7.224,50672.102,7.1937,44605.4275,7.173,50414.116,7.0807,51207.1513,6.968,47601.916
3112,20061012,600064.SH,7.2,7.22,6.99,7.01,7.2,-0.19,-2.64,45406.39,32138.903,2.2123,0.93,7.105,46705.785,7.2033,46349.4,7.2725,53855.655,7.264,52635.03,7.2187,49924.7412,7.183,57236.191,7.0593,51865.584,6.9385,46485.599
3113,20061011,600064.SH,7.35,7.4,7.17,7.2,7.4,-0.2,-2.7,48005.18,34766.504,2.3389,1.06,7.3,46820.905,7.36,56672.0767,7.3275,54442.19,7.272,48728.532,7.2112,52599.61,7.172,56302.094,7.0447,53471.892,6.918,46284.1
3114,20061010,600064.SH,7.48,7.59,7.38,7.4,7.48,-0.08,-1.07,45636.63,34082.263,2.2235,0.88,7.44,61005.525,7.37,56587.86,7.29,48909.37,7.262,45098.792,7.2025,59868.7925,7.142,56929.585,7.0087,52742.5213,6.892,45405.7075
3115,20061009,600064.SH,7.43,7.5,7.3,7.48,7.23,0.25,3.46,76374.42,56751.013,3.7212,1.52,7.355,62063.475,7.2533,50000.2833,7.2275,44964.3325,7.228,52069.946,7.14,58672.3912,7.079,54708.369,6.952,50745.1047,6.8585,44831.3055
3116,20060929,600064.SH,7.09,7.29,7.09,7.23,7.05,0.18,2.55,47752.53,34321.217,2.3266,0.77,7.14,36813.215,7.1433,34494.3033,7.165,45993.8275,7.122,50156.13,7.0675,55910.6,7.009,51474.676,6.8827,46578.5207,6.813,42793.9235
3117,20060927,600064.SH,7.13,7.18,6.97,7.05,7.15,-0.1,-1.4,25873.9,18257.506,1.2606,0.41,7.1,27865.19,7.1433,45407.5933,7.095,50757.03,7.102,61837.352,7.01,52869.5925,6.957,51480.861,6.83,44435.7887,6.792,41895.4975
3118,20060926,600064.SH,7.23,7.28,7.05,7.15,7.23,-0.08,-1.11,29856.48,21315.371,1.4547,0.43,7.19,55174.44,7.11,59051.4067,7.115,70828.215,7.072,63875.656,6.9762,55140.0412,6.931,55843.572,6.8,45469.2893,6.776,42304.8065
3119,20060925,600064.SH,7.15,7.3,7.0,7.23,6.95,0.28,4.03,80492.4,57821.924,3.9218,1.4,7.09,73648.87,7.1033,84485.46,7.0525,72380.45,7.022,68760.378,6.9212,57384.7787,6.882,56564.386,6.7687,45508.0127,6.7465,43916.287
3120,20060922,600064.SH,7.17,7.17,6.93,6.95,7.13,-0.18,-2.52,66805.34,46943.992,3.2549,1.27,7.04,86481.99,6.9933,69676.4667,6.97,65827.3725,6.93,57346.792,6.8662,56010.855,6.814,50082.684,6.7353,42418.4253,6.718,42335.798
3121,20060921,600064.SH,6.87,7.21,6.75,7.13,6.9,0.23,3.33,106158.64,74698.436,5.1723,2.58,7.015,71112.03,6.9767,65501.3833,6.925,54982.155,6.896,52793.222,6.83,52293.265,6.763,44789.716,6.71,40339.8547,6.69,40767.972
3122,20060920,600064.SH,6.88,6.9,6.7,6.9,6.9,0.0,0.0,36065.42,24610.503,1.7572,0.75,6.9,45172.755,6.8567,37923.3267,6.8375,39451.8675,6.812,41124.37,6.7575,40982.8575,6.694,35735.007,6.6887,35248.2127,6.6525,37142.166
3123,20060919,600064.SH,6.77,6.93,6.71,6.9,6.77,0.13,1.92,54280.09,37122.429,2.6447,1.22,6.835,38852.28,6.8167,40580.6833,6.79,42389.1075,6.79,47811.488,6.7,38209.1375,6.664,36266.106,6.6773,35114.5233,6.621,38215.587
3124,20060918,600064.SH,6.82,6.83,6.7,6.77,6.78,-0.01,-0.15,23424.47,15833.137,1.1413,0.55,6.775,33730.98,6.7533,38425.4467,6.7625,46194.3375,6.742,44368.394,6.6425,33375.57,6.642,33881.83,6.6547,35634.9233,6.584,36926.499
3125,20060915,600064.SH,6.72,6.84,6.7,6.78,6.71,0.07,1.04,44037.49,29898.806,2.1456,1.2,6.745,45925.935,6.76,53784.2933,6.735,49604.375,6.698,42818.576,6.6212,35619.5625,6.638,34954.242,6.6473,37332.1333,6.5525,37034.07
3126,20060914,600064.SH,6.79,6.87,6.64,6.71,6.79,-0.08,-1.18,47814.38,32353.531,2.3296,1.58,6.75,58657.695,6.72,51460.0033,6.6775,42513.8475,6.63,36786.21,6.6087,33919.5425,6.617,34113.171,6.6213,36759.5553,6.514,35591.486
3127,20060913,600064.SH,6.67,6.84,6.58,6.79,6.66,0.13,1.95,69501.01,46737.083,3.3863,2.81,6.725,53282.815,6.6667,40747.0033,6.61,34029.1675,6.576,30345.644,6.6112,32211.3187,6.627,32310.134,6.5993,35814.7647,6.4815,34453.7825
3128,20060912,600064.SH,6.59,6.7,6.5,6.66,6.55,0.11,1.68,37064.62,24560.159,1.8059,1.58,6.605,26370.0,6.55,22205.22,6.5225,20556.8025,6.538,24720.724,6.5837,27977.04,6.621,28766.041,6.5647,35016.9533,6.451,33059.8695
3129,20060911,600064.SH,6.49,6.55,6.35,6.55,6.44,0.11,1.71,15675.38,10109.735,0.7637,0.58,6.495,14775.52,6.4767,15054.1967,6.5075,21634.75,6.542,23395.266,6.6025,27066.9637,6.611,31268.188,6.5313,34445.8673,6.4225,32745.308
3130,20060908,600064.SH,6.42,6.53,6.4,6.44,6.44,0.0,0.0,13875.66,8948.632,0.6761,0.44,6.44,14743.605,6.4933,23621.2067,6.54,25325.2375,6.578,27089.908,6.625,29365.0512,6.622,34588.912,6.504,35105.9013,6.397,34006.609
3131,20060907,600064.SH,6.6,6.6,6.42,6.44,6.6,-0.16,-2.42,15611.55,10115.642,0.7606,0.46,6.52,28493.98,6.5733,29141.7633,6.6125,30393.47,6.604,31440.132,6.64,35391.355,6.617,36746.228,6.4753,35193.2447,6.3925,36742.56
3132,20060906,600064.SH,6.68,6.74,6.43,6.6,6.68,-0.08,-1.2,41376.41,27139.558,2.016,1.26,6.64,35906.87,6.67,35320.7767,6.645,35397.2775,6.678,34274.624,6.6675,39550.2387,6.611,38549.325,6.45,35823.162,6.376,38123.226
3133,20060905,600064.SH,6.69,6.88,6.62,6.68,6.73,-0.05,-0.74,30437.33,20544.387,1.483,0.78,6.705,32292.96,6.66,33404.2333,6.6975,32499.1775,6.704,32811.358,6.6412,38809.29,6.578,40165.068,6.422,35839.5847,6.344,36664.926
3134,20060904,600064.SH,6.51,6.74,6.5,6.73,6.57,0.16,2.44,34148.59,22539.745,1.6638,0.81,6.65,34887.685,6.7033,33186.46,6.71,33404.865,6.68,39141.11,6.6037,39209.9387,6.526,39971.168,6.3827,35861.9887,6.3045,35801.15
3135,20060901,600064.SH,6.78,6.8,6.49,6.57,6.81,-0.24,-3.52,35626.78,23555.301,1.7358,0.85,6.69,32705.395,6.7033,33156.9567,6.6675,40389.24,6.666,42087.916,6.5462,42133.095,6.467,39113.898,6.3367,36312.176,6.254,35004.842
3136,20060831,600064.SH,6.75,6.83,6.63,6.81,6.73,0.08,1.19,29784.01,20013.423,1.4512,0.7,6.77,31922.045,6.7,41976.7267,6.69,43703.2,6.63,42052.324,6.495,41242.0387,6.411,37069.801,6.322,38510.036,6.221,35000.1835
3137,20060830,600064.SH,6.51,6.79,6.5,6.73,6.56,0.17,2.59,34060.08,22706.551,1.6595,0.72,6.645,48073.085,6.65,48342.93,6.585,45119.4025,6.544,42824.026,6.4112,40716.0237,6.336,36597.431,6.2753,39406.0933,6.186,34544.78
3138,20060829,600064.SH,6.75,6.84,6.55,6.56,6.66,-0.1,-1.5,62086.09,41542.931,3.025,1.52,6.61,55484.355,6.5367,48805.8433,6.4975,45015.0125,6.452,47518.778,6.3212,38356.74,6.281,37353.698,6.224,37949.4487,6.148,33597.766
3139,20060828,600064.SH,6.39,6.67,6.38,6.66,6.39,0.27,4.23,48882.62,32125.317,2.3817,1.35,6.525,42165.72,6.4767,39324.6533,6.425,43876.95,6.372,40801.226,6.2587,33728.5175,6.234,34222.428,6.1793,34687.83,6.1165,32046.562
3140,20060825,600064.SH,6.39,6.48,6.36,6.39,6.38,0.01,0.16,35448.82,22791.856,1.7272,1.1,6.385,34545.67,6.3467,42208.3933,6.3,38780.8775,6.268,36139.88,6.1987,32821.0337,6.172,33424.306,6.1167,32643.8173,6.0775,31884.254
3141,20060824,600064.SH,6.3,6.41,6.2,6.38,6.27,0.11,1.75,33642.52,21367.145,1.6392,1.11,6.325,45588.18,6.27,39891.5633,6.2375,36312.645,6.192,32087.278,6.1612,32236.605,6.168,36738.892,6.0847,32649.47,6.075,32670.666
3142,20060823,600064.SH,6.15,6.43,6.11,6.27,6.16,0.11,1.79,57533.84,36470.646,2.8032,2.12,6.215,43016.085,6.19,37202.6867,6.145,31698.4675,6.128,30370.836,6.1187,33143.965,6.141,37697.127,6.0667,31785.0313,6.086,33063.258
3143,20060822,600064.SH,6.09,6.25,6.05,6.16,6.14,0.02,0.33,28498.33,17553.547,1.3885,1.03,6.15,27037.11,6.1033,23086.6767,6.0925,23580.085,6.11,27188.618,6.1287,34526.57,6.11,33164.784,6.0467,28957.4287,6.107,31153.6075
3144,20060821,600064.SH,5.75,6.15,5.75,6.14,6.01,0.13,2.16,25575.89,15260.984,1.2461,0.83,6.075,20380.85,6.07,21940.67,6.0975,26861.19,6.096,27643.63,6.1225,36367.3875,6.083,31631.132,6.0313,29128.3407,6.133,30965.192
3145,20060818,600064.SH,5.98,6.16,5.98,6.01,6.06,-0.05,-0.83,15185.81,9143.013,0.7399,0.37,6.035,20123.06,6.0833,27289.6233,6.085,28160.565,6.076,30708.732,6.1,34696.7025,6.041,30895.786,6.014,30465.712,6.1525,30789.23
3146,20060817,600064.SH,6.15,6.15,5.96,6.06,6.18,-0.12,-1.94,25060.31,15094.902,1.221,0.56,6.12,33341.53,6.11,32485.4833,6.0925,34589.4625,6.144,41390.506,6.085,34443.7025,6.031,32930.566,6.036,32865.1287,6.181,31664.896
3147,20060816,600064.SH,6.13,6.31,6.06,6.18,6.09,0.09,1.48,41622.75,25729.642,2.028,1.06,6.135,36198.07,6.1033,37765.8467,6.165,45473.055,6.154,45023.418,6.0425,33588.9675,6.036,32492.129,6.072,33960.732,6.204,31534.429
3148,20060815,600064.SH,6.02,6.14,5.9,6.09,6.04,0.05,0.83,30773.39,18539.766,1.4994,0.86,6.065,35837.395,6.16,46756.49,6.1475,45873.585,6.11,39140.95,6.0087,32827.825,6.015,29841.834,6.106,32475.2707,6.215,30801.7645
3149,20060814,600064.SH,6.3,6.31,5.91,6.04,6.35,-0.31,-4.88,40901.4,24950.809,1.9928,1.32,6.195,54748.04,6.1667,50906.9833,6.115,41232.84,6.07,35618.634,6.0112,31565.6437,5.999,29870.696,6.1453,32072.3793,6.238,30768.005
3150,20060811,600064.SH,6.09,6.43,6.03,6.35,6.11,0.24,3.93,68594.68,42929.551,3.3421,2.8,6.23,55909.775,6.14,41343.32,6.0775,34297.9425,6.006,31082.84,6.0025,28342.9437,5.983,30344.202,6.178,30816.0627,6.267,30688.4125
3151,20060810,600064.SH,5.78,6.13,5.71,6.11,5.96,0.15,2.52,43224.87,25698.974,2.106,2.17,6.035,27717.64,5.9867,22865.6967,5.92,21704.88,5.918,24470.626,5.95,23651.36,5.982,28602.44,6.1933,28423.026,6.2715,30008.808
3152,20060809,600064.SH,5.89,5.97,5.81,5.96,5.89,0.07,1.19,12210.41,7207.913,0.5949,0.59,5.925,12686.11,5.8567,14531.55,5.87,19782.065,5.918,19960.84,5.9212,23952.8087,6.031,28429.389,6.2207,27038.0993,6.2895,33920.3075
3153,20060808,600064.SH,5.74,5.9,5.73,5.89,5.72,0.17,2.97,13161.81,7675.541,0.6413,0.55,5.805,15692.12,5.84,22305.95,5.9075,21898.4475,5.92,20542.718,5.9687,28823.64,6.104,29142.431,6.25,28022.036,6.351,35803.1485
3154,20060807,600064.SH,5.86,5.87,5.67,5.72,5.91,-0.19,-3.21,18222.43,10485.674,0.8878,0.62,5.815,26878.02,5.9133,24810.66,5.9275,22387.945,5.928,24122.758,6.0575,32365.2087,6.183,30299.252,6.294,29151.1287,6.424,37192.3805
3155,20060804,600064.SH,6.14,6.17,5.84,5.91,6.11,-0.2,-3.27,35533.61,21356.929,1.7313,1.09,6.01,28104.775,5.9967,23776.45,5.98,25597.84,5.96,29605.564,6.1787,32505.0087,6.264,30682.674,6.354,30556.9367,6.5,39372.3015
3156,20060803,600064.SH,5.97,6.12,5.95,6.11,5.97,0.14,2.35,20675.94,12479.698,1.0074,0.56,6.04,17897.87,6.0033,22285.9167,5.9725,28123.5525,6.046,32734.254,6.275,31154.56,6.331,30399.226,6.3893,31854.8687,6.5725,41096.305
3157,20060802,600064.SH,5.97,6.02,5.85,5.97,5.93,0.04,0.67,15119.8,8986.277,0.7367,0.4,5.95,23090.905,5.9267,30606.09,6.03,35748.8325,6.144,36897.938,6.3275,31327.1487,6.372,30576.729,6.4133,38573.4633,6.6445,45993.8325
3158,20060801,600064.SH,5.88,6.06,5.76,5.93,5.88,0.05,0.85,31062.01,18419.911,1.5134,0.85,5.905,38349.235,6.05,42625.1767,6.1875,42342.4725,6.288,37742.144,6.4037,33524.565,6.415,31761.695,6.4947,40889.9587,6.71,53215.022
3159,20060731,600064.SH,6.32,6.35,5.87,5.88,6.34,-0.46,-7.26,45636.46,27613.968,2.2235,1.44,6.11,48406.76,6.2733,46102.6267,6.3775,39412.1775,6.438,36475.746,6.4775,32448.185,6.477,31665.314,6.5893,41548.9213,6.764,57167.6865
3160,20060728,600064.SH,6.57,6.59,6.28,6.34,6.6,-0.26,-3.94,51177.06,32626.3,2.4935,1.82,6.47,46335.71,6.5433,37337.4167,6.5775,34185.5675,6.568,31759.784,6.5425,30114.81,6.551,31032.623,6.68,42627.8807,6.8115,57458.338
3161,20060727,600064.SH,6.69,6.85,6.54,6.6,6.69,-0.09,-1.35,41494.36,27766.741,2.0217,1.71,6.645,30417.595,6.6567,28521.7367,6.625,26905.465,6.616,28064.198,6.5687,27479.9525,6.561,31415.176,6.748,43883.6553,6.8315,57421.576
3162,20060726,600064.SH,6.69,6.75,6.61,6.69,6.68,0.01,0.15,19340.83,12901.154,0.9423,0.75,6.685,22035.425,6.6333,22042.5,6.62,24706.6575,6.6,24255.52,6.5712,27206.8512,6.548,39411.226,6.8113,49025.7973,6.8395,58271.732
3163,20060725,600064.SH,6.53,6.73,6.51,6.68,6.53,0.15,2.3,24730.02,16490.938,1.2049,0.92,6.605,23393.335,6.5967,26495.2667,6.5775,25484.1925,6.542,25781.246,6.54,31664.5713,6.598,42463.866,6.8507,58372.648,6.8335,58885.1435
3164,20060724,600064.SH,6.35,6.54,6.35,6.53,6.58,-0.05,-0.76,22056.65,14246.937,1.0747,0.73,6.555,27377.89,6.5433,25735.5833,6.5075,26044.0525,6.516,26854.882,6.5137,43755.1762,6.665,44085.509,6.8727,64065.0,6.822,59884.52
3165,20060721,600064.SH,6.52,6.75,6.52,6.58,6.52,0.06,0.92,32699.13,21662.15,1.5932,0.94,6.55,27575.05,6.5,27373.1867,6.5125,28054.44,6.534,30305.462,6.5962,47231.4987,6.736,48061.929,6.8927,66024.5227,6.8385,61875.288
3166,20060720,600064.SH,6.4,6.58,6.34,6.52,6.4,0.12,1.88,22450.97,14486.876,1.0939,0.41,6.46,24710.215,6.49,26506.21,6.5225,29707.045,6.506,34766.154,6.6925,48262.4137,6.814,51793.384,6.9033,67207.3687,6.8475,63080.829
3167,20060719,600064.SH,6.6,6.62,6.36,6.4,6.55,-0.15,-2.29,26969.46,17419.526,1.314,0.46,6.475,28533.83,6.5233,32125.7367,6.5025,37844.95,6.496,54566.932,6.7825,53183.6487,6.917,61410.936,6.9193,69610.4693,6.8405,63469.461
3168,20060718,600064.SH,6.62,6.67,6.45,6.55,6.62,-0.07,-1.06,30098.2,19645.378,1.4665,0.49,6.585,34703.875,6.5367,41470.1133,6.52,61466.3,6.654,59146.486,6.9025,58564.1762,7.005,74668.349,6.9307,69919.776,6.8455,64370.7505
3169,20060717,600064.SH,6.38,6.78,6.38,6.62,6.44,0.18,2.8,39309.55,26020.183,1.9153,0.6,6.53,47156.07,6.51,71922.3333,6.68,66408.5575,6.814,61316.136,7.0275,69630.2125,7.051,82670.059,6.924,70894.3993,6.842,64565.6675
3170,20060714,600064.SH,6.33,6.53,6.3,6.44,6.47,-0.03,-0.46,55002.59,35286.489,2.6799,0.8,6.455,88228.725,6.7,75441.56,6.8625,66817.7825,6.938,65818.396,7.11,84659.4675,7.072,83884.053,6.94,72398.5633,6.838,64803.0785
3171,20060713,600064.SH,7.17,7.17,6.47,6.47,7.19,-0.72,-10.01,121454.86,82141.831,5.9176,1.78,6.83,85661.045,7.0033,70756.18,7.0625,68522.3475,7.122,68820.614,7.1812,91548.5562,7.102,83427.976,6.9613,72519.054,6.8395,65273.2935
3172,20060712,600064.SH,7.38,7.41,7.18,7.19,7.35,-0.16,-2.18,49867.23,36315.401,2.4297,0.55,7.27,45406.84,7.26,50878.1767,7.285,55662.0525,7.338,68254.94,7.2262,82797.885,7.131,77132.238,6.9553,66436.9707,6.83,60651.3615
3173,20060711,600064.SH,7.24,7.35,7.12,7.35,7.24,0.11,1.52,40946.45,29703.697,1.995,0.39,7.295,51383.65,7.3167,57593.66,7.375,72851.8675,7.356,90190.212,7.17,82869.7087,7.069,75306.421,6.9093,66112.172,6.779,61574.2005
3174,20060710,600064.SH,7.36,7.48,7.08,7.24,7.36,-0.12,-1.63,61820.85,44635.715,3.0121,0.61,7.3,65917.265,7.3833,83487.0067,7.3575,102501.1525,7.288,104023.982,7.0962,85063.5875,6.979,75683.531,6.8513,65648.8447,6.7105,61183.3275
3175,20060707,600064.SH,7.58,7.66,7.35,7.36,7.55,-0.19,-2.52,70013.68,52340.607,3.4112,0.71,7.455,94320.085,7.3967,116061.2533,7.3,114574.765,7.206,101949.71,7.0125,81287.1138,6.941,75688.647,6.8047,64464.6393,6.6515,59527.653
3176,20060706,600064.SH,7.28,7.7,7.16,7.55,7.28,0.27,3.71,118626.49,88411.863,5.7798,1.38,7.415,139085.04,7.28,129428.46,7.1675,109933.7175,7.082,98035.338,6.8987,78125.0975,6.881,74368.274,6.7453,64090.8533,6.584,58143.2475
3177,20060705,600064.SH,7.18,7.36,7.04,7.28,7.01,0.27,3.85,159543.59,114841.045,7.7734,2.64,7.145,134829.445,7.04,107036.1267,6.965,92887.55,6.924,86009.536,6.8125,71030.7875,6.764,65527.986,6.6607,58116.8353,6.52,55634.1635
3178,20060704,600064.SH,6.9,7.15,6.9,7.01,6.83,0.18,2.64,110115.3,77241.457,5.3651,2.33,6.92,80782.395,6.86,70668.87,6.835,67626.0225,6.782,60422.63,6.7475,58189.0825,6.686,54073.152,6.5867,52035.53,6.471,53050.6705
3179,20060703,600064.SH,6.78,6.86,6.64,6.83,6.74,0.09,1.34,51449.49,34819.456,2.5068,1.04,6.785,50945.655,6.7767,53462.93,6.725,47999.4625,6.67,47343.08,6.6687,48202.6213,6.633,46461.276,6.518,46903.1093,6.4575,55291.523
3180,20060630,600064.SH,6.8,6.84,6.62,6.74,6.76,-0.02,-0.3,50441.82,33935.013,2.4577,0.99,6.75,54469.65,6.69,46849.4533,6.63,46316.4775,6.676,49427.584,6.6275,47395.8413,6.604,45722.104,6.4667,45386.9673,6.457,58564.5745
3181,20060629,600064.SH,6.57,6.86,6.53,6.76,6.57,0.19,2.89,58497.48,39322.735,2.8501,1.3,6.665,45053.27,6.5933,44941.3633,6.66,49174.025,6.68,50701.21,6.595,45340.1813,6.577,47118.611,6.418,44845.884,6.43,60901.213
3182,20060628,600064.SH,6.45,6.68,6.36,6.57,6.45,0.12,1.86,31609.06,20693.086,1.5401,0.66,6.51,38163.305,6.6267,46066.2067,6.66,48752.1425,6.604,45046.436,6.5675,43535.2175,6.529,44170.485,6.3853,45509.0393,6.412,63192.697
3183,20060627,600064.SH,6.68,6.68,6.38,6.45,6.56,-0.11,-1.68,44717.55,28880.183,2.1788,0.98,6.655,53294.78,6.69,54466.5033,6.6125,48405.78,6.59,47723.674,6.555,47634.9463,6.489,47841.98,6.3673,50593.3507,6.3755,64951.9025
3184,20060626,600064.SH,6.72,6.88,6.68,6.86,6.76,0.1,1.48,61872.01,42038.926,3.0146,1.47,6.81,59340.98,6.6667,49635.19,6.625,48475.205,6.596,45579.472,6.5337,45672.28,6.442,46683.124,6.3867,57941.004,6.3565,64815.7425
3185,20060623,600064.SH,6.4,6.8,6.38,6.76,6.38,0.38,5.96,56809.95,37625.907,2.7679,1.3,6.57,43516.78,6.5467,44009.6033,6.53,41506.3375,6.532,42016.624,6.4475,46478.78,6.362,43366.659,6.384,61610.238,6.3165,64004.384
3186,20060622,600064.SH,6.5,6.56,6.34,6.38,6.5,-0.12,-1.85,30223.61,19366.968,1.4726,0.7,6.44,37609.43,6.4533,36405.1333,6.475,38318.2925,6.474,43536.012,6.35,43518.66,6.287,41918.221,6.3467,64301.214,6.2735,62538.012
3187,20060621,600064.SH,6.5,6.63,6.45,6.5,6.48,0.02,0.31,44995.25,29414.257,2.1923,0.94,6.49,39495.895,6.5067,41016.52,6.4975,46864.1125,6.454,43294.534,6.31,43329.1288,6.276,45740.341,6.348,69241.4507,6.2425,62958.235
3188,20060620,600064.SH,6.52,6.59,6.4,6.48,6.54,-0.06,-0.92,33996.54,21994.484,1.6564,0.71,6.51,39027.155,6.4967,47487.0667,6.4425,42869.355,6.388,47960.286,6.2487,42995.4188,6.256,52028.189,6.304,70694.6453,6.212,63733.8665
3189,20060619,600064.SH,6.4,6.63,6.31,6.54,6.47,0.07,1.08,44057.77,28699.366,2.1466,0.99,6.505,54232.33,6.43,45826.96,6.365,51451.2225,6.288,47786.776,6.2225,47301.4525,6.282,64121.77,6.2767,71227.8327,6.2065,65927.9675
3190,20060616,600064.SH,6.26,6.58,6.26,6.47,6.28,0.19,3.03,64406.89,41626.35,3.1381,1.6,6.375,46711.555,6.3067,53915.7067,6.225,48719.0275,6.192,44716.694,6.1925,55278.4475,6.31,71407.045,6.2447,71333.6373,6.19,66953.471
3191,20060615,600064.SH,6.19,6.33,6.07,6.28,6.17,0.11,1.78,29016.22,17959.347,1.4137,0.6,6.225,48670.115,6.1433,43489.74,6.1225,39794.145,6.1,40300.43,6.2262,66594.13,6.283,74683.815,6.2067,68872.012,6.169,67285.546
3192,20060614,600064.SH,6.05,6.43,5.98,6.17,5.98,0.19,3.18,68324.01,42458.558,3.3289,1.22,6.075,50726.5,6.07,43386.7867,6.055,43121.4825,6.098,48186.148,6.2937,77580.9175,6.295,82214.909,6.172,69512.802,6.1645,70732.686
3193,20060613,600064.SH,6.12,6.14,5.9,5.98,6.06,-0.08,-1.32,33128.99,19939.384,1.6141,0.41,6.02,30918.175,6.0167,34720.64,6.08,43151.6825,6.124,56096.092,6.2975,81187.24,6.262,82061.825,6.1533,68991.7267,6.1665,72698.204
3194,20060612,600064.SH,5.95,6.1,5.85,6.06,6.01,0.05,0.83,28707.36,17284.505,1.3987,0.29,6.035,35516.465,6.1133,46492.58,6.16,61837.8675,6.276,80456.764,6.35,90087.0113,6.271,82948.361,6.1793,71975.0313,6.2065,78516.463
3195,20060609,600064.SH,6.25,6.32,5.98,6.01,6.27,-0.26,-4.15,42325.57,26003.25,2.0622,0.39,6.14,55385.19,6.1933,72881.37,6.33,93394.115,6.428,98097.396,6.3225,94847.7375,6.271,84642.109,6.1893,74365.73,6.2115,81861.6385
3196,20060608,600064.SH,6.25,6.45,5.95,6.27,6.3,-0.03,-0.48,68444.81,42399.056,3.3348,0.59,6.285,88159.27,6.4367,110416.9633,6.5325,112040.3525,6.466,109067.2,6.33,94806.335,6.26,83157.803,6.192,76280.5847,6.1955,86407.7775
3197,20060607,600064.SH,6.67,6.97,6.28,6.3,6.74,-0.44,-6.53,107873.73,71592.685,5.2559,1.0,6.52,131403.04,6.62,126572.2,6.515,119222.7975,6.492,116243.67,6.3037,91956.3388,6.209,80176.129,6.1867,78248.1987,6.164,87516.6875
3198,20060606,600064.SH,7.04,7.16,6.66,6.74,6.82,-0.08,-1.17,154932.35,106947.561,7.5487,1.81,6.78,135921.435,6.5867,123005.82,6.54,118336.155,6.4,108027.558,6.2537,81907.4363,6.168,75439.544,6.1807,78232.2413,6.1275,88272.266
3199,20060605,600064.SH,6.58,6.82,6.58,6.82,6.2,0.62,10.0,116910.52,79560.663,5.6962,1.64,6.51,107042.555,6.4733,106137.4233,6.315,96301.36,6.266,85439.958,6.1312,67369.4013,6.131,67734.165,6.1833,77869.696,6.064,86102.859
3200,20060602,600064.SH,6.42,6.59,6.15,6.2,6.4,-0.2,-3.13,97174.59,62080.74,4.7346,1.7,6.3,100750.875,6.1467,89431.64,6.1275,77572.3175,6.114,71186.822,6.015,60319.0713,6.07,62499.897,6.1393,76449.7193,5.9725,84759.0935
3201,20060601,600064.SH,5.86,6.42,5.84,6.4,5.84,0.56,9.59,104327.16,63719.783,5.0831,2.37,6.12,85560.165,6.1033,71038.2267,6.0925,64689.88,6.054,57248.406,6.0362,57907.0675,6.055,59887.277,6.1053,78854.6367,5.9,81120.0925
3202,20060531,600064.SH,6.07,6.07,5.78,5.84,6.07,-0.23,-3.79,66793.17,39269.445,3.2543,1.56,5.955,54393.76,5.99,51477.4533,5.9675,45478.7175,5.926,44108.588,6.0125,52937.1525,6.034,59250.463,6.0547,77941.0267,5.8185,77278.341
3203,20060530,600064.SH,6.01,6.13,5.95,6.07,6.06,0.01,0.17,41994.35,25322.153,2.0461,0.84,6.065,43819.595,6.01,38373.9,5.9475,38437.4425,5.936,42851.53,6.0387,53469.055,6.071,63334.583,6.0367,81687.1687,5.7595,75477.015
3204,20060529,600064.SH,5.97,6.12,5.93,6.06,5.9,0.16,2.71,45644.84,27448.566,2.2239,0.85,5.98,36563.675,5.9067,37251.8067,5.9025,43065.825,5.996,50028.372,6.0537,60464.6388,6.142,74084.565,5.9967,86323.826,5.687,75808.849
3205,20060526,600064.SH,5.79,5.95,5.79,5.9,5.76,0.14,2.43,27482.51,16125.547,1.339,0.44,5.83,33055.29,5.85,42206.1533,5.98,51124.255,6.026,53812.972,6.0725,68213.33,6.152,79081.168,5.9253,89283.184,5.625,74582.6765
3206,20060525,600064.SH,5.83,5.9,5.59,5.76,5.89,-0.13,-2.21,38628.07,22069.756,1.8821,0.52,5.825,49567.975,6.0067,59004.8367,6.0575,60395.5875,6.056,62526.148,6.1825,83464.7875,6.131,89657.752,5.8487,89077.3213,5.5655,74956.7485
3207,20060524,600064.SH,6.0,6.22,5.73,5.89,6.37,-0.48,-7.54,60507.88,35843.425,2.9481,0.72,6.13,69193.22,6.1567,67651.4267,6.13,68500.6675,6.142,74392.338,6.2325,90587.6375,6.119,94857.246,5.7827,88334.9253,5.5195,74262.824
3208,20060522,600064.SH,6.21,6.69,6.2,6.37,6.21,0.16,2.58,77878.56,49777.989,3.7944,0.79,6.29,71223.2,6.21,71164.93,6.205,77863.4525,6.206,83817.636,6.2075,99680.1963,6.087,101104.988,5.7007,86352.1767,5.47,74118.5175
3209,20060519,600064.SH,6.05,6.36,6.0,6.21,6.05,0.16,2.64,64567.84,40071.59,3.1459,0.62,6.13,67808.115,6.15,77858.4167,6.165,85302.405,6.288,98140.758,6.1162,101273.2525,5.997,104471.553,5.584,84402.3413,5.4005,74632.4985
3210,20060518,600064.SH,6.08,6.15,5.8,6.05,6.19,-0.14,-2.26,71048.39,42420.94,3.4617,0.61,6.12,84503.705,6.15,92213.9267,6.3075,106533.9875,6.278,104349.364,6.0362,108575.435,5.875,107018.29,5.4913,81505.9113,5.326,72921.012
3211,20060517,600064.SH,6.21,6.48,5.96,6.19,6.21,-0.02,-0.32,97959.02,61371.213,4.7728,0.85,6.2,102796.695,6.3933,118362.52,6.335,112674.6075,6.206,116789.356,5.9637,113637.4125,5.745,102352.908,5.402,79100.282,5.2535,71207.5215
3212,20060516,600064.SH,6.78,6.89,6.18,6.21,6.78,-0.57,-8.41,107634.37,69792.968,5.2442,0.91,6.495,128564.27,6.3833,117579.8033,6.21,121496.94,6.096,115322.154,5.8137,112646.9363,5.603,95306.219,5.312,74219.6527,5.185,67612.982
3213,20060515,600064.SH,6.22,6.78,6.16,6.78,6.16,0.62,10.06,149494.17,96166.109,7.2837,1.35,6.47,122552.52,6.21,126117.7967,6.0675,117244.1,5.968,118392.34,5.6312,102241.9613,5.448,87619.447,5.2247,70885.478,5.12,64845.8605
3214,20060512,600064.SH,5.69,6.17,5.6,6.16,5.69,0.47,8.26,95610.87,56366.828,4.6584,0.87,5.925,114429.61,5.83,106494.0767,5.765,110616.8825,5.706,110802.348,5.38,86991.7063,5.232,77533.133,5.1047,66796.412,5.024,59423.0785
3215,20060511,600064.SH,5.75,6.2,5.66,5.69,5.64,0.05,0.89,133248.35,79649.46,6.4922,1.52,5.665,111935.68,5.6333,115618.8867,5.5925,114600.2175,5.472,109687.216,5.1925,78886.1788,5.098,70084.185,5.0087,62444.8947,4.95,56650.765
3216,20060510,600064.SH,5.57,5.75,5.42,5.64,5.57,0.07,1.26,90623.01,50811.238,4.4154,1.2,5.605,106804.155,5.56,108384.1733,5.4175,103796.9325,5.284,87916.46,5.0587,68309.0138,5.0,60255.745,4.936,56013.5767,4.8995,52398.525
3217,20060509,600064.SH,5.54,5.8,5.48,5.57,5.47,0.1,1.83,122985.3,69338.102,5.9922,2.16,5.52,117264.755,5.3433,108188.24,5.195,87239.8225,5.11,75290.284,4.9562,59621.3113,4.92,53668.402,4.8813,51709.9247,4.8565,51476.433
3218,20060508,600064.SH,5.01,5.49,5.01,5.47,4.99,0.48,9.62,111544.21,59019.393,5.4347,2.52,5.23,100789.71,5.07,75324.6633,4.995,63366.53,4.928,56846.554,4.8487,48618.6425,4.853,47132.047,4.8373,46997.034,4.8115,49552.613
3219,20060428,600064.SH,4.7,5.15,4.59,4.99,4.75,0.24,5.05,90035.21,43635.612,4.3867,2.95,4.87,57214.89,4.8367,47307.3033,4.7925,43172.14,4.758,44263.918,4.77,37769.3138,4.804,44793.444,4.7967,42296.6553,4.7755,48604.323
3220,20060427,600064.SH,4.8,4.93,4.74,4.75,4.77,-0.02,-0.42,24394.57,11722.317,1.1886,0.75,4.76,25943.35,4.7267,27551.1167,4.7,32821.095,4.724,30481.154,4.7587,33717.6313,4.777,38823.734,4.776,38971.948,4.8145,45306.9905
3221,20060426,600064.SH,4.63,4.86,4.63,4.77,4.66,0.11,2.36,27492.13,13108.15,1.3395,0.86,4.715,29129.39,4.6833,35629.9367,4.7175,32002.8,4.716,32595.03,4.7875,41688.0825,4.762,40062.135,4.7713,40559.2133,4.862,45336.4115
3222,20060425,600064.SH,4.62,4.72,4.5,4.66,4.62,0.04,0.87,30766.65,14134.927,1.499,0.82,4.64,39698.84,4.7,33506.3567,4.7025,33870.755,4.73,32046.52,4.7812,42043.83,4.767,39919.745,4.772,43538.4827,4.911,46636.194
3223,20060424,600064.SH,4.85,4.88,4.55,4.62,4.82,-0.2,-4.15,48631.03,22614.808,2.3694,1.07,4.72,34876.21,4.7167,34905.4567,4.7475,32366.4875,4.778,37417.54,4.7737,42795.3213,4.792,42072.274,4.7727,47121.2993,4.9605,49199.39
3224,20060421,600064.SH,4.7,4.88,4.68,4.82,4.71,0.11,2.34,21121.39,10125.04,1.0291,0.45,4.765,28042.67,4.79,26944.9733,4.8175,34614.1675,4.85,45322.97,4.7987,39974.9713,4.816,41313.024,4.7813,50051.1247,4.9985,48568.634
3225,20060420,600064.SH,4.84,4.86,4.67,4.71,4.84,-0.13,-2.69,34963.95,16549.64,1.7035,0.74,4.775,29856.765,4.8167,39111.76,4.8575,51373.365,4.83,47166.314,4.81,43871.29,4.802,43217.345,4.8447,50248.936,5.0275,50094.257
3226,20060419,600064.SH,4.9,4.96,4.76,4.84,4.9,-0.06,-1.22,24749.58,11983.804,1.2059,0.52,4.87,41185.665,4.9067,56843.17,4.86,50216.905,4.808,47529.24,4.8287,44630.6125,4.799,44541.305,4.9107,49583.5387,5.047,49361.2075
3227,20060418,600064.SH,4.99,5.04,4.8,4.9,4.98,-0.08,-1.61,57621.75,28585.897,2.8075,1.23,4.94,72889.965,4.8667,58706.0133,4.8,53224.155,4.804,47792.97,4.8087,46557.49,4.793,49284.464,4.9713,51499.4187,5.059,48588.554
3228,20060417,600064.SH,4.66,5.06,4.66,4.98,4.72,0.26,5.51,88158.18,43476.961,4.2953,2.36,4.85,59248.145,4.7667,51758.29,4.78,45335.775,4.806,46727.008,4.7812,45380.215,4.77,51973.179,5.0213,53126.6733,5.071,46789.741
3229,20060414,600064.SH,4.6,4.75,4.55,4.72,4.6,0.12,2.61,30338.11,14140.068,1.4782,0.77,4.66,33558.345,4.7133,31061.64,4.7625,36369.215,4.782,37303.078,4.7562,43383.0888,4.747,52415.202,5.048,49650.522,5.0755,43110.5215
3230,20060413,600064.SH,4.81,4.86,4.58,4.6,4.82,-0.22,-4.56,36778.58,17375.223,1.7919,0.89,4.71,31423.405,4.7767,38379.5833,4.7975,39044.32,4.774,39268.376,4.75,50154.4375,4.852,51790.247,5.0933,51070.238,5.0955,42139.31
3231,20060412,600064.SH,4.89,4.94,4.8,4.82,4.91,-0.09,-1.83,26068.23,12627.995,1.2701,0.51,4.865,39180.085,4.8633,39799.5667,4.8175,39890.825,4.79,41553.37,4.7687,57129.4163,4.962,50610.688,5.1267,49971.8633,5.1205,41312.756
3232,20060411,600064.SH,4.82,5.01,4.81,4.91,4.86,0.05,1.03,52291.94,25778.04,2.5478,0.91,4.885,46665.235,4.8167,44498.3567,4.7825,45424.655,4.782,50775.958,4.8875,56881.9575,5.055,53352.643,5.144,48853.7487,5.1395,40896.793
3233,20060410,600064.SH,4.68,4.87,4.65,4.86,4.68,0.18,3.85,41038.53,19548.534,1.9995,0.61,4.77,40601.565,4.74,43135.56,4.75,50396.9625,4.734,57219.35,4.9862,53468.3388,5.129,56326.506,5.1593,46810.652,5.152,39791.316
3234,20060407,600064.SH,4.67,4.73,4.57,4.68,4.68,0.0,0.0,40164.6,18631.855,1.9569,0.62,4.68,44184.075,4.7133,53516.44,4.7025,61264.555,4.712,67527.326,5.0975,55024.495,5.181,55824.244,5.1733,45046.336,5.1565,38349.161
3235,20060406,600064.SH,4.77,4.8,4.67,4.68,4.78,-0.1,-2.09,48203.55,22865.4,2.3486,0.81,4.73,60192.36,4.71,68297.8733,4.72,74368.0075,4.93,64312.118,5.2187,60257.7412,5.253,56971.169,5.2027,43096.288,5.1745,36973.975
3236,20060405,600064.SH,4.7,4.82,4.64,4.78,4.67,0.11,2.36,72181.17,34210.06,3.5169,1.29,4.725,78345.035,4.7333,83089.4933,4.9925,68339.26,5.134,59668.006,5.3062,58734.2862,5.295,54181.11,5.2307,41232.5513,5.191,36253.494
3237,20060404,600064.SH,4.75,4.83,4.58,4.67,4.75,-0.08,-1.68,84508.9,39520.39,4.1175,1.52,4.71,88543.655,5.0633,67058.6233,5.2225,56539.715,5.328,55929.328,5.3837,56165.8712,5.325,47892.644,5.2587,37603.738,5.207,34347.7025
3238,20060403,600064.SH,4.93,4.97,4.5,4.75,5.77,-1.02,-17.68,92578.41,43265.238,4.5107,2.1,5.26,58333.485,5.4067,47216.6533,5.4925,48784.435,5.524,55433.662,5.4375,48140.1288,5.372,41606.303,5.2913,33981.9713,5.2235,32227.2145
3239,20060306,600064.SH,5.7,5.84,5.63,5.77,5.7,0.07,1.23,24088.56,13853.458,1.5492,0.49,5.735,24535.775,5.74,34186.4433,5.7175,46147.475,5.65,44121.162,5.4787,37729.8913,5.404,33805.841,5.3047,28623.106,5.232,30267.621
3240,20060303,600064.SH,5.82,5.83,5.62,5.7,5.75,-0.05,-0.87,24982.99,14254.694,1.6068,0.51,5.725,39235.385,5.7,53500.4467,5.62,49129.3125,5.576,49630.22,5.4,37424.5075,5.339,32488.373,5.256,27861.2607,5.173,30325.319
3241,20060302,600064.SH,5.8,5.96,5.67,5.75,5.65,0.1,1.77,53487.78,31078.227,3.44,1.34,5.7,67759.175,5.5933,57178.0867,5.545,55792.0275,5.456,48694.214,5.3212,36123.3575,5.279,32014.824,5.21,28448.6567,5.126,30300.2475
3242,20060217,600064.SH,5.4,5.75,5.4,5.65,5.38,0.27,5.02,82030.57,46186.692,5.2757,2.95,5.515,59023.24,5.4767,56560.11,5.3825,47495.8225,5.322,39855.96,5.2425,30801.62,5.224,28440.943,5.1667,27153.8273,5.0725,28493.4515
3243,20060216,600064.SH,5.37,5.47,5.31,5.38,5.4,-0.02,-0.37,36015.91,19421.79,2.3163,1.53,5.39,43824.88,5.2933,35984.24,5.24,29312.3075,5.22,27778.944,5.1737,23078.7362,5.175,23256.126,5.1233,24491.732,5.0205,25476.059
3244,20060215,600064.SH,5.1,5.55,5.08,5.4,5.1,0.3,5.88,51633.85,27733.378,3.3208,3.36,5.25,35968.405,5.1933,27077.7733,5.18,25719.7025,5.158,23490.52,5.1512,20795.3687,5.132,20874.078,5.0927,25649.774,4.983,25865.1625
3245,20060214,600064.SH,5.05,5.11,5.05,5.1,5.08,0.02,0.39,20302.96,10323.375,1.3058,1.32,5.09,14799.735,5.1067,17081.6533,5.0975,16454.6875,5.102,15346.526,5.1212,18113.9375,5.096,16976.781,5.0387,23890.352,4.937,24299.1635
3246,20060213,600064.SH,5.12,5.12,5.04,5.08,5.14,-0.06,-1.17,9296.51,4711.23,0.5979,0.55,5.11,15471.0,5.0967,15171.93,5.1025,14107.4175,5.102,15335.434,5.1025,17100.4962,5.087,18325.878,5.016,24168.9253,4.899,24051.0785
3247,20060210,600064.SH,5.05,5.18,5.05,5.14,5.07,0.07,1.38,21645.49,11082.779,1.3921,1.16,5.105,18109.64,5.11,15711.0533,5.1075,16845.165,5.126,17025.926,5.0975,17521.0425,5.089,20802.761,4.9893,24705.9487,4.8615,24402.1345
3248,20060209,600064.SH,5.1,5.23,5.03,5.07,5.12,-0.05,-0.98,14573.79,7476.85,0.9373,0.8,5.095,12743.835,5.0967,15245.0567,5.1225,15871.035,5.13,18733.308,5.0812,19039.5975,5.075,22848.126,4.954,24708.4307,4.815,23730.8915
3249,20060208,600064.SH,5.09,5.13,5.05,5.12,5.1,0.02,0.39,10913.88,5557.792,0.7019,0.59,5.11,15580.69,5.14,16303.45,5.145,19773.1875,5.106,18257.636,5.085,21476.0412,5.06,26729.401,4.9247,26656.71,4.768,23360.2405
3250,20060207,600064.SH,5.2,5.26,5.0,5.1,5.2,-0.1,-1.92,20247.5,10452.249,1.3022,0.95,5.15,18998.235,5.1533,22726.29,5.1025,20093.575,5.09,18607.036,5.07,25374.1987,5.007,28162.265,4.882,27283.376,4.7215,23282.0295
3251,20060206,600064.SH,5.16,5.22,5.07,5.2,5.16,0.04,0.78,17748.97,9160.355,1.1415,0.72,5.18,23965.685,5.1033,20042.2667,5.0875,18196.92,5.072,21316.322,5.0475,29516.5787,4.973,28585.671,4.8313,26956.2933,4.675,22536.875
3252,20060125,600064.SH,4.93,5.19,4.85,5.16,4.95,0.21,4.24,30182.4,15192.263,1.9411,1.12,5.055,21188.915,5.05,18346.2367,5.04,22208.16,5.052,24579.596,4.9712,30453.2725,4.921,28545.96,4.7733,26860.8707,4.623,22110.6635
3253,20060124,600064.SH,5.03,5.03,4.9,4.95,5.04,-0.09,-1.79,12195.43,6047.552,0.7843,0.35,4.995,12428.155,5.0,19550.08,5.025,23178.895,5.02,26962.944,4.9212,29740.6675,4.866,27695.992,4.71,25396.7527,4.5725,21134.504
3254,20060123,600064.SH,5.03,5.05,4.9,5.04,5.01,0.03,0.6,12660.88,6321.687,0.8143,0.34,5.025,23227.405,5.05,26840.05,5.0375,30654.8225,5.014,35201.166,4.8875,30385.2212,4.834,30856.247,4.6553,25061.1087,4.5305,20876.5605
3255,20060120,600064.SH,5.06,5.15,4.9,5.01,5.1,-0.09,-1.76,33793.93,16812.812,2.1734,0.94,5.055,33929.635,5.0367,36652.8033,5.0075,40836.2375,4.924,37717.494,4.8337,31512.9512,4.778,31621.546,4.5987,24840.3607,4.4795,20452.2665
3256,20060119,600064.SH,4.98,5.13,4.96,5.1,5.0,0.1,2.0,34065.34,17181.904,2.1909,1.05,5.05,38082.24,5.0067,43183.6733,4.9025,38698.385,4.874,35855.02,4.7862,32763.4575,4.711,29776.279,4.5427,22943.726,4.431,18979.405
3257,20060118,600064.SH,4.92,5.03,4.85,5.0,4.92,0.08,1.63,42099.14,20866.161,2.7076,1.48,4.96,47742.84,4.8367,40242.7333,4.8175,36302.44,4.79,32512.324,4.7087,31044.5237,4.634,28001.508,4.48,21287.686,4.3805,17614.0565
3258,20060117,600064.SH,4.59,4.96,4.56,4.92,4.59,0.33,7.19,53386.54,25661.53,3.4335,2.01,4.755,39314.53,4.7567,34370.2067,4.7375,30115.62,4.712,28429.04,4.6262,27699.7887,4.555,24613.657,4.4233,19191.6907,4.333,15856.3495
3259,20060116,600064.SH,4.76,4.83,4.57,4.59,4.76,-0.17,-3.57,25242.52,11939.923,1.6234,0.99,4.675,24862.04,4.6767,22358.6467,4.66,22189.665,4.654,26511.328,4.5525,23066.175,4.476,19991.08,4.3693,16101.692,4.288,13358.057
3260,20060113,600064.SH,4.68,4.79,4.56,4.76,4.68,0.08,1.71,24481.56,11441.438,1.5745,1.03,4.72,20916.71,4.6833,21172.0467,4.67,26828.53,4.632,25525.598,4.505,20938.4387,4.436,18401.794,4.3313,14697.1907,4.258,12363.87
3261,20060112,600064.SH,4.63,4.69,4.57,4.68,4.61,0.07,1.52,17351.86,8028.101,1.116,0.74,4.645,19517.29,4.64,27610.8533,4.6,25786.6075,4.548,23697.538,4.4262,18773.34,4.377,16488.079,4.2833,13354.2,4.222,11502.354
3262,20060111,600064.SH,4.64,4.64,4.56,4.61,4.63,-0.02,-0.43,21682.72,9956.855,1.3945,1.04,4.62,32740.35,4.5733,28598.19,4.515,25283.9575,4.478,23490.692,4.365,17773.065,4.325,15675.367,4.244,12647.9673,4.1855,10855.314
3263,20060110,600064.SH,4.45,4.63,4.41,4.63,4.48,0.15,3.35,43797.98,20048.536,2.8168,3.25,4.555,32055.925,4.4833,26484.37,4.445,23942.685,4.398,20798.274,4.31,15730.7762,4.279,14573.016,4.2067,11665.4527,4.154,9993.4235
3264,20060109,600064.SH,4.41,4.51,4.41,4.48,4.34,0.14,3.23,20313.87,9061.244,1.3065,1.8,4.41,17827.565,4.3833,17324.2533,4.34,15048.3475,4.298,13470.832,4.2512,11409.1212,4.227,10896.874,4.166,8973.6333,4.1215,8025.1565
3265,20060106,600064.SH,4.33,4.4,4.29,4.34,4.33,0.01,0.23,15341.26,6655.725,0.9867,1.65,4.335,15829.445,4.2933,13293.1733,4.2525,11760.0725,4.24,11277.99,4.21,10202.2887,4.181,9282.987,4.1333,7976.6273,4.0935,7211.1815
3266,20060105,600064.SH,4.25,4.33,4.23,4.33,4.21,0.12,2.85,16317.63,6998.29,1.0494,2.08,4.27,12269.13,4.2233,10566.3433,4.215,10262.1725,4.206,9278.62,4.1812,9164.2012,4.151,8182.531,4.1133,7437.2927,4.0715,6638.3085
3267,20060104,600064.SH,4.17,4.23,4.13,4.21,4.13,0.08,1.94,8220.63,3447.168,0.5287,0.98,4.17,7690.7,4.1767,8243.6867,4.175,7518.8675,4.172,7860.042,4.1425,7646.3725,4.127,7226.605,4.088,6643.5213,4.049,6011.4715
3268,20051230,600064.SH,4.22,4.22,4.1,4.13,4.19,-0.06,-1.43,7160.77,2973.952,0.4605,0.86,4.16,8255.215,4.1633,7284.9467,4.1625,7769.895,4.16,8347.758,4.1212,7160.8812,4.111,7099.042,4.0727,6391.8067,4.0305,5893.2
3269,20051229,600064.SH,4.16,4.2,4.15,4.19,4.17,0.02,0.48,9349.66,3899.056,0.6013,1.28,4.18,7347.035,4.1733,7972.9367,4.1675,8644.505,4.156,8322.916,4.1162,7110.5812,4.1,6725.034,4.0627,6209.9313,4.021,5812.661
3270,20051228,600064.SH,4.18,4.18,4.14,4.17,4.16,0.01,0.24,5344.41,2222.223,0.3437,0.75,4.165,7284.575,4.16,8409.4533,4.1475,8066.23,4.122,7287.984,4.0987,6809.9987,4.08,6325.946,4.0447,5855.5787,4.012,5535.874
3271,20051227,600064.SH,4.16,4.23,4.13,4.16,4.15,0.01,0.24,9224.74,3855.736,0.5933,1.4,4.155,9941.975,4.14,8973.5033,4.11,7773.8775,4.096,7086.442,4.08,6569.5337,4.067,6516.629,4.0267,5758.2047,4.004,5636.038
3272,20051226,600064.SH,4.12,4.15,4.09,4.15,4.11,0.04,0.97,10659.21,4399.881,0.6855,1.82,4.13,8847.885,4.0933,7290.2567,4.08,6551.8675,4.082,6593.168,4.0587,6086.2887,4.046,6035.261,4.008,5395.2813,4.0,5474.249
3273,20051223,600064.SH,4.06,4.12,4.02,4.11,4.02,0.09,2.24,7036.56,2867.366,0.4525,1.37,4.065,5605.78,4.0567,5182.7533,4.065,5576.6575,4.062,5850.326,4.045,5660.2925,4.029,5413.831,3.9873,5075.014,4.0005,5331.0295
3274,20051222,600064.SH,4.01,4.04,4.01,4.02,4.04,-0.02,-0.5,4175.0,1678.979,0.2685,0.78,4.03,4255.85,4.05,5090.0233,4.05,5553.7675,4.044,5127.152,4.025,5332.105,4.016,5153.439,3.976,4975.9093,4.0005,5435.8735
3275,20051221,600064.SH,4.06,4.11,4.02,4.04,4.09,-0.05,-1.22,4336.7,1761.673,0.2789,0.73,4.065,5547.535,4.06,6013.3567,4.05,5365.19,4.038,5363.908,4.02,5365.8437,4.006,5139.376,3.9753,4951.8373,4.0035,5410.2195
3276,20051220,600064.SH,4.06,4.1,4.03,4.09,4.05,0.04,0.99,6758.37,2748.855,0.4347,1.23,4.07,6851.685,4.0533,5708.02,4.0375,5620.71,4.038,5946.816,4.0125,5377.8362,3.992,5094.086,3.9733,5152.57,4.003,5723.6805
3277,20051219,600064.SH,4.02,4.1,4.02,4.05,4.02,0.03,0.75,6945.0,2825.234,0.4467,1.4,4.035,5182.845,4.02,5241.49,4.025,5743.9275,4.01,5477.354,3.9912,5037.3362,3.971,4796.338,3.9727,5101.276,4.0025,5769.9845
3278,20051216,600064.SH,3.99,4.03,3.97,4.02,3.99,0.03,0.75,3420.69,1373.48,0.22,0.66,4.005,4389.735,4.0167,5343.57,4.0,5110.4425,3.996,4977.336,3.9725,4654.6862,3.95,4687.358,3.98,5157.9307,4.0045,5891.7755
3279,20051215,600064.SH,4.01,4.04,3.98,3.99,4.04,-0.05,-1.24,5358.78,2145.521,0.3446,1.09,4.015,6305.01,3.9933,5673.6933,3.99,5366.4975,3.988,5179.726,3.955,4699.7112,3.942,4900.288,3.986,5538.7807,4.0025,6048.9905
3280,20051214,600064.SH,3.95,4.05,3.94,4.04,3.95,0.09,2.28,7251.24,2901.214,0.4664,1.71,3.995,5831.15,3.99,5369.07,3.9875,5134.9625,3.974,4914.844,3.9362,4761.7637,3.944,4745.802,3.992,5425.6567,4.0055,6264.745
3281,20051213,600064.SH,3.95,3.99,3.91,3.95,3.98,-0.03,-0.75,4411.06,1735.095,0.2837,1.07,3.965,4427.985,3.97,4429.5367,3.9575,4330.745,3.946,4241.356,3.9237,4549.1075,3.941,4755.447,3.9913,5649.302,4.004,6226.1695
3282,20051212,600064.SH,4.01,4.01,3.96,3.98,3.98,0.0,0.0,4444.91,1767.664,0.2859,1.01,3.98,4438.775,3.96,4303.9733,3.945,4198.93,3.932,4115.322,3.9312,4474.465,3.954,4913.237,4.0,5867.528,4.008,6324.8485
3283,20051209,600064.SH,3.9,4.01,3.88,3.98,3.92,0.06,1.53,4432.64,1755.773,0.2851,0.96,3.95,4233.505,3.9333,4116.9367,3.92,4032.925,3.904,4397.38,3.935,4837.3125,3.972,5248.228,4.0073,6196.5887,4.0105,6577.0795
3284,20051208,600064.SH,3.92,3.92,3.87,3.92,3.9,0.02,0.51,4034.37,1570.364,0.2595,0.88,3.91,3959.085,3.9,3899.6867,3.885,4388.565,3.896,4620.85,3.9475,5031.8525,3.985,5718.308,4.0073,6338.7453,4.0135,6993.7965
3285,20051207,600064.SH,3.88,3.91,3.85,3.9,3.88,0.02,0.52,3883.8,1504.908,0.2498,0.74,3.89,3832.345,3.8733,4506.63,3.89,4767.47,3.914,4576.76,3.9775,5501.9087,4.001,5681.063,4.016,6714.712,4.0315,7398.3185
3286,20051206,600064.SH,3.84,3.91,3.83,3.88,3.84,0.04,1.04,3780.89,1464.946,0.2432,0.66,3.86,4818.045,3.8867,5062.0267,3.9175,4750.0,3.936,5269.538,4.0037,6158.1137,4.014,6353.275,4.0233,6887.774,4.05,7628.402
3287,20051205,600064.SH,3.93,3.94,3.82,3.84,3.94,-0.1,-2.54,5855.2,2271.086,0.3766,0.96,3.89,5702.595,3.93,5073.0367,3.95,5641.7,3.976,5711.152,4.0287,6143.2425,4.034,6743.631,4.0333,7061.3573,4.069,7902.725
3288,20051202,600064.SH,4.05,4.05,3.92,3.94,4.01,-0.07,-1.75,5549.99,2204.682,0.3569,0.81,3.975,4681.955,3.9867,5570.5333,4.01,5675.14,4.04,6099.076,4.0525,6737.0825,4.059,7096.193,4.046,7303.646,4.0875,8099.2535
3289,20051201,600064.SH,4.06,4.06,3.97,4.01,4.01,0.0,0.0,3813.92,1523.912,0.2453,0.56,4.01,5580.805,4.0333,5716.8567,4.065,6236.3475,4.074,6815.766,4.07,7003.89,4.063,7197.693,4.0527,7784.7787,4.0995,8371.454
3290,20051130,600064.SH,4.04,4.05,3.95,4.01,4.08,-0.07,-1.72,7347.69,2936.979,0.4726,0.99,4.045,6668.325,4.0833,7043.8233,4.09,7566.2275,4.088,6785.366,4.08,7699.7525,4.067,7783.688,4.0707,8338.838,4.115,8907.74
3291,20051128,600064.SH,4.17,4.2,4.07,4.08,4.16,-0.08,-1.92,5988.96,2460.891,0.3852,0.77,4.12,6891.89,4.1167,7639.0733,4.1075,6644.785,4.092,7437.012,4.0762,7601.915,4.067,7696.892,4.088,8414.69,4.1285,8989.029
3292,20051125,600064.SH,4.12,4.17,4.08,4.16,4.11,0.05,1.22,7794.82,3222.635,0.5013,0.96,4.135,8464.13,4.1167,6863.3933,4.095,7799.025,4.092,7776.11,4.0725,8062.5287,4.062,7736.46,4.1,8633.2493,4.1365,9415.54
3293,20051124,600064.SH,4.05,4.14,4.05,4.11,4.08,0.03,0.74,9133.44,3747.045,0.5874,1.2,4.095,6397.68,4.0733,7800.4267,4.075,7771.4325,4.078,8093.31,4.0537,7898.1425,4.049,7905.931,4.1033,8765.9793,4.1445,10184.947
3294,20051123,600064.SH,4.01,4.08,3.99,4.08,4.03,0.05,1.24,3661.92,1479.896,0.2355,0.42,4.055,7133.92,4.0633,7317.43,4.07,7833.2775,4.052,7579.62,4.0437,7554.5425,4.042,8269.285,4.108,8890.0167,4.1675,10866.948
3295,20051122,600064.SH,4.09,4.16,4.0,4.03,4.08,-0.05,-1.23,10605.92,4357.461,0.6821,1.33,4.055,9145.185,4.0667,9223.73,4.045,8559.045,4.046,8782.01,4.0375,8282.9937,4.062,9115.574,4.124,9615.198,4.199,11972.5105
3296,20051121,600064.SH,4.09,4.12,4.06,4.08,4.09,-0.01,-0.24,7684.45,3139.551,0.4942,1.0,4.085,8532.635,4.05,7876.7533,4.05,8326.0325,4.042,7956.772,4.0387,8553.1262,4.086,8903.529,4.1407,9506.368,4.2365,12941.7455
3297,20051118,600064.SH,3.96,4.12,3.96,4.09,3.98,0.11,2.76,9380.82,3814.483,0.6033,1.22,4.035,7972.905,4.04,8539.8933,4.0325,8024.8525,4.032,7696.81,4.0637,9108.1712,4.104,9061.819,4.1513,9962.0167,4.2725,15061.1965
3298,20051117,600064.SH,4.05,4.07,3.98,3.98,4.05,-0.07,-1.73,6564.99,2634.213,0.4222,0.73,4.015,8119.43,4.0133,7572.8633,4.0175,7275.8075,4.02,7718.552,4.0862,8996.2525,4.116,9102.314,4.1667,10882.1593,4.308,16623.297
3299,20051116,600064.SH,3.99,4.06,3.84,4.05,4.01,0.04,1.0,9673.87,3812.484,0.6222,1.02,4.03,8076.8,4.03,7512.7467,4.03,8006.9425,4.032,8958.95,4.1212,9334.0475,4.136,9545.215,4.206,11962.724,4.336,17421.763
3300,20051115,600064.SH,4.04,4.08,4.01,4.01,4.03,-0.02,-0.5,6479.73,2623.253,0.4167,0.66,4.02,6432.185,4.0233,7451.3,4.0275,8780.22,4.078,9449.138,4.1412,9348.035,4.163,10031.792,4.25,13036.0107,4.365,17878.7675
3301,20051114,600064.SH,4.03,4.06,3.98,4.03,4.03,0.0,0.0,6384.64,2552.644,0.4106,0.61,4.03,7937.085,4.0333,9547.05,4.095,10191.49,4.13,9850.286,4.1625,9912.3187,4.19,10281.166,4.3013,14603.4033,4.403,18219.718
3302,20051111,600064.SH,4.04,4.09,3.98,4.03,4.04,-0.01,-0.25,9489.53,3831.938,0.6103,0.9,4.035,11128.255,4.1167,11460.44,4.155,10716.6975,4.176,10426.828,4.1987,10931.6937,4.211,11094.62,4.3527,17515.992,4.441,18745.8225
3303,20051110,600064.SH,4.25,4.25,3.97,4.04,4.28,-0.24,-5.61,12766.98,5259.835,0.8211,1.26,4.16,12445.895,4.1967,11125.7533,4.2125,10661.1525,4.212,10486.076,4.23,10867.1862,4.24,12463.963,4.404,19591.5453,4.4695,19477.145
3304,20051109,600064.SH,4.26,4.3,4.22,4.28,4.27,0.01,0.23,12124.81,5165.898,0.7798,1.14,4.275,10305.14,4.27,9959.21,4.255,9915.85,4.24,10131.48,4.255,11086.2112,4.293,13464.611,4.4373,20242.7007,4.5025,19923.376
3305,20051108,600064.SH,4.26,4.3,4.17,4.27,4.26,0.01,0.23,8485.47,3602.191,0.5457,0.79,4.265,8876.41,4.2467,9179.53,4.23,9633.1475,4.248,10614.446,4.26,12468.48,4.336,14829.447,4.4607,20688.644,4.527,21499.5045
3306,20051107,600064.SH,4.2,4.28,4.12,4.26,4.21,0.05,1.19,9267.35,3885.207,0.596,0.79,4.235,9526.56,4.2167,10015.7067,4.2425,11146.69,4.25,10712.046,4.2975,14254.4787,4.387,16979.962,4.494,21009.5287,4.5525,22803.5185
3307,20051104,600064.SH,4.16,4.21,4.13,4.21,4.18,0.03,0.72,9785.77,4083.604,0.6294,0.68,4.195,10389.885,4.2367,11773.1367,4.2475,11073.22,4.246,11762.412,4.3537,16317.7062,4.441,21060.574,4.5293,21518.8207,4.5645,23197.699
3308,20051103,600064.SH,4.32,4.34,4.17,4.18,4.32,-0.14,-3.24,10994.0,4661.909,0.7071,0.65,4.25,12766.82,4.26,11502.37,4.255,12256.5725,4.268,14441.85,4.425,18843.3125,4.5,24144.28,4.5553,22474.168,4.583,25204.724
3309,20051102,600064.SH,4.29,4.37,4.26,4.32,4.28,0.04,0.93,14539.64,6294.379,0.9351,0.76,4.3,11756.555,4.28,12677.43,4.29,15303.8125,4.346,16797.742,4.5025,23728.2462,4.536,25298.311,4.59,23187.3413,4.6,26987.0295
3310,20051101,600064.SH,4.24,4.31,4.18,4.28,4.24,0.04,0.94,8973.47,3796.972,0.5771,0.39,4.26,11746.325,4.28,15558.5367,4.3525,17362.2675,4.424,19044.448,4.5625,26988.645,4.567,25725.743,4.62,25127.8573,4.5965,27042.9335
3311,20051031,600064.SH,4.32,4.34,4.12,4.24,4.32,-0.08,-1.85,14519.18,6127.773,0.9338,0.48,4.28,18851.07,4.3767,20158.5333,4.46,21562.1925,4.524,23247.878,4.595,28683.75,4.616,26158.27,4.6533,26834.0093,4.6,27669.965
3312,20051028,600064.SH,4.56,4.58,4.22,4.32,4.57,-0.25,-5.47,23182.96,10090.135,1.491,0.68,4.445,22978.21,4.5333,23909.8633,4.595,25430.0525,4.636,30358.736,4.6437,29220.5975,4.671,26397.025,4.6707,27009.4613,4.6135,29453.5145
3313,20051027,600064.SH,4.67,4.67,4.42,4.57,4.71,-0.14,-2.97,22773.46,10281.525,1.4646,0.67,4.64,24273.315,4.6867,26179.0833,4.715,32152.68,4.732,33846.71,4.7,27985.07,4.699,26490.327,4.688,28792.3487,4.6145,29750.7955
3314,20051026,600064.SH,4.79,4.86,4.66,4.71,4.78,-0.07,-1.46,25773.17,12229.513,1.6576,0.8,4.745,27881.895,4.7633,35279.0867,4.7725,36615.0225,4.726,33798.88,4.7275,27251.7287,4.712,26382.141,4.6847,30383.4587,4.592,29346.9285
3315,20051025,600064.SH,4.82,4.95,4.75,4.78,4.8,-0.02,-0.42,29990.62,14480.875,1.9288,1.03,4.79,40032.045,4.7933,40228.9733,4.73,35805.3075,4.71,32407.038,4.7137,27044.58,4.718,28169.562,4.654,29709.0953,4.57,28573.02
3316,20051024,600064.SH,4.84,4.92,4.71,4.8,4.8,0.0,0.0,50073.47,24298.148,3.2204,2.23,4.8,45348.15,4.7133,37743.5367,4.6925,33011.1425,4.708,29068.662,4.7037,26007.2025,4.718,28627.075,4.6253,29143.994,4.5515,27855.852
3317,20051021,600064.SH,4.54,4.84,4.48,4.8,4.54,0.26,5.73,40622.83,19164.663,2.6126,2.12,4.67,31578.57,4.6567,27323.7,4.685,23817.46,4.706,22435.314,4.7,25203.9412,4.688,25334.824,4.606,29151.774,4.5355,26106.2315
3318,20051020,600064.SH,4.62,4.62,4.42,4.54,4.63,-0.09,-1.94,22534.31,10124.257,1.4493,1.19,4.585,20674.135,4.6467,18215.67,4.6825,17888.435,4.666,19133.944,4.6975,24446.8062,4.666,26265.168,4.5753,28385.4907,4.5175,24533.8695
3319,20051019,600064.SH,4.79,4.84,4.61,4.63,4.77,-0.14,-2.94,18813.96,8911.93,1.21,0.79,4.7,16056.35,4.73,16339.81,4.6975,18283.8525,4.698,18965.402,4.6925,23773.8875,4.664,28675.748,4.5473,27862.9447,4.5155,24593.505
3320,20051018,600064.SH,4.8,4.8,4.71,4.77,4.79,-0.02,-0.42,13298.74,6335.794,0.8553,0.47,4.78,15102.735,4.72,18107.15,4.715,19003.2625,4.726,23932.086,4.6862,27662.9262,4.626,28360.124,4.5233,27295.014,4.5055,24514.5625
3321,20051017,600064.SH,4.59,4.8,4.58,4.79,4.6,0.19,4.13,16906.73,7899.703,1.0873,0.6,4.695,20511.355,4.6967,20904.77,4.715,26590.4225,4.728,28185.488,4.655,31830.5975,4.584,29181.66,4.4993,27451.582,4.4875,24493.7085
3322,20051014,600064.SH,4.69,4.83,4.56,4.6,4.7,-0.1,-2.13,24115.98,11291.928,1.551,0.72,4.65,22903.79,4.69,29818.32,4.7125,31005.1775,4.67,28234.334,4.5875,31674.4712,4.556,32510.004,4.4787,27329.8707,4.4645,24019.391
3323,20051013,600064.SH,4.8,4.85,4.68,4.7,4.77,-0.07,-1.47,21691.6,10305.165,1.3951,0.57,4.735,32669.49,4.75,33301.5767,4.6875,29263.9225,4.666,33396.392,4.5562,31349.2362,4.53,33011.264,4.468,26333.8447,4.452,23349.657
3324,20051012,600064.SH,4.78,4.9,4.66,4.77,4.78,-0.01,-0.21,43647.38,20959.069,2.8071,1.33,4.775,39106.565,4.6833,31788.03,4.6575,36322.59,4.63,38386.094,4.5325,34911.5575,4.472,32311.716,4.4547,26469.5393,4.435,23005.7255
3325,20051011,600064.SH,4.46,4.81,4.46,4.78,4.5,0.28,6.22,34565.75,16204.796,2.2231,1.15,4.64,25858.355,4.62,33880.9933,4.595,37070.7725,4.526,32788.162,4.4787,33096.7075,4.422,28976.478,4.432,24708.7213,4.4165,21621.975
3326,20051010,600064.SH,4.59,4.65,4.41,4.5,4.58,-0.08,-1.75,17150.96,7737.54,1.103,0.47,4.54,33538.615,4.5333,37905.78,4.4625,32343.765,4.44,30177.832,4.3962,30613.0037,4.385,27084.629,4.4073,23263.1153,4.3915,21515.252
3327,20050930,600064.SH,4.55,4.71,4.52,4.58,4.52,0.06,1.33,49926.27,23048.318,3.2109,1.53,4.55,48283.19,4.45,37408.0333,4.425,33434.55,4.442,36785.674,4.3675,29756.0087,4.383,26877.639,4.396,22614.41,4.392,21929.84
3328,20050929,600064.SH,4.31,4.64,4.31,4.52,4.25,0.27,6.35,46640.11,21054.801,2.9996,1.78,4.385,31148.915,4.3733,27937.31,4.4075,33500.525,4.394,32626.136,4.3462,25471.1325,4.369,22802.571,4.3807,20000.7453,4.384,20830.073
3329,20050928,600064.SH,4.35,4.37,4.18,4.25,4.35,-0.1,-2.3,15657.72,6652.762,1.007,0.62,4.3,18585.91,4.37,29120.6633,4.3625,29122.6425,4.314,26237.338,4.3412,21526.2513,4.367,20511.262,4.37,17878.936,4.3805,21751.2965
3330,20050927,600064.SH,4.5,4.51,4.34,4.35,4.51,-0.16,-3.55,21514.1,9522.928,1.3837,0.9,4.43,35852.135,4.4,33610.95,4.33,28882.2425,4.318,25164.794,4.365,20715.985,4.385,20669.001,4.38,17899.9127,4.3895,24312.494
3331,20050926,600064.SH,4.37,4.54,4.33,4.51,4.34,0.17,3.92,50190.17,22377.905,3.2279,2.96,4.425,39659.375,4.3233,31338.29,4.31,26077.4675,4.33,23991.426,4.3837,20992.6,4.391,19805.757,4.3753,18627.7253,4.3805,24372.1355
3332,20050923,600064.SH,4.13,4.35,4.13,4.34,4.12,0.22,5.34,29128.58,12450.145,1.8734,2.24,4.23,21912.35,4.2433,18039.9,4.285,17441.74,4.324,16969.604,4.3737,16873.2175,4.373,15528.778,4.3753,16977.8953,4.3565,22435.554
3333,20050922,600064.SH,4.26,4.29,4.1,4.12,4.27,-0.15,-3.51,14696.12,6165.018,0.9452,0.99,4.195,12495.56,4.2667,13546.1267,4.32,13929.86,4.344,12979.006,4.3825,14842.3525,4.374,13688.05,4.3807,16898.052,4.341,21353.956
3334,20050921,600064.SH,4.38,4.4,4.27,4.27,4.41,-0.14,-3.17,10295.0,4442.324,0.6621,0.64,4.34,12971.13,4.3867,13674.44,4.4,12549.7275,4.42,14785.186,4.4087,13932.885,4.398,13699.735,4.4027,20255.9493,4.3335,20866.8565
3335,20050920,600064.SH,4.48,4.51,4.37,4.41,4.48,-0.07,-1.56,15647.26,6929.767,1.0063,1.0,4.445,15364.16,4.4433,13301.3033,4.4575,15907.7325,4.452,16173.208,4.4187,13986.1725,4.411,14267.472,4.4133,24028.394,4.3185,20604.47
3336,20050919,600064.SH,4.46,4.5,4.44,4.48,4.44,0.04,0.9,15081.06,6757.137,0.9699,1.07,4.46,12128.325,4.4733,15994.5567,4.4625,16304.695,4.452,15620.088,4.4125,13881.8863,4.398,15945.875,4.3973,24499.0387,4.2965,20070.6065
3337,20050916,600064.SH,4.5,4.5,4.4,4.44,4.5,-0.06,-1.33,9175.59,4067.921,0.5901,0.64,4.47,16451.305,4.4567,16712.5733,4.445,15754.845,4.422,14087.952,4.4025,13993.3,4.401,16982.041,4.3673,24257.5373,4.2735,19650.503
3338,20050915,600064.SH,4.42,4.51,4.42,4.5,4.43,0.07,1.58,23727.02,10646.458,1.526,1.88,4.465,20481.065,4.4467,17947.93,4.4175,15316.0425,4.404,14397.094,4.3825,16900.2625,4.399,18857.575,4.34,24145.606,4.252,19645.634
3339,20050914,600064.SH,4.42,4.46,4.38,4.43,4.41,0.02,0.45,17235.11,7619.488,1.1085,1.39,4.42,15058.385,4.39,12512.3833,4.38,12064.6125,4.376,12614.284,4.3837,17114.725,4.394,22991.331,4.3047,22894.08,4.23,19802.048
3340,20050913,600064.SH,4.34,4.41,4.31,4.41,4.33,0.08,1.85,12881.66,5617.833,0.8285,0.79,4.37,10151.02,4.3633,10341.1133,4.3625,11459.0775,4.37,12361.736,4.3825,18451.7025,4.394,27955.987,4.274,22081.5573,4.2115,19388.814
3341,20050912,600064.SH,4.3,4.35,4.29,4.33,4.35,-0.02,-0.46,7420.38,3204.363,0.4772,0.37,4.34,9070.84,4.3467,10984.8833,4.36,12231.755,4.344,16271.662,4.3875,24974.5675,4.37,28938.514,4.2447,21554.1127,4.195,19168.2215
3342,20050909,600064.SH,4.36,4.39,4.33,4.35,4.36,-0.01,-0.23,10721.3,4674.08,0.6895,0.46,4.355,12767.135,4.37,13835.5467,4.3475,18484.4825,4.38,19876.13,4.4,32407.2288,4.34,29342.33,4.224,21504.6867,4.1785,19459.9465
3343,20050908,600064.SH,4.4,4.42,4.3,4.36,4.4,-0.04,-0.91,14812.97,6473.244,0.9527,0.44,4.38,15392.67,4.3467,21072.21,4.3875,22164.8375,4.394,23318.056,4.3775,33905.4325,4.308,29019.862,4.2013,21395.1473,4.167,19671.4115
3344,20050907,600064.SH,4.3,4.41,4.25,4.4,4.28,0.12,2.8,15972.37,6914.466,1.0272,0.37,4.34,24201.83,4.3967,24615.46,4.4025,25444.3275,4.412,33368.378,4.3362,33486.1288,4.269,28033.978,4.1813,22197.9693,4.1535,19429.6685
3345,20050906,600064.SH,4.52,4.54,4.25,4.28,4.51,-0.23,-5.1,32431.29,14262.298,2.0858,0.78,4.395,28937.005,4.4033,28601.6467,4.415,37717.38,4.418,43550.238,4.29,32426.66,4.226,26941.468,4.1587,21731.1733,4.1365,19070.1615
3346,20050905,600064.SH,4.5,4.59,4.43,4.51,4.42,0.09,2.04,25442.72,11478.236,1.6363,0.66,4.465,26686.825,4.46,39479.41,4.4525,46329.975,4.396,41605.366,4.2512,28992.015,4.195,24195.338,4.1453,20133.7413,4.124,18296.9825
3347,20050902,600064.SH,4.46,4.52,4.34,4.42,4.45,-0.03,-0.67,27930.93,12351.212,1.7963,0.8,4.435,46497.755,4.4333,53292.3933,4.3675,45646.0275,4.3,38808.53,4.1837,26442.5838,4.146,22318.965,4.1113,19321.2187,4.0955,17600.4095
3348,20050901,600064.SH,4.49,4.64,4.37,4.45,4.43,0.02,0.45,65064.58,29350.072,4.1846,2.87,4.44,65973.125,4.35,51551.06,4.27,41527.93,4.222,34721.668,4.1275,23572.4663,4.105,20433.693,4.0913,18455.8633,4.067,16894.478
3349,20050831,600064.SH,4.17,4.48,4.15,4.43,4.17,0.26,6.24,66881.67,29028.668,4.3014,6.47,4.3,44794.3,4.21,33682.38,4.165,27135.94,4.126,22699.578,4.0737,16274.2675,4.066,16612.765,4.0673,14783.432,4.0365,14317.28
3350,20050830,600064.SH,4.04,4.17,4.04,4.17,4.03,0.14,3.47,22706.93,9373.699,1.4604,3.35,4.1,17082.735,4.0767,13887.3633,4.05,11654.055,4.034,10332.698,4.0212,9048.835,4.029,10821.641,4.0427,10910.136,4.0045,11271.0545
3351,20050829,600064.SH,4.06,4.09,3.99,4.03,4.03,0.0,0.0,11458.54,4644.225,0.7369,1.97,4.03,9477.58,4.01,7969.7633,4.0,7239.14,3.994,6785.31,4.0075,9567.3813,4.02,9397.929,4.0333,10527.5213,3.9815,10254.0095
3352,20050826,600064.SH,3.99,4.06,3.94,4.03,3.97,0.06,1.51,7496.62,2998.617,0.4821,1.22,4.0,6225.375,3.99,5832.6733,3.985,5617.0025,3.992,5829.4,4.0112,9256.3675,4.017,9577.563,4.0273,10531.036,3.9645,9872.184
3353,20050825,600064.SH,3.98,3.99,3.92,3.97,3.97,0.0,0.0,4954.13,1958.033,0.3186,0.47,3.97,5000.7,3.97,4990.4633,3.9825,5412.595,3.988,6145.718,4.0175,9378.0163,4.026,10322.961,4.0153,10952.0813,3.949,9868.921
3354,20050824,600064.SH,3.92,3.99,3.92,3.97,3.97,0.0,0.0,5047.27,1998.413,0.3246,0.45,3.97,5008.63,3.9867,5565.4167,3.9925,6443.615,4.006,10525.952,4.0212,10415.61,4.038,10825.359,4.0067,11523.1807,3.939,9860.2955
3355,20050823,600064.SH,4.02,4.04,3.92,3.97,4.02,-0.05,-1.24,4969.99,1971.561,0.3196,0.41,3.995,5824.49,4.0,6909.0633,4.015,11895.6225,4.024,11310.584,4.04,11653.5263,4.047,11198.855,3.9947,11583.84,3.926,9860.256
3356,20050822,600064.SH,4.01,4.02,3.93,4.02,4.01,0.01,0.25,6678.99,2658.22,0.4296,0.5,4.015,7878.6,4.03,14204.1667,4.0375,12895.7325,4.046,12010.548,4.055,12279.5413,4.053,12398.627,3.9773,11410.2427,3.911,9769.806
3357,20050819,600064.SH,4.11,4.11,3.91,4.01,4.06,-0.05,-1.23,9078.21,3633.654,0.5839,0.63,4.035,17966.755,4.0433,14967.98,4.0525,13343.4375,4.042,13325.726,4.06,12542.4462,4.045,12881.854,3.9553,11219.7787,3.896,9801.349
3358,20050818,600064.SH,4.18,4.3,4.03,4.06,4.06,0.0,0.0,26855.3,11320.17,1.7272,2.41,4.06,17912.865,4.0667,14765.18,4.05,14387.605,4.064,14500.204,4.0625,13528.6338,4.029,13355.263,3.936,11109.9887,3.8745,9464.691
3359,20050816,600064.SH,4.1,4.12,4.01,4.06,4.08,-0.02,-0.49,8970.43,3645.877,0.5769,0.81,4.07,8720.12,4.0467,10231.7067,4.065,11411.43,4.07,11124.766,4.0475,11610.6287,4.007,12021.795,3.9167,9638.41,3.848,8212.551
3360,20050815,600064.SH,4.0,4.1,4.0,4.08,4.0,0.08,2.0,8469.81,3423.725,0.5447,0.66,4.04,10862.345,4.0667,12225.0967,4.0725,11663.35,4.07,11087.126,4.0212,12215.8625,3.98,11720.468,3.8933,9376.8133,3.82,7887.7755
3361,20050812,600064.SH,4.12,4.13,4.0,4.0,4.12,-0.12,-2.91,13254.88,5384.841,0.8525,1.07,4.06,14102.74,4.07,12727.8633,4.0675,11741.455,4.06,12786.706,3.9912,12847.2137,3.943,11110.09,3.866,9022.892,3.791,7629.385
3362,20050811,600064.SH,4.09,4.13,4.04,4.12,4.09,0.03,0.73,14950.6,6103.412,0.9615,1.22,4.105,12464.355,4.09,11236.98,4.075,12669.6625,4.048,12437.982,3.965,11934.9987,3.912,10166.805,3.8473,8626.5567,3.7745,7100.031
3363,20050810,600064.SH,4.05,4.1,3.98,4.09,4.06,0.03,0.74,9978.11,4041.287,0.6417,0.77,4.075,9380.17,4.06,11909.35,4.03,11809.8275,3.994,12210.322,3.9137,10361.9275,3.872,9414.881,3.8113,7786.1867,3.758,6502.3545
3364,20050809,600064.SH,4.02,4.06,3.99,4.06,4.03,0.03,0.74,8782.23,3547.048,0.5648,0.71,4.045,12874.97,4.01,12420.4,3.97,12768.375,3.944,12918.824,3.8637,9592.4175,3.84,8895.232,3.774,7241.8127,3.74,6144.849
3365,20050808,600064.SH,4.0,4.07,3.98,4.03,3.94,0.09,2.28,16967.71,6808.692,1.0913,1.8,3.985,14239.485,3.94,14097.09,3.915,13952.9725,3.89,12353.81,3.8212,9423.5587,3.805,8521.657,3.7367,6821.3253,3.7235,5935.0525
3366,20050805,600064.SH,3.85,3.95,3.84,3.94,3.85,0.09,2.34,11511.26,4484.928,0.7403,1.46,3.895,12661.78,3.8767,12948.06,3.855,11200.335,3.826,9433.474,3.7887,7900.2975,3.769,7140.985,3.7013,5910.278,3.7035,5238.817
3367,20050804,600064.SH,3.87,3.9,3.82,3.85,3.84,0.01,0.26,13812.3,5337.533,0.8883,2.09,3.845,13666.46,3.8267,11096.6933,3.7975,8914.0275,3.776,7895.628,3.76,7092.2,3.747,6720.844,3.6833,5320.714,3.6945,4791.254
3368,20050803,600064.SH,3.82,3.89,3.77,3.84,3.79,0.05,1.32,13520.62,5205.204,0.8696,2.78,3.815,9738.89,3.78,7281.27,3.7575,6416.46,3.75,6619.44,3.7375,5760.7862,3.72,5574.119,3.6793,4599.6987,3.694,4200.2385
3369,20050802,600064.SH,3.69,3.8,3.69,3.79,3.71,0.08,2.16,5957.16,2239.114,0.3831,1.27,3.75,4161.595,3.73,4048.4067,3.7275,4894.145,3.736,4871.64,3.7225,4984.44,3.689,4403.307,3.672,3886.8573,3.6955,3642.1075
3370,20050801,600064.SH,3.69,3.73,3.67,3.71,3.69,0.02,0.54,2366.03,874.485,0.1522,0.49,3.7,3094.03,3.7067,4539.8067,3.7225,4600.26,3.72,4689.504,3.6962,4532.9262,3.66,4055.083,3.668,3795.4667,3.7,3515.5445
3371,20050729,600064.SH,3.7,3.71,3.65,3.69,3.72,-0.03,-0.81,3822.03,1406.844,0.2458,0.69,3.705,5626.695,3.7267,5345.0033,3.7225,5270.3725,3.712,4848.496,3.6737,4463.735,3.639,4148.68,3.6627,3840.598,3.712,3801.7015
3372,20050728,600064.SH,3.77,3.79,3.7,3.72,3.77,-0.05,-1.33,7431.36,2788.329,0.4779,1.64,3.745,6106.49,3.7333,5753.1533,3.7175,5105.1125,3.718,5546.06,3.65,4295.3462,3.637,4033.257,3.6673,3756.4627,3.727,3933.5195
3373,20050727,600064.SH,3.71,3.78,3.7,3.77,3.71,0.06,1.62,4781.62,1787.68,0.3075,1.22,3.74,4914.05,3.7167,4329.6967,3.7175,5074.735,3.69,4528.798,3.6225,3779.1762,3.644,3589.828,3.6753,3393.838,3.747,3976.646
3374,20050726,600064.SH,3.66,3.76,3.66,3.71,3.67,0.04,1.09,5046.48,1879.03,0.3246,1.48,3.69,4103.735,3.7,5172.44,3.67,4465.5925,3.642,3934.974,3.61,3514.9487,3.64,3394.466,3.682,3232.2633,3.7695,4155.414
3375,20050725,600064.SH,3.72,3.72,3.64,3.67,3.72,-0.05,-1.34,3160.99,1158.962,0.2033,0.92,3.695,5235.42,3.6567,4271.9633,3.625,3657.0975,3.6,3420.662,3.62,3258.7725,3.642,3348.448,3.6933,3124.2247,3.7995,5843.319
3376,20050722,600064.SH,3.58,3.76,3.57,3.72,3.58,0.14,3.91,7309.85,2684.686,0.4701,2.9,3.65,4827.45,3.61,3822.4667,3.5825,3485.58,3.566,3448.864,3.6275,3217.1487,3.638,3336.649,3.712,3452.77,3.832,6952.1535
3377,20050721,600064.SH,3.52,3.59,3.45,3.58,3.53,0.05,1.42,2345.05,825.494,0.1508,0.88,3.555,2078.775,3.5367,2210.8233,3.5275,2483.6175,3.556,2520.454,3.6287,2876.705,3.642,2861.664,3.73,3396.006,3.8525,6875.0555
3378,20050720,600064.SH,3.56,3.56,3.5,3.53,3.5,0.03,0.86,1812.5,638.714,0.1166,0.64,3.515,2143.71,3.51,2529.8067,3.55,2564.305,3.598,2650.858,3.635,2963.9487,3.668,2826.358,3.766,3792.5953,3.876,7425.8445
3379,20050719,600064.SH,3.5,3.55,3.46,3.5,3.5,0.0,0.0,2474.92,864.438,0.1592,0.76,3.5,2888.46,3.5567,2814.9067,3.615,2860.4475,3.638,2853.958,3.6637,3057.3862,3.702,2880.908,3.812,4228.894,3.9015,7515.8945
3380,20050718,600064.SH,3.63,3.63,3.47,3.5,3.67,-0.17,-4.63,3302.0,1165.22,0.2124,1.02,3.585,2984.9,3.6533,2988.9567,3.6725,2948.7175,3.684,3276.234,3.7062,2997.02,3.74,2976.006,3.866,6650.8713,3.9255,7595.7755
3381,20050715,600064.SH,3.79,3.8,3.67,3.67,3.79,-0.12,-3.17,2667.8,991.034,0.1716,0.83,3.73,2832.435,3.73,2830.9567,3.73,3269.7925,3.71,3224.434,3.7525,2879.02,3.785,3454.723,3.9207,8119.9167,3.9495,7634.9505
3382,20050714,600064.SH,3.7,3.81,3.7,3.79,3.73,0.06,1.61,2997.07,1126.588,0.1928,1.0,3.76,2912.535,3.75,3470.4567,3.72,3363.5925,3.728,3202.874,3.7787,2973.7825,3.817,3833.782,3.9513,8326.5893,3.9615,7664.9605
3383,20050713,600064.SH,3.71,3.77,3.68,3.73,3.73,0.0,0.0,2828.0,1052.766,0.1819,0.97,3.73,3707.15,3.6967,3485.7667,3.7125,3254.325,3.738,3001.858,3.7987,3610.295,3.85,4363.464,3.9687,9017.5067,3.979,7755.805
3384,20050712,600064.SH,3.61,3.76,3.6,3.73,3.63,0.1,2.75,4586.3,1691.028,0.295,1.71,3.68,3814.65,3.7067,3396.4333,3.74,3045.3225,3.766,2907.858,3.8312,4064.0937,3.899,4916.362,3.9893,9069.8733,3.997,7797.5435
3385,20050711,600064.SH,3.9,3.9,3.61,3.63,3.76,-0.13,-3.46,3043.0,1141.433,0.1957,0.83,3.695,2801.5,3.7433,2531.6633,3.775,2488.2475,3.796,2675.778,3.88,4527.5425,3.957,8338.19,4.006,9035.6227,4.019,7782.9785
3386,20050708,600064.SH,3.85,3.85,3.76,3.76,3.84,-0.08,-2.08,2560.0,967.831,0.1646,0.57,3.8,2275.995,3.8233,2303.33,3.8375,2583.9725,3.86,3685.012,3.9537,5191.79,4.026,10567.658,4.0293,9105.1227,4.0475,7942.3735
3387,20050707,600064.SH,3.87,3.93,3.83,3.84,3.87,-0.03,-0.78,1991.99,773.297,0.1281,0.35,3.855,2174.995,3.8633,2591.9633,3.885,3966.265,3.906,4464.69,4.0225,9722.3625,4.063,10888.447,4.0393,9152.3227,4.068,8097.622
3388,20050706,600064.SH,3.9,3.93,3.84,3.87,3.88,-0.01,-0.26,2358.0,917.968,0.1517,0.34,3.875,2891.95,3.9,4624.3567,3.9225,5082.865,3.962,5725.07,4.0825,12640.5737,4.084,12025.331,4.0593,9340.454,4.09,8627.782
3389,20050705,600064.SH,3.89,3.95,3.81,3.88,3.95,-0.07,-1.77,3425.9,1334.061,0.2203,0.24,3.915,5757.535,3.94,5991.1533,3.985,6566.8375,4.032,6924.866,4.115,13066.81,4.101,12150.881,4.074,9427.4387,4.11,9269.0325
3390,20050704,600064.SH,3.99,3.99,3.76,3.95,3.99,-0.04,-1.0,8089.17,3111.408,0.5202,0.46,3.97,7273.78,4.02,7613.8167,4.07,7799.6075,4.118,14000.602,4.1362,14308.6762,4.111,12215.545,4.0933,9485.3787,4.117,9397.412
3391,20050701,600064.SH,4.1,4.13,3.94,3.99,4.12,-0.13,-3.16,6458.39,2609.82,0.4154,0.37,4.055,7376.14,4.11,7703.0867,4.16,15478.46,4.192,17450.304,4.1475,13749.2175,4.114,11815.178,4.11,9361.494,4.119,9175.0235
3392,20050630,600064.SH,4.2,4.2,4.11,4.12,4.22,-0.1,-2.37,8293.89,3429.514,0.5334,0.45,4.17,8325.435,4.2167,18485.15,4.2425,20198.2825,4.22,17312.204,4.1462,13450.9862,4.106,11496.139,4.122,9308.5993,4.118,9322.639
3393,20050629,600064.SH,4.29,4.31,4.2,4.22,4.31,-0.09,-2.09,8356.98,3553.482,0.5375,0.48,4.265,23580.78,4.2833,24166.4133,4.245,19566.7825,4.206,18325.592,4.1287,12924.9375,4.108,11148.146,4.1327,9595.3527,4.112,9176.8345
3394,20050628,600064.SH,4.25,4.4,4.22,4.31,4.32,-0.01,-0.23,38804.58,16867.497,2.4957,3.72,4.315,32071.13,4.2533,23303.3833,4.2025,20817.745,4.17,17376.896,4.09,12288.815,4.095,10678.725,4.136,10050.4213,4.1,8870.0455
3395,20050627,600064.SH,4.17,4.35,4.17,4.32,4.13,0.19,4.6,25337.68,10852.371,1.6296,4.1,4.225,15552.785,4.1667,14822.1333,4.135,12019.975,4.104,10430.488,4.0687,8039.9875,4.081,7227.767,4.1167,7863.0153,4.0875,7061.9435
3396,20050624,600064.SH,4.04,4.14,4.03,4.13,4.05,0.08,1.98,5767.89,2359.044,0.371,1.02,4.09,9564.36,4.0733,7580.74,4.05,6703.69,4.036,6180.052,4.04,5330.6237,4.069,5317.089,4.0947,6416.5967,4.071,5906.525
3397,20050623,600064.SH,4.16,4.16,4.05,4.05,4.04,0.01,0.25,13360.83,5505.88,0.8593,3.36,4.045,8487.165,4.0233,7015.6233,4.0125,6283.0925,3.992,5680.074,4.045,5146.5125,4.073,5306.797,4.084,6659.4507,4.063,5712.3905
3398,20050622,600064.SH,3.98,4.04,3.95,4.04,3.98,0.06,1.51,3613.5,1443.51,0.2324,0.91,4.01,3843.02,4.0,3923.8467,3.9775,3759.885,4.01,3970.7,4.0637,4255.2712,4.096,5230.233,4.0807,6127.2487,4.0615,5164.7085
3399,20050621,600064.SH,3.97,4.05,3.97,3.98,3.98,0.0,0.0,4072.54,1628.485,0.2619,1.01,3.98,4079.02,3.9567,3808.68,4.0025,4060.0,4.02,3980.554,4.08,4511.705,4.119,6387.184,4.0767,6034.4287,4.0575,5095.516
3400,20050620,600064.SH,3.88,3.99,3.88,3.98,3.91,0.07,1.79,4085.5,1615.571,0.2628,0.92,3.945,3676.75,4.01,4055.82,4.03,3957.5575,4.058,4025.046,4.1175,5577.0363,4.123,6579.279,4.082,5939.0953,4.0525,4998.961
3401,20050617,600064.SH,4.05,4.05,3.88,3.91,3.94,-0.03,-0.76,3268.0,1277.407,0.2102,0.66,4.025,4040.98,4.0467,3914.91,4.0775,4009.9325,4.102,4454.126,4.1537,6964.225,4.124,6534.869,4.0827,5815.3493,4.0545,4893.086
3402,20050616,600064.SH,4.07,4.15,4.07,4.14,4.09,0.05,1.22,4813.96,1977.505,0.3096,0.74,4.115,4238.365,4.1333,4257.2433,4.15,4750.6575,4.154,4933.52,4.1675,7304.9113,4.13,7149.139,4.0867,5723.1627,4.0615,4833.4725
3403,20050615,600064.SH,4.15,4.15,4.08,4.09,4.17,-0.08,-1.92,3662.77,1506.316,0.2356,0.42,4.13,3978.885,4.1533,4729.5567,4.1575,4963.41,4.182,6489.766,4.1487,7158.3413,4.116,7205.523,4.0787,5562.7113,4.0585,4684.861
3404,20050614,600064.SH,4.22,4.26,4.17,4.17,4.2,-0.03,-0.71,4295.0,1808.914,0.2762,0.47,4.185,5262.95,4.18,5396.9567,4.205,7196.515,4.218,8793.814,4.1337,7876.8325,4.105,7061.366,4.07,5467.17,4.0575,4629.9525
3405,20050613,600064.SH,4.12,4.21,4.1,4.2,4.17,0.03,0.72,6230.9,2590.633,0.4007,0.72,4.185,5947.935,4.2167,8163.6867,4.23,9918.5175,4.188,9133.512,4.1125,8012.1825,4.094,6896.12,4.0507,5323.5993,4.051,4562.402
3406,20050610,600064.SH,4.27,4.28,4.16,4.17,4.28,-0.11,-2.57,5664.97,2386.121,0.3643,0.6,4.225,9130.08,4.24,11147.7233,4.185,9859.165,4.146,8615.612,4.085,7510.97,4.073,6495.961,4.0387,5039.406,4.041,4377.89
3407,20050609,600064.SH,4.25,4.35,4.19,4.28,4.27,0.01,0.23,12595.19,5367.651,0.81,1.59,4.275,13889.1,4.19,11257.23,4.14,9353.2725,4.106,9364.758,4.0712,7133.1663,4.053,6117.984,4.0307,4800.1233,4.0295,4164.6915
3408,20050608,600064.SH,4.01,4.32,4.01,4.27,4.02,0.25,6.22,15183.01,6383.451,0.9765,2.85,4.145,10588.25,4.0933,8272.6333,4.0625,8557.15,4.05,7921.28,4.035,5837.4312,4.027,5099.184,4.0173,4083.226,4.0135,3647.805
3409,20050607,600064.SH,4.02,4.08,3.99,4.02,3.99,0.03,0.75,5993.49,2420.803,0.3855,1.29,4.005,4817.445,3.9933,6348.53,3.995,6105.8475,3.992,5328.918,3.9975,4175.205,3.996,3803.848,4.004,3241.9987,3.9975,3001.24
3410,20050606,600064.SH,3.97,4.01,3.88,3.99,3.97,0.02,0.5,3641.4,1439.203,0.2342,0.83,3.98,6526.05,3.9867,6143.3,3.985,5162.775,4.0,4658.728,3.9975,3726.9175,3.982,3418.643,4.0053,3038.6987,3.9925,2780.7155
3411,20050603,600064.SH,4.0,4.07,3.9,3.97,4.0,-0.03,-0.75,9410.7,3763.699,0.6052,3.28,3.985,7394.25,3.9833,5669.9,4.0025,4913.06,4.0,4376.31,3.9937,3550.4487,3.985,3251.303,4.006,2965.316,3.9955,2733.5445
3412,20050602,600064.SH,3.98,4.04,3.97,4.0,3.98,0.02,0.5,5377.8,2151.512,0.3459,2.36,3.99,3799.5,4.0133,3413.8467,4.0075,3117.7125,4.0,2871.21,3.9825,2641.7912,3.993,2517.806,4.004,2431.336,4.0045,2483.884
3413,20050601,600064.SH,4.05,4.08,3.98,3.98,4.06,-0.08,-1.97,2221.2,889.879,0.1429,0.97,4.02,2431.87,4.01,2364.35,4.0,2244.5625,4.004,2277.088,3.985,2215.5662,4.001,2164.199,4.0013,2223.3133,4.0095,2558.6445
3414,20050530,600064.SH,3.92,4.06,3.92,4.06,3.99,0.07,1.75,2642.54,1062.809,0.17,1.21,4.025,2435.925,4.0067,2252.35,4.01,2291.06,4.0,2278.778,3.9937,2197.3825,4.01,2198.539,3.9993,2225.3473,4.012,2666.8755
3415,20050527,600064.SH,3.93,4.02,3.9,3.99,3.97,0.02,0.5,2229.31,883.462,0.1434,1.05,3.98,2057.255,3.9933,2173.9,3.985,2187.8375,3.964,2178.558,3.9962,2097.2812,4.008,2228.684,3.99,2154.7113,4.0155,2702.3535
3416,20050526,600064.SH,4.02,4.02,3.93,3.97,4.02,-0.05,-1.24,1885.2,749.231,0.1212,0.87,3.995,2146.195,3.9833,2174.0133,3.9575,2165.87,3.97,2126.296,4.0062,2139.1925,4.009,2259.819,3.994,2185.956,4.027,2842.376
3417,20050525,600064.SH,3.97,4.04,3.95,4.02,3.96,0.06,1.52,2407.19,963.381,0.1548,1.17,3.99,2318.42,3.9533,2259.4267,3.97,2186.57,3.986,2164.402,4.015,2271.5412,4.006,2211.399,4.006,2354.7753,4.0545,2904.9425
3418,20050524,600064.SH,3.88,3.99,3.86,3.96,3.88,0.08,2.06,2229.65,877.335,0.1434,1.05,3.92,2185.545,3.9533,2113.03,3.9775,2103.705,3.998,2051.31,4.0125,2288.225,4.0,2196.426,4.0113,2652.4967,4.081,2859.4675
3419,20050523,600064.SH,4.02,4.02,3.86,3.88,4.02,-0.14,-3.48,2141.44,835.776,0.1377,0.94,3.95,2054.72,3.9833,2061.7233,4.0075,2006.725,4.02,2118.3,4.01,2184.6437,3.999,2198.632,4.016,2796.2413,4.11,2867.3975
3420,20050520,600064.SH,4.05,4.07,4.01,4.02,4.05,-0.03,-0.74,1968.0,793.893,0.1266,0.82,4.035,2021.865,4.05,1961.82,4.055,2112.515,4.052,2278.81,4.02,2199.1462,4.003,2142.788,4.0327,2876.952,4.144,2916.453
3421,20050519,600064.SH,4.08,4.08,4.01,4.05,4.08,-0.03,-0.74,2075.73,841.213,0.1335,0.92,4.065,1958.73,4.0667,2160.6867,4.06,2356.5125,4.048,2393.342,4.0112,2234.61,4.006,2215.786,4.046,3081.0693,4.174,2917.293
3422,20050518,600064.SH,4.07,4.1,4.02,4.08,4.07,0.01,0.25,1841.73,745.151,0.1184,0.79,4.075,2203.165,4.0633,2450.1067,4.0475,2472.745,4.026,2258.396,3.995,2173.0187,4.016,2449.962,4.0773,3151.7893,4.209,2997.204
3423,20050517,600064.SH,4.05,4.08,4.0,4.07,4.04,0.03,0.74,2564.6,1039.86,0.1649,1.13,4.055,2754.295,4.0367,2683.0833,4.0125,2362.5625,4.002,2341.542,3.9912,2280.05,4.018,2953.09,4.1087,3128.8533,4.239,3081.8675
3424,20050516,600064.SH,4.0,4.07,4.0,4.04,4.0,0.04,1.0,2943.99,1187.482,0.1893,1.47,4.02,2742.325,3.9933,2295.2167,3.985,2285.7775,3.978,2278.964,4.0012,2511.6612,4.014,3135.212,4.14,3117.0967,4.273,3105.692
3425,20050513,600064.SH,3.94,4.01,3.92,4.0,3.94,0.06,1.52,2540.66,1010.938,0.1634,1.25,3.97,1970.83,3.9667,2066.3733,3.9625,2112.7075,3.954,2006.766,4.0087,3002.7887,4.023,3176.023,4.1747,3129.0007,4.3095,3128.7155
3426,20050512,600064.SH,3.97,3.99,3.92,3.94,3.96,-0.02,-0.51,1401.0,554.441,0.0901,0.53,3.95,1829.23,3.95,1970.0567,3.9425,1873.2925,3.964,2038.23,4.0125,3233.4337,4.045,3424.933,4.216,3091.9433,4.344,3240.805
3427,20050511,600064.SH,3.95,3.99,3.9,3.96,3.95,0.01,0.25,2257.46,891.522,0.1452,0.63,3.955,2254.585,3.9433,2030.7233,3.97,2197.5375,4.006,2641.528,4.0362,3477.3212,4.103,3598.486,4.27,3243.4733,4.378,3319.2185
3428,20050510,600064.SH,3.88,3.99,3.81,3.95,3.92,0.03,0.77,2251.71,877.699,0.1448,0.56,3.935,1917.355,3.9733,2177.5633,4.0175,2737.545,4.034,3564.638,4.0687,3823.8587,4.162,3522.509,4.318,3328.6427,4.408,3278.5455
3429,20050509,600064.SH,3.95,4.05,3.9,3.92,4.05,-0.13,-3.21,1583.0,626.407,0.1018,0.36,3.985,2140.49,4.04,2899.49,4.055,3892.87,4.05,3991.46,4.14,3934.4612,4.221,3536.163,4.3713,3381.268,4.4385,3275.431
3430,20050429,600064.SH,4.18,4.18,4.02,4.05,4.15,-0.1,-2.41,2697.98,1099.592,0.1735,0.56,4.1,3557.735,4.1,4662.8267,4.0825,4593.575,4.092,4345.28,4.2187,3923.7975,4.285,3690.118,4.428,3502.6987,4.4745,3354.9495
3431,20050428,600064.SH,4.06,4.18,3.8,4.15,4.1,0.05,1.22,4417.49,1792.564,0.2841,0.97,4.125,5645.25,4.0933,5225.44,4.1025,4757.105,4.126,4811.636,4.28,3885.0812,4.342,3618.8,4.4707,3641.6633,4.4965,3320.5885
3432,20050427,600064.SH,4.4,4.4,4.1,4.1,4.03,0.07,1.74,6873.01,2889.323,0.442,1.97,4.065,5629.415,4.0867,4870.31,4.12,4910.1725,4.2,4555.444,4.3312,3723.2137,4.402,3544.446,4.502,3545.1153,4.5115,3236.014
3433,20050425,600064.SH,4.08,4.12,4.0,4.03,4.13,-0.1,-2.42,4385.82,1776.444,0.2821,1.42,4.08,3868.96,4.1267,4255.8933,4.225,3976.0525,4.29,3480.38,4.3962,3112.1875,4.46,3210.645,4.5327,3183.1813,4.54,2944.3355
3434,20050422,600064.SH,4.22,4.29,4.08,4.13,4.22,-0.09,-2.13,3352.1,1392.144,0.2156,1.1,4.175,4190.93,4.29,3839.4633,4.355,3254.02,4.392,3080.866,4.4862,3023.2038,4.532,3076.172,4.568,3036.7547,4.5715,2828.808
3435,20050421,600064.SH,4.48,4.49,4.2,4.22,4.52,-0.3,-6.64,5029.76,2176.594,0.3235,2.07,4.37,4083.145,4.43,3221.3267,4.4575,3013.0575,4.478,3034.956,4.555,3046.0663,4.596,3081.408,4.602,3024.8393,4.5995,2787.203
3436,20050420,600064.SH,4.55,4.55,4.4,4.52,4.55,-0.03,-0.66,3136.53,1400.6,0.2017,1.24,4.535,2317.11,4.5367,2340.8233,4.5425,2536.255,4.558,2425.964,4.6212,2797.4825,4.643,3056.677,4.62,2823.5727,4.6255,2626.615
3437,20050419,600064.SH,4.57,4.57,4.48,4.55,4.54,0.01,0.22,1497.69,678.59,0.0963,0.51,4.545,1942.97,4.55,2336.1633,4.5675,2248.3225,4.604,2533.448,4.6525,2830.9738,4.653,3039.951,4.6153,2796.204,4.6335,2595.1815
3438,20050418,600064.SH,4.53,4.56,4.45,4.54,4.56,-0.02,-0.44,2388.25,1077.578,0.1536,0.78,4.55,2755.4,4.5733,2498.5333,4.6175,2792.3875,4.63,2940.91,4.67,3241.5688,4.654,3034.582,4.6233,2765.654,4.6385,2734.147
3439,20050415,600064.SH,4.6,4.63,4.48,4.56,4.62,-0.06,-1.3,3122.55,1415.228,0.2008,1.0,4.59,2553.675,4.6433,2927.1,4.6525,3079.075,4.672,3071.478,4.68,3314.1963,4.656,3014.699,4.6313,2744.7887,4.653,2728.7905
3440,20050414,600064.SH,4.72,4.75,4.62,4.62,4.75,-0.13,-2.74,1984.8,929.906,0.1277,0.54,4.685,2829.375,4.6833,3064.5833,4.7,3058.71,4.714,3127.86,4.68,3104.3775,4.664,3019.781,4.64,2704.6187,4.6665,2716.0625
3441,20050413,600064.SH,4.78,4.81,4.7,4.75,4.68,0.07,1.5,3673.95,1744.372,0.2363,1.04,4.715,3604.475,4.7267,3416.68,4.7375,3413.625,4.728,3687.39,4.6725,3129.955,4.651,3022.377,4.648,2693.4987,4.6805,2779.0155
3442,20050412,600064.SH,4.74,4.77,4.58,4.68,4.75,-0.07,-1.47,3535.0,1648.911,0.2273,1.13,4.715,3288.045,4.7333,3326.85,4.7225,3690.75,4.702,3546.454,4.6587,3067.3825,4.621,2927.582,4.6433,2615.7593,4.689,2900.1625
3443,20050411,600064.SH,4.75,4.81,4.7,4.75,4.77,-0.02,-0.42,3041.09,1443.083,0.1956,1.03,4.76,3222.775,4.7367,3742.6667,4.7075,3549.3175,4.678,3128.254,4.635,2876.8525,4.62,2678.026,4.6413,2665.226,4.709,2913.3625
3444,20050408,600064.SH,4.68,4.77,4.66,4.77,4.69,0.08,1.71,3404.46,1608.597,0.219,1.17,4.73,4093.455,4.6933,3718.7267,4.66,3150.045,4.64,2957.92,4.5975,2837.4662,4.611,2581.444,4.6467,2614.5613,4.7305,2963.408
3445,20050407,600064.SH,4.59,4.73,4.59,4.69,4.62,0.07,1.52,4782.45,2244.545,0.3076,2.03,4.655,3875.86,4.6233,3065.24,4.6075,2846.285,4.614,2911.702,4.585,2541.8387,4.603,2492.998,4.6507,2578.7967,4.7475,3035.229
3446,20050406,600064.SH,4.56,4.65,4.5,4.62,4.56,0.06,1.32,2969.27,1359.546,0.191,1.29,4.59,2206.635,4.58,2200.8967,4.595,2444.015,4.574,2357.364,4.5812,2203.4412,4.608,2196.553,4.6647,2476.224,4.7655,3047.9565
3447,20050405,600064.SH,4.57,4.57,4.51,4.56,4.56,0.0,0.0,1444.0,656.102,0.0929,0.65,4.56,1816.71,4.5867,2268.93,4.5625,2204.3875,4.54,2308.71,4.59,2147.2825,4.614,2150.412,4.6847,2684.732,4.794,3188.743
3448,20050404,600064.SH,4.58,4.6,4.53,4.56,4.64,-0.08,-1.72,2189.42,1000.733,0.1408,0.99,4.6,2681.395,4.5633,2457.85,4.535,2524.8875,4.562,2227.798,4.6125,2194.0325,4.623,2433.712,4.7193,2841.732,4.8295,3515.3995
3449,20050401,600064.SH,4.46,4.68,4.44,4.64,4.49,0.15,3.34,3173.37,1447.45,0.2041,1.53,4.565,2592.065,4.5267,2636.71,4.5625,2237.3925,4.582,2204.968,4.6275,2233.8375,4.65,2442.882,4.7607,2965.2373,4.8575,3543.388
3450,20050331,600064.SH,4.44,4.5,4.41,4.49,4.45,0.04,0.9,2010.76,893.746,0.1293,0.99,4.47,2368.38,4.5367,1925.4,4.5675,1962.8675,4.592,2074.294,4.6287,2371.7912,4.669,2412.344,4.792,3076.4047,4.882,3595.4195
3451,20050330,600064.SH,4.62,4.64,4.45,4.45,4.67,-0.22,-4.71,2726.0,1237.626,0.1753,1.37,4.56,1882.72,4.5933,1946.9033,4.6175,2090.1775,4.642,2035.742,4.6712,2405.5862,4.71,2535.654,4.8293,3278.154,4.918,3802.0185
3452,20050329,600064.SH,4.66,4.74,4.62,4.67,4.66,0.01,0.21,1039.44,485.442,0.0669,0.39,4.665,1557.355,4.6733,1878.2367,4.69,1863.1775,4.688,1992.114,4.7187,2423.335,4.757,2872.743,4.8787,3482.0873,4.9575,4674.885
3453,20050328,600064.SH,4.7,4.7,4.58,4.66,4.69,-0.03,-0.64,2075.27,958.997,0.1335,0.77,4.675,2297.635,4.6967,2137.7567,4.6925,2230.2825,4.684,2639.626,4.7475,2698.8875,4.798,3148.699,4.9187,3944.6,4.983,4867.728
3454,20050325,600064.SH,4.77,4.77,4.68,4.69,4.74,-0.05,-1.05,2520.0,1185.986,0.1621,0.92,4.715,2169.0,4.7033,2281.9533,4.69,2780.715,4.718,2680.796,4.78,3201.59,4.85,3345.372,4.9493,3989.528,5.0105,5061.9965
3455,20050324,600064.SH,4.68,4.74,4.63,4.74,4.68,0.06,1.28,1818.0,850.383,0.1169,0.6,4.71,2162.93,4.69,2867.62,4.725,2720.995,4.746,2750.394,4.8287,3361.465,4.892,3577.46,4.9787,4102.4613,5.035,5282.4015
3456,20050323,600064.SH,4.65,4.76,4.63,4.68,4.65,0.03,0.65,2507.86,1173.8,0.1613,0.67,4.665,3392.43,4.72,3021.9933,4.7475,2983.4925,4.778,3035.566,4.8837,3639.465,4.923,3899.36,5.01,4390.7773,5.0595,5500.201
3457,20050322,600064.SH,4.84,4.84,4.65,4.65,4.83,-0.18,-3.73,4277.0,2012.124,0.2751,1.17,4.74,3279.06,4.77,3142.0367,4.8025,3167.4925,4.826,3753.372,4.9375,3931.0925,4.974,4227.074,5.0473,5569.142,5.088,5900.389
3458,20050321,600064.SH,4.8,4.85,4.75,4.83,4.83,0.0,0.0,2281.12,1094.803,0.1467,0.57,4.83,2574.555,4.8533,2797.6567,4.87,3622.465,4.912,3657.772,4.9875,4026.0925,5.036,4597.087,5.0827,5610.4287,5.118,6243.5825
3459,20050318,600064.SH,4.9,4.93,4.81,4.83,4.9,-0.07,-1.43,2867.99,1388.007,0.1845,0.65,4.865,3055.925,4.8833,4069.58,4.9325,4001.935,4.982,4009.948,5.0325,4464.0775,5.065,4643.894,5.108,5855.73,5.1315,6377.175
3460,20050317,600064.SH,4.95,4.96,4.88,4.9,4.92,-0.02,-0.41,3243.86,1593.597,0.2086,0.68,4.91,4670.375,4.9667,4379.9167,5.02,4295.4375,5.038,4404.526,5.0875,5102.72,5.095,4778.495,5.1313,6126.404,5.14,6331.9755
3461,20050316,600064.SH,5.1,5.1,4.86,4.92,5.08,-0.16,-3.15,6096.89,3015.609,0.3921,1.3,5.0,4947.945,5.06,4645.9633,5.0725,4694.6925,5.068,4763.154,5.115,5040.8862,5.126,5068.383,5.1533,6321.746,5.148,6263.6075
3462,20050315,600064.SH,5.2,5.22,5.05,5.08,5.18,-0.1,-1.93,3799.0,1943.324,0.2443,0.69,5.13,3920.5,5.1233,4227.2933,5.105,4429.72,5.122,4700.776,5.1412,4805.525,5.158,6477.027,5.1753,6616.0613,5.1535,6097.313
3463,20050314,600064.SH,5.22,5.22,5.1,5.18,5.11,0.07,1.37,4042.0,2079.803,0.26,0.77,5.145,4441.44,5.1133,4639.96,5.1325,4926.22,5.16,5536.402,5.1575,5098.4925,5.168,6586.757,5.1867,7105.5193,5.1515,6096.9845
3464,20050311,600064.SH,5.07,5.14,5.02,5.11,5.05,0.06,1.19,4840.88,2461.74,0.3113,0.94,5.08,4938.94,5.1167,5220.96,5.155,5910.0025,5.148,5277.84,5.165,7116.1587,5.171,6778.621,5.1813,7166.2507,5.1405,6406.756
3465,20050310,600064.SH,5.16,5.22,5.03,5.05,5.19,-0.14,-2.7,5037.0,2585.51,0.3239,0.94,5.12,5411.0,5.17,6266.3767,5.1575,5387.08,5.152,5152.464,5.1737,7123.0863,5.178,6987.343,5.174,6974.4587,5.137,6412.462
3466,20050309,600064.SH,5.25,5.29,5.17,5.19,5.27,-0.08,-1.52,5785.0,3020.215,0.3721,0.7,5.23,6881.065,5.1933,5503.7733,5.1775,5181.33,5.184,5373.612,5.1937,7238.5413,5.196,7101.042,5.1747,6763.7587,5.1195,6265.262
3467,20050308,600064.SH,5.12,5.32,5.12,5.27,5.12,0.15,2.93,7977.13,4200.171,0.513,1.04,5.195,5363.16,5.1733,4980.1067,5.1825,5270.765,5.194,8253.278,5.1925,7381.4288,5.202,7573.704,5.164,6562.8253,5.095,6162.262
3468,20050307,600064.SH,5.14,5.21,5.11,5.12,5.13,-0.01,-0.19,2749.19,1413.06,0.1768,0.33,5.125,3481.595,5.1533,4368.6433,5.175,8322.315,5.176,7637.112,5.1875,7156.0363,5.2,7890.078,5.1487,6283.8453,5.0795,5843.2055
3469,20050304,600064.SH,5.25,5.25,5.1,5.13,5.21,-0.08,-1.54,4214.0,2171.766,0.271,0.48,5.17,5178.37,5.1933,10180.0233,5.19,8859.0925,5.194,8279.402,5.2037,8126.34,5.198,8110.456,5.138,6783.0613,5.075,5830.4455
3470,20050303,600064.SH,5.19,5.24,5.1,5.21,5.24,-0.03,-0.57,6142.74,3171.404,0.3951,0.7,5.225,13163.035,5.21,10407.4567,5.21,9295.7525,5.204,8822.222,5.2187,8992.1987,5.185,7885.456,5.132,6832.4613,5.075,5780.0985
3471,20050302,600064.SH,5.18,5.41,5.18,5.24,5.18,0.06,1.16,20183.33,10738.644,1.2981,2.93,5.21,12539.815,5.21,10346.7567,5.2025,9492.0925,5.208,8828.472,5.205,8843.4775,5.17,7458.832,5.098,6562.4787,5.0715,5621.7585
3472,20050301,600064.SH,5.16,5.25,5.15,5.18,5.21,-0.03,-0.58,4896.3,2533.257,0.3149,0.6,5.195,5428.47,5.19,5928.3467,5.2,5989.7575,5.21,6894.13,5.175,6566.0612,5.149,5717.599,5.062,5465.2567,5.069,4897.6705
3473,20050228,600064.SH,5.18,5.26,5.14,5.21,5.18,0.03,0.58,5960.64,3103.778,0.3834,0.75,5.195,6444.37,5.2067,6354.2433,5.2175,7393.5875,5.224,8143.044,5.16,6188.5862,5.135,5607.212,5.0473,5245.2367,5.064,4807.3845
3474,20050225,600064.SH,5.22,5.3,5.17,5.18,5.23,-0.05,-0.96,6928.1,3630.094,0.4456,1.0,5.205,6551.045,5.22,7871.2367,5.2275,8688.645,5.202,7941.51,5.1375,5789.8812,5.11,6034.891,5.0353,5014.1267,5.055,4699.972
3475,20050224,600064.SH,5.2,5.27,5.17,5.23,5.25,-0.02,-0.38,6173.99,3218.517,0.3971,1.01,5.24,8342.805,5.2433,9275.4933,5.2075,8194.8625,5.166,6948.69,5.12,5397.9225,5.096,5837.581,5.032,4766.0573,5.0515,4476.807
3476,20050223,600064.SH,5.23,5.34,5.19,5.25,5.25,0.0,0.0,10511.62,5530.291,0.676,2.31,5.25,10826.245,5.2,8868.4867,5.15,7142.365,5.132,6089.192,5.0862,5905.8525,5.043,5429.482,5.026,4552.854,5.046,4333.151
3477,20050222,600064.SH,5.1,5.26,5.07,5.25,5.1,0.15,2.94,11140.87,5782.23,0.7165,3.63,5.175,8046.92,5.1167,6019.28,5.1025,4983.585,5.088,4541.068,5.06,5211.275,4.988,4750.82,5.022,4232.184,5.038,4145.5475
3478,20050221,600064.SH,5.05,5.12,4.96,5.1,5.0,0.1,2.0,4952.97,2507.475,0.3185,1.2,5.05,3458.485,5.0533,2931.1567,5.0475,2891.1175,5.046,3071.38,4.9912,4080.2912,4.959,3796.333,5.0107,3695.498,5.0275,3782.959
3479,20050218,600064.SH,5.1,5.1,4.99,5.0,5.06,-0.06,-1.19,1964.0,985.021,0.1263,0.42,5.03,1920.25,5.03,2203.8333,5.0325,2600.9825,5.018,4128.272,4.9412,3926.795,4.952,3550.435,5.006,3619.4593,5.025,3633.311
3480,20050217,600064.SH,5.01,5.08,4.98,5.06,5.03,0.03,0.6,1876.5,940.972,0.1207,0.39,5.045,2323.75,5.0433,2813.31,5.0225,4669.34,5.026,4726.472,4.9362,3880.795,4.965,3674.741,5.0133,3652.846,5.0255,3594.611
3481,20050216,600064.SH,5.05,5.1,5.03,5.03,5.04,-0.01,-0.2,2771.0,1403.573,0.1782,0.56,5.035,3281.715,5.01,5600.2867,5.0175,5438.965,4.954,4769.772,4.9325,3957.9812,4.973,3784.685,5.0173,3747.804,5.0225,3590.936
3482,20050204,600064.SH,4.96,5.07,4.91,5.04,4.96,0.08,1.61,3792.43,1899.827,0.2439,0.84,5.0,7014.93,5.0133,6328.2867,4.935,5269.465,4.888,4960.572,4.945,4012.4887,4.989,4077.742,5.0213,4013.7073,5.022,3497.3845
3483,20050203,600064.SH,5.2,5.2,4.9,4.96,5.04,-0.08,-1.59,10237.43,5176.19,0.6584,3.44,5.0,7596.215,4.9,5761.81,4.85,5252.6075,4.872,4521.286,4.9575,3910.4275,4.993,4007.557,5.0213,4020.152,5.02,3398.9805
3484,20050202,600064.SH,4.75,5.05,4.75,5.04,4.7,0.34,7.23,4955.0,2441.506,0.3187,1.89,4.87,3524.0,4.8133,3591.0,4.85,3092.25,4.886,2972.598,4.9862,3343.445,5.0,3365.053,5.0273,3468.324,5.0205,3030.1715
3485,20050201,600064.SH,4.7,4.77,4.68,4.7,4.7,0.0,0.0,2093.0,985.909,0.1346,0.75,4.7,2909.0,4.7867,2471.3333,4.8475,2476.9975,4.904,2623.01,4.9912,3110.3925,5.007,3116.033,5.0253,3217.324,5.0165,2880.9375
3486,20050131,600064.SH,4.93,4.93,4.68,4.7,4.96,-0.26,-5.24,3725.0,1777.301,0.2396,1.17,4.83,2660.5,4.8967,2604.9967,4.955,2755.5125,4.992,2799.598,5.0325,3325.3162,5.049,3236.82,5.0453,3197.9907,5.0235,2848.6625
3487,20050128,600064.SH,5.03,5.07,4.95,4.96,5.03,-0.07,-1.39,1596.0,797.517,0.1026,0.46,4.995,2044.995,5.04,2432.35,5.065,2568.2475,5.09,3194.912,5.0837,3167.7912,5.088,3540.275,5.0667,3009.6553,5.0315,2825.7195
3488,20050127,600064.SH,5.1,5.15,5.0,5.03,5.13,-0.1,-1.95,2493.99,1255.289,0.1604,0.66,5.08,2850.525,5.1,2892.33,5.1225,3594.64,5.114,3493.828,5.1037,3380.9,5.096,3769.585,5.0693,3024.8787,5.0345,2844.7195
3489,20050126,600064.SH,5.2,5.2,5.12,5.13,5.14,-0.01,-0.19,3207.06,1649.112,0.2063,0.89,5.135,3091.5,5.1533,3961.5233,5.135,3743.7875,5.114,3757.508,5.1112,3914.095,5.098,3716.187,5.0653,3049.3627,5.0355,2800.67
3490,20050125,600064.SH,5.25,5.25,5.1,5.14,5.19,-0.05,-0.96,2975.94,1530.711,0.1914,0.81,5.165,4338.755,5.1367,3922.6967,5.11,3895.12,5.11,3609.056,5.1,3999.35,5.086,3514.481,5.054,2966.9133,5.0325,2703.467
3491,20050124,600064.SH,5.18,5.25,5.1,5.19,5.08,0.11,2.17,5701.57,2939.179,0.3667,1.47,5.135,4396.075,5.1,4201.5133,5.1025,3767.335,5.106,3674.042,5.0887,3872.3587,5.072,3397.187,5.034,2865.0173,5.0305,2604.325
3492,20050121,600064.SH,5.0,5.12,4.91,5.08,5.03,0.05,0.99,3090.58,1551.753,0.1988,0.76,5.055,3451.485,5.0733,3122.59,5.085,3167.16,5.086,3885.638,5.0662,3308.4125,5.055,2917.027,5.012,2702.6553,5.0245,2432.5265
3493,20050120,600064.SH,5.12,5.12,4.97,5.03,5.11,-0.08,-1.57,3812.39,1928.764,0.2452,1.04,5.07,3138.595,5.0867,3192.6867,5.0875,4084.4025,5.078,4045.342,5.0562,3147.465,5.047,2790.404,5.008,2628.35,5.0255,2372.8575
3494,20050119,600064.SH,5.13,5.15,5.06,5.11,5.12,-0.01,-0.2,2464.8,1257.574,0.1585,0.72,5.115,2882.835,5.1067,4175.0733,5.09,4103.58,5.082,3674.866,5.055,2783.4125,5.041,2695.29,5.0093,2481.724,5.036,2308.469
3495,20050118,600064.SH,5.08,5.12,5.03,5.12,5.09,0.03,0.59,3300.87,1674.619,0.2123,1.06,5.105,5030.21,5.0833,4649.84,5.075,3977.3825,5.062,3419.906,5.0412,2703.3562,5.026,2645.842,5.0067,2401.604,5.0345,2268.529
3496,20050117,600064.SH,5.0,5.1,4.99,5.09,5.04,0.05,0.99,6759.55,3404.755,0.4347,3.47,5.065,5324.325,5.06,4202.8867,5.0475,3449.665,5.038,3120.332,5.0225,2648.4037,4.998,2460.505,5.0053,2247.7527,5.0335,2221.9005
3497,20050114,600064.SH,5.06,5.14,5.02,5.04,5.05,-0.01,-0.2,3889.1,1976.967,0.2501,2.53,5.045,2924.555,5.0333,2346.37,5.025,2210.5275,5.024,1948.416,5.0062,2049.75,4.975,2111.164,5.004,1948.156,5.039,1978.7595
3498,20050113,600064.SH,5.01,5.05,4.97,5.05,5.01,0.04,0.8,1960.01,984.502,0.1261,1.14,5.03,1575.005,5.02,1651.0033,5.02,1463.245,5.016,1535.466,4.9812,1744.55,4.973,1919.854,5.008,1815.3627,5.047,1920.854
3499,20050112,600064.SH,4.99,5.02,4.95,5.01,5.0,0.01,0.2,1190.0,593.893,0.0765,0.64,5.005,1496.5,5.01,1297.6567,5.0075,1429.33,5.0,1715.714,4.9575,1907.8162,4.973,1885.153,5.0207,1853.0033,5.058,1951.7785
3500,20050111,600064.SH,5.01,5.02,4.9,5.0,5.02,-0.02,-0.4,1803.0,895.663,0.116,1.0,5.01,1351.485,5.0067,1509.1067,4.9975,1847.1425,4.99,1871.778,4.9587,2006.0662,4.979,1892.453,5.0253,1884.7367,5.0715,2000.6955
3501,20050110,600064.SH,4.98,5.05,4.95,5.02,5.0,0.02,0.4,899.97,450.024,0.0579,0.4,5.01,1362.16,4.9967,1861.8567,4.9875,1888.9725,4.958,1800.678,4.965,1982.3162,4.989,1811.463,5.032,1922.4233,5.0855,2060.9955
3502,20050107,600064.SH,4.95,5.06,4.95,5.0,4.97,0.03,0.6,1824.35,911.524,0.1173,0.79,4.985,2342.8,4.9767,2218.64,4.9425,2025.855,4.926,2273.912,4.9712,2027.695,4.994,1948.026,5.044,1988.874,5.1025,2183.846
3503,20050106,600064.SH,5.06,5.1,4.95,4.97,4.96,0.01,0.2,2861.25,1428.149,0.184,1.39,4.965,2415.785,4.9233,2093.0233,4.9075,2386.3025,4.93,2304.242,4.9837,1923.7887,5.004,1955.311,5.0573,2049.3167,5.1285,2277.7785
3504,20050105,600064.SH,4.83,4.97,4.81,4.96,4.84,0.12,2.48,1970.32,969.576,0.1267,1.03,4.9,1708.91,4.8867,2227.9867,4.92,2164.99,4.946,2054.592,4.9962,1849.3325,5.031,1921.648,5.0773,2030.4667,5.1585,2320.591
3505,20050104,600064.SH,4.82,4.89,4.81,4.84,4.86,-0.02,-0.41,1447.5,700.653,0.0931,0.79,4.85,2356.82,4.9067,2229.88,4.9425,2075.66,4.968,1913.128,5.0137,1840.1925,5.043,1891.216,5.0987,2043.668,5.1855,2369.101
3506,20041231,600064.SH,5.02,5.05,4.82,4.86,5.02,-0.16,-3.19,3266.14,1608.986,0.2101,2.01,4.94,2621.07,4.9767,2285.0467,5.0,2029.535,5.02,1822.248,5.0637,1974.8325,5.069,1983.296,5.128,2147.768,5.2205,2428.1405
3507,20041230,600064.SH,5.04,5.07,5.01,5.02,5.05,-0.03,-0.59,1976.0,994.197,0.1271,1.23,5.035,1794.5,5.0467,1617.3333,5.06,1461.275,5.062,1622.14,5.0912,1774.815,5.103,1846.355,5.1613,2153.824,5.255,2434.361
3508,20041229,600064.SH,5.07,5.15,5.01,5.05,5.07,-0.02,-0.39,1613.0,817.034,0.1037,0.9,5.06,1438.0,5.0733,1289.7,5.0725,1533.675,5.078,1606.38,5.1012,1823.8525,5.121,1921.854,5.1947,2268.9573,5.279,2471.171
3509,20041228,600064.SH,5.06,5.1,5.03,5.07,5.1,-0.03,-0.59,1263.0,639.148,0.0812,0.68,5.085,1128.05,5.08,1507.2333,5.085,1604.725,5.116,1788.704,5.12,1859.3187,5.143,2018.404,5.2293,2409.2573,5.2975,2484.671
3510,20041227,600064.SH,5.06,5.12,5.06,5.1,5.07,0.03,0.59,993.1,504.737,0.0639,0.46,5.085,1629.35,5.09,1718.6333,5.1275,1920.13,5.118,1869.304,5.1362,2042.8175,5.164,2108.938,5.258,2521.092,5.314,2523.4865
3511,20041224,600064.SH,5.13,5.13,5.05,5.07,5.1,-0.03,-0.59,2265.6,1150.02,0.1457,1.09,5.085,2081.4,5.1367,2229.14,5.1225,2088.355,5.118,2144.344,5.1575,2240.9925,5.182,2310.528,5.2873,2630.1047,5.3285,2602.2815
3512,20041223,600064.SH,5.25,5.26,5.1,5.1,5.24,-0.14,-2.67,1897.2,978.939,0.122,0.85,5.17,2210.91,5.14,2029.2733,5.13,2114.03,5.144,2070.57,5.1837,2228.835,5.211,2419.666,5.3193,2705.1013,5.351,2643.073
3513,20041222,600064.SH,5.15,5.25,5.08,5.24,5.08,0.16,3.15,2524.62,1304.903,0.1624,1.12,5.16,2095.31,5.14,2186.3067,5.155,2113.9125,5.164,2237.328,5.2062,2367.81,5.253,2600.246,5.346,2759.4347,5.37,2695.348
3514,20041221,600064.SH,5.1,5.13,5.06,5.08,5.1,-0.02,-0.39,1666.0,849.589,0.1071,0.71,5.09,2017.15,5.1267,1977.01,5.145,2165.505,5.17,2248.104,5.2212,2471.855,5.286,2719.534,5.358,2716.66,5.3865,2840.267
3515,20041220,600064.SH,5.18,5.19,5.03,5.1,5.2,-0.1,-1.92,2368.3,1207.778,0.1523,0.96,5.15,2132.515,5.1667,2332.0067,5.1925,2393.63,5.21,2348.572,5.2762,2726.48,5.328,2846.986,5.3793,2741.5473,5.414,3016.5195
3516,20041217,600064.SH,5.18,5.24,5.18,5.2,5.2,0.0,0.0,1896.73,986.461,0.122,0.69,5.2,2313.86,5.2233,2402.0733,5.2375,2343.64,5.246,2476.712,5.335,2895.13,5.372,2872.985,5.3987,2754.9273,5.4425,3232.706
3517,20041216,600064.SH,5.28,5.28,5.2,5.2,5.27,-0.07,-1.33,2730.99,1427.362,0.1756,0.92,5.235,2654.745,5.25,2492.61,5.2575,2621.7075,5.278,2768.762,5.3725,3025.6037,5.407,3022.367,5.42,2833.9073,5.4615,3376.0755
3518,20041215,600064.SH,5.3,5.3,5.2,5.27,5.28,-0.01,-0.19,2578.5,1352.066,0.1658,0.81,5.275,2373.42,5.2767,2585.28,5.2975,2778.205,5.342,2963.164,5.415,3012.7662,5.437,3020.488,5.4387,2848.0213,5.478,3373.2495
3519,20041214,600064.SH,5.3,5.33,5.25,5.28,5.28,0.0,0.0,2168.34,1145.751,0.1395,0.65,5.28,2588.67,5.3067,2844.7733,5.36,3059.33,5.402,3190.964,5.45,3114.2725,5.452,2950.938,5.4587,3037.6547,5.4865,3388.6495
3520,20041213,600064.SH,5.31,5.35,5.26,5.28,5.36,-0.08,-1.49,3009.0,1590.412,0.1935,0.92,5.32,3182.99,5.3867,3356.3267,5.4325,3446.62,5.446,3345.4,5.4775,3182.255,5.464,2938.035,5.482,3239.1687,5.5,3452.344
3521,20041210,600064.SH,5.51,5.51,5.36,5.36,5.52,-0.16,-2.9,3356.98,1812.617,0.2159,1.02,5.44,3529.99,5.4833,3592.4933,5.4875,3429.5,5.498,3269.258,5.495,3041.505,5.475,2894.035,5.508,3484.704,5.514,3487.642
3522,20041209,600064.SH,5.57,5.61,5.45,5.52,5.57,-0.05,-0.9,3703.0,2057.284,0.2382,1.2,5.545,3710.25,5.53,3453.6733,5.5325,3247.3275,5.536,3275.972,5.5,2876.7962,5.491,2866.48,5.5227,3578.5133,5.5205,3513.843
3523,20041208,600064.SH,5.55,5.58,5.5,5.57,5.5,0.07,1.27,3717.5,2059.815,0.2391,1.37,5.535,3329.01,5.5367,3095.4367,5.54,3169.215,5.532,3077.812,5.4837,2735.0462,5.487,2790.45,5.5233,3509.9447,5.52,3859.2215
3524,20041207,600064.SH,5.53,5.55,5.45,5.5,5.54,-0.04,-0.72,2940.52,1613.748,0.1891,1.16,5.52,2784.405,5.53,2986.4533,5.5225,2917.89,5.502,2710.912,5.4775,2655.5375,5.487,2961.0,5.5147,3454.5447,5.52,3991.021
3525,20041206,600064.SH,5.58,5.58,5.49,5.54,5.55,-0.01,-0.18,2628.29,1453.335,0.169,1.04,5.545,3009.42,5.53,2910.3467,5.5025,2653.51,5.482,2530.67,5.475,2655.81,5.5,3186.053,5.518,3487.992,5.5125,3895.6445
3526,20041203,600064.SH,5.5,5.57,5.46,5.55,5.5,0.05,0.91,3390.55,1874.196,0.2181,1.38,5.525,3051.375,5.49,2661.9167,5.4675,2506.265,5.452,2518.812,5.4787,3005.1487,5.513,3592.427,5.5193,3560.4367,5.501,3844.88
3527,20041202,600064.SH,5.42,5.5,5.38,5.5,5.42,0.08,1.48,2712.2,1476.858,0.1744,1.08,5.46,2297.6,5.44,2211.5033,5.4275,2300.8775,5.446,2456.988,5.4887,3230.2112,5.516,3729.784,5.5153,3593.1333,5.4895,3801.934
3528,20041201,600064.SH,5.4,5.46,5.36,5.42,5.4,0.02,0.37,1883.0,1019.749,0.1211,0.59,5.41,1961.155,5.4033,2163.77,5.4325,2393.185,5.442,2503.088,5.51,3727.69,5.519,3726.011,5.516,4119.6913,5.482,3832.369
3529,20041130,600064.SH,5.36,5.44,5.36,5.4,5.39,0.01,0.19,2039.31,1098.591,0.1312,0.53,5.395,2304.155,5.4367,2563.2467,5.4475,2658.11,5.472,3211.088,5.53,4087.83,5.521,3826.361,5.526,4417.724,5.483,3879.405
3530,20041129,600064.SH,5.52,5.52,5.38,5.39,5.52,-0.13,-2.36,2569.0,1397.765,0.1652,0.55,5.455,2825.215,5.4633,2864.3767,5.49,3504.0325,5.518,3841.436,5.5462,4167.225,5.536,3966.653,5.5227,4350.636,5.48,3948.889
3531,20041126,600064.SH,5.5,5.55,5.45,5.52,5.48,0.04,0.73,3081.43,1699.867,0.1982,0.62,5.5,3012.065,5.5233,3815.71,5.55,4159.545,5.574,4666.042,5.5525,4206.9125,5.553,4081.249,5.5173,4286.9027,5.4805,4055.3185
3532,20041125,600064.SH,5.58,5.6,5.46,5.48,5.57,-0.09,-1.62,2942.7,1623.399,0.1893,0.59,5.525,4182.85,5.56,4518.9167,5.5875,5062.195,5.586,5002.58,5.5562,4252.0125,5.55,4161.206,5.504,4250.2493,5.4805,4232.696
3533,20041124,600064.SH,5.63,5.7,5.57,5.57,5.63,-0.06,-1.07,5423.0,3053.313,0.3488,1.22,5.6,5307.025,5.6233,5768.6933,5.6125,5517.55,5.596,4948.934,5.5662,4348.545,5.553,4927.993,5.4953,4275.4627,5.4935,4445.484
3534,20041123,600064.SH,5.67,5.68,5.59,5.63,5.67,-0.04,-0.71,5191.05,2918.031,0.3339,1.27,5.65,5941.54,5.6267,5549.0667,5.6025,4830.4175,5.57,4441.634,5.5562,4155.795,5.553,5021.042,5.4867,4102.1773,5.5075,4542.402
3535,20041122,600064.SH,5.6,5.71,5.56,5.67,5.58,0.09,1.61,6692.03,3783.316,0.4304,1.91,5.625,5728.075,5.5933,4710.2067,5.555,4254.28,5.554,4091.87,5.5412,4833.235,5.525,4605.236,5.4673,3984.7067,5.518,5066.345
3536,20041119,600064.SH,5.53,5.6,5.48,5.58,5.53,0.05,0.9,4764.12,2644.193,0.3064,1.44,5.555,3719.295,5.5167,3441.6967,5.525,3441.83,5.532,3496.456,5.5287,4790.9175,5.489,4097.333,5.4493,3851.744,5.5155,5040.8485
3537,20041118,600064.SH,5.44,5.54,5.4,5.53,5.44,0.09,1.65,2674.47,1466.87,0.172,0.55,5.485,2780.485,5.5067,3001.0667,5.52,3179.54,5.514,3319.832,5.5,4324.5262,5.463,3874.084,5.4453,3976.068,5.5145,5012.0025
3538,20041117,600064.SH,5.55,5.55,5.4,5.44,5.55,-0.11,-1.98,2886.5,1575.781,0.1856,0.52,5.495,3164.365,5.5167,3347.8967,5.51,3481.1725,5.51,4907.052,5.4725,4191.8425,5.445,3938.727,5.4593,4277.6673,5.517,5211.2775
3539,20041116,600064.SH,5.55,5.62,5.52,5.55,5.56,-0.01,-0.18,3442.23,1911.946,0.2214,0.67,5.555,3578.595,5.5333,3679.3967,5.5275,5412.19,5.536,5600.45,5.4575,4147.4837,5.445,3932.449,5.4867,4575.9913,5.5285,5214.3025
3540,20041115,600064.SH,5.49,5.57,5.49,5.56,5.49,0.07,1.28,3714.96,2055.165,0.2389,0.79,5.525,3797.98,5.52,6068.8433,5.5325,6140.005,5.496,5118.602,5.4325,4132.3175,5.424,3931.125,5.506,5391.17,5.536,5337.485
3541,20041112,600064.SH,5.52,5.6,5.48,5.49,5.51,-0.02,-0.36,3881.0,2145.004,0.2496,0.88,5.5,7245.785,5.5233,6948.3533,5.48,5469.5125,5.446,4698.21,5.4175,4020.9125,5.408,4029.388,5.51,5555.646,5.5365,5290.237
3542,20041111,600064.SH,5.59,5.74,5.5,5.51,5.57,-0.06,-1.08,10610.57,5968.686,0.6824,3.57,5.54,8482.03,5.4767,5999.0167,5.435,4902.5125,5.412,4428.336,5.3987,3964.4112,5.411,4304.186,5.5147,5576.0593,5.537,5367.0615
3543,20041110,600064.SH,5.4,5.64,5.3,5.57,5.35,0.22,4.11,6353.49,3478.52,0.4086,2.81,5.46,3693.24,5.41,2999.8267,5.3875,2882.7775,5.38,2970.402,5.385,3225.2887,5.434,3962.975,5.5193,5312.686,5.5365,5197.2325
3544,20041109,600064.SH,5.34,5.37,5.3,5.35,5.31,0.04,0.75,1032.99,551.887,0.0664,0.38,5.33,1322.995,5.3267,1725.8733,5.3325,2124.63,5.354,2264.448,5.3787,3259.725,5.462,4063.762,5.526,5085.5867,5.555,5169.025
3545,20041108,600064.SH,5.3,5.33,5.24,5.31,5.32,-0.01,-0.19,1613.0,850.44,0.1037,0.48,5.315,2072.315,5.3267,2488.51,5.355,2572.3125,5.352,2743.648,5.4275,4030.4087,5.511,5527.454,5.5493,5410.446,5.5815,5663.088
3546,20041105,600064.SH,5.35,5.41,5.3,5.32,5.35,-0.03,-0.56,2531.63,1349.325,0.1628,0.61,5.335,2926.265,5.37,2892.0833,5.3625,3026.31,5.37,3360.566,5.495,4748.9537,5.542,5984.364,5.5667,5487.5793,5.618,7838.927
3547,20041104,600064.SH,5.43,5.5,5.34,5.35,5.44,-0.09,-1.65,3320.9,1794.401,0.2136,0.67,5.395,3072.31,5.3767,3191.2033,5.3825,3567.8,5.41,4180.036,5.56,6391.2387,5.566,6149.921,5.5787,5679.97,5.6395,7946.082
3548,20041103,600064.SH,5.35,5.47,5.35,5.44,5.34,0.1,1.87,2823.72,1527.873,0.1816,0.48,5.39,3126.355,5.3933,3650.1,5.425,4394.82,5.488,4955.548,5.5937,6748.8887,5.589,6483.828,5.5887,5939.5093,5.6535,8098.465
3549,20041102,600064.SH,5.36,5.36,5.32,5.34,5.4,-0.06,-1.11,3428.99,1832.341,0.2205,0.41,5.37,4063.29,5.42,4918.52,5.5,5488.505,5.57,5863.076,5.6087,6919.3237,5.612,6496.156,5.622,6137.2173,5.6655,8136.822
3550,20041101,600064.SH,5.48,5.52,5.39,5.4,5.52,-0.12,-2.17,4697.59,2551.125,0.3021,0.55,5.46,5663.285,5.5533,6175.01,5.6275,6471.5975,5.67,8311.26,5.6387,7323.1962,5.648,6743.845,5.658,6636.2347,5.685,8326.763
3551,20041029,600064.SH,5.58,5.64,5.43,5.52,5.74,-0.22,-3.83,6628.98,3668.629,0.4263,0.82,5.63,6913.72,5.7033,7062.9333,5.7375,9214.6775,5.714,8608.162,5.6725,7104.3725,5.665,6551.086,5.7007,9331.714,5.7025,8442.802
3552,20041028,600064.SH,5.85,5.87,5.74,5.74,5.85,-0.11,-1.88,7198.46,4170.303,0.463,0.9,5.795,7279.91,5.81,10076.5767,5.7625,9102.9575,5.722,8119.806,5.695,7013.985,5.663,6429.937,5.716,9201.4307,5.7175,8916.7065
3553,20041027,600064.SH,5.79,5.87,5.62,5.85,5.84,0.01,0.17,7361.36,4218.675,0.4734,1.03,5.845,11515.635,5.77,9737.79,5.7175,8350.1425,5.69,8012.108,5.6737,6460.4275,5.639,6431.49,5.7087,9146.104,5.7285,9011.54
3554,20041026,600064.SH,5.68,5.85,5.65,5.84,5.62,0.22,3.91,15669.91,8980.017,1.0078,3.03,5.73,10926.005,5.6733,8679.7367,5.65,8174.795,5.654,7129.236,5.63,6217.4437,5.648,6274.288,5.6973,8894.7373,5.7255,9212.246
3555,20041025,600064.SH,5.63,5.68,5.45,5.62,5.56,0.06,1.08,6182.1,3433.009,0.3976,1.38,5.59,5184.65,5.5867,5676.4233,5.6075,4994.0675,5.626,5176.43,5.5875,5160.4537,5.652,5798.722,5.69,8331.9307,5.7335,9091.7115
3556,20041022,600064.SH,5.58,5.61,5.45,5.56,5.58,-0.02,-0.36,4187.2,2318.275,0.2693,0.88,5.57,5423.585,5.6033,4598.0567,5.6275,4925.0125,5.616,4494.01,5.6275,5111.3587,5.694,9693.49,5.6987,8387.682,5.756,9367.215
3557,20041021,600064.SH,5.76,5.79,5.55,5.58,5.67,-0.09,-1.59,6659.97,3792.052,0.4283,1.37,5.625,4803.485,5.65,5170.95,5.63,4570.7125,5.604,4740.068,5.6675,5952.24,5.713,9742.243,5.716,9182.34,5.7695,9700.5645
3558,20041020,600064.SH,5.7,5.7,5.5,5.67,5.7,-0.03,-0.53,2947.0,1643.633,0.1895,0.54,5.685,4426.44,5.6467,3874.2933,5.61,4260.0925,5.588,4850.872,5.725,10760.9662,5.718,9713.102,5.7413,9344.684,5.7725,9670.3315
3559,20041019,600064.SH,5.6,5.81,5.55,5.7,5.57,0.13,2.33,5905.88,3360.129,0.3798,0.92,5.635,4337.94,5.59,4697.79,5.5675,5326.84,5.642,5419.34,5.735,10976.9325,5.719,9777.488,5.7493,9906.5827,5.769,9997.297
3560,20041018,600064.SH,5.68,5.68,5.52,5.57,5.5,0.07,1.27,2770.0,1542.074,0.1781,0.19,5.535,4093.745,5.5233,5133.8267,5.6275,5297.705,5.678,6421.014,5.7262,11034.7675,5.722,9909.681,5.7693,10396.8053,5.7525,9813.5355
3561,20041015,600064.SH,5.48,5.63,5.42,5.5,5.5,0.0,0.0,5417.49,2985.566,0.3484,0.37,5.5,6315.74,5.6467,6140.2733,5.705,7333.7675,5.772,14892.97,5.74,11137.375,5.74,10334.518,5.8027,10991.6167,5.7335,9764.274
3562,20041014,600064.SH,5.94,5.98,5.4,5.5,5.94,-0.44,-7.41,7213.99,4132.384,0.464,0.49,5.72,6501.665,5.7733,7972.5267,5.84,17261.84,5.822,14744.418,5.7687,11363.665,5.772,11403.476,5.8247,11354.0633,5.726,9550.2865
3563,20041013,600064.SH,5.85,5.95,5.82,5.94,5.88,0.06,1.02,5789.34,3402.319,0.3723,0.41,5.91,8351.795,5.9533,20611.1233,5.9025,16627.025,5.848,14575.332,5.8,11339.2125,5.818,11591.59,5.834,11276.818,5.719,9270.137
3564,20041012,600064.SH,5.98,5.99,5.82,5.88,6.04,-0.16,-2.65,10914.25,6441.15,0.7019,0.81,5.96,28022.015,5.89,20239.5867,5.825,16771.83,5.796,14135.636,5.785,12628.9287,5.803,12150.204,5.8113,11523.2827,5.695,9069.67
3565,20041011,600064.SH,5.87,6.19,5.87,6.04,5.75,0.29,5.04,45129.78,27314.445,2.9025,7.81,5.895,24902.255,5.8067,18724.3567,5.775,14940.9825,5.766,13398.348,5.795,12401.5387,5.815,12384.701,5.7773,10944.376,5.673,8581.0725
3566,20041008,600064.SH,5.58,5.78,5.46,5.75,5.63,0.12,2.13,4674.73,2622.304,0.3006,0.58,5.69,5521.645,5.6867,4878.05,5.6975,5465.49,5.708,5776.066,5.7637,8182.2512,5.818,9040.94,5.7207,8054.7087,5.643,6390.0835
3567,20040930,600064.SH,5.7,5.7,5.55,5.63,5.68,-0.05,-0.88,6368.56,3603.729,0.4096,0.74,5.655,4979.71,5.68,5729.0767,5.6975,6051.4,5.722,8062.534,5.795,9255.3125,5.826,9658.886,5.694,7818.9093,5.6265,6227.2905
3568,20040929,600064.SH,5.73,5.76,5.67,5.68,5.73,-0.05,-0.87,3590.86,2052.223,0.2309,0.35,5.705,5409.335,5.72,5945.68,5.745,8486.0275,5.788,8607.848,5.85,9920.7637,5.827,9627.561,5.676,7501.7387,5.6155,5996.2125
3569,20040928,600064.SH,5.79,5.84,5.62,5.73,5.75,-0.02,-0.35,7227.81,4120.356,0.4648,0.64,5.74,7123.09,5.7667,10117.75,5.815,9862.095,5.81,10164.772,5.8687,10828.68,5.819,10217.106,5.6613,7381.0147,5.598,5879.2195
3570,20040927,600064.SH,5.93,5.97,5.67,5.75,5.82,-0.07,-1.2,7018.37,4061.483,0.4514,0.57,5.785,11562.72,5.8433,10740.19,5.83,10899.0125,5.864,11371.054,5.8575,10682.1175,5.783,9717.39,5.642,6975.314,5.5825,5632.873
3571,20040924,600064.SH,6.0,6.14,5.81,5.82,5.96,-0.14,-2.35,16107.07,9747.245,1.0359,1.43,5.89,12601.1,5.8567,12192.56,5.8925,12459.225,5.928,12305.814,5.8387,10990.61,5.727,9194.03,5.6213,6594.756,5.5595,5326.431
3572,20040923,600064.SH,5.78,5.97,5.71,5.96,5.79,0.17,2.94,9095.13,5297.623,0.5849,0.85,5.875,10235.305,5.9167,11243.2767,5.955,11355.5,5.93,11255.238,5.7825,9256.0575,5.68,7697.097,5.5947,5615.5427,5.532,4588.8775
3573,20040922,600064.SH,5.99,6.01,5.76,5.79,6.0,-0.21,-3.5,11375.48,6672.939,0.7316,1.11,5.895,12317.35,5.9533,12108.9567,5.9225,11795.265,5.866,10647.274,5.6862,8342.2625,5.62,6948.684,5.558,5125.6673,5.4965,4227.0735
3574,20040921,600064.SH,6.1,6.18,5.91,6.0,6.07,-0.07,-1.15,13259.22,8019.115,0.8528,1.64,6.035,12475.695,5.9667,11935.1933,5.885,10465.2225,5.828,10269.44,5.6312,7062.545,5.587,5989.136,5.5273,4450.702,5.477,3728.262
3575,20040920,600064.SH,5.84,6.07,5.81,6.07,5.83,0.24,4.12,11692.17,6938.522,0.752,1.92,5.95,11273.18,5.8467,9533.89,5.785,9521.995,5.702,8063.726,5.5512,5606.5175,5.531,4777.444,5.4887,3720.146,5.4505,3197.6785
3576,20040917,600064.SH,5.63,5.84,5.56,5.83,5.64,0.19,3.37,10854.19,6211.28,0.6981,2.62,5.735,8454.75,5.69,8798.6033,5.61,7156.615,5.526,6082.246,5.475,4367.4962,5.468,3739.227,5.4367,2999.97,5.4145,2743.812
3577,20040916,600064.SH,5.65,5.68,5.54,5.64,5.6,0.04,0.71,6055.31,3395.193,0.3894,1.86,5.62,7770.81,5.5367,5924.09,5.45,4889.26,5.43,4138.956,5.4262,3153.51,5.427,2795.695,5.3993,2366.7573,5.396,2375.7885
3578,20040915,600064.SH,5.4,5.73,5.36,5.6,5.37,0.23,4.28,9486.31,5309.29,0.6101,5.55,5.485,5858.48,5.3867,4500.5767,5.3775,3659.8675,5.374,3250.094,5.4012,2560.3462,5.404,2364.864,5.3733,2087.0067,5.3865,2470.5015
3579,20040914,600064.SH,5.19,5.45,5.19,5.37,5.19,0.18,3.47,2230.65,1193.478,0.1435,1.5,5.28,2007.71,5.3033,1717.72,5.3175,1691.04,5.346,1708.832,5.3787,1551.9162,5.377,1541.333,5.36,1547.8693,5.4015,2178.9665
3580,20040913,600064.SH,5.3,5.32,5.18,5.19,5.35,-0.16,-2.99,1784.77,934.237,0.1148,1.28,5.27,1461.255,5.3,1511.17,5.34,1578.3775,5.36,1491.162,5.3837,1491.46,5.382,1548.356,5.3667,1575.6627,5.429,2212.0575
3581,20040910,600064.SH,5.36,5.38,5.3,5.35,5.36,-0.01,-0.19,1137.74,608.665,0.0732,0.78,5.355,1374.37,5.39,1509.58,5.4025,1417.76,5.41,1396.208,5.4012,1424.7387,5.392,1458.832,5.3773,1631.0007,5.466,2416.0315
3582,20040909,600064.SH,5.38,5.46,5.35,5.36,5.46,-0.1,-1.83,1611.0,868.183,0.1036,1.09,5.41,1695.5,5.42,1511.1,5.425,1460.825,5.424,1452.434,5.41,1570.1312,5.384,1480.658,5.3847,1788.066,5.4985,2656.044
3583,20040908,600064.SH,5.5,5.52,5.43,5.46,5.44,0.02,0.37,1780.0,971.818,0.1145,1.3,5.45,1461.15,5.4467,1410.7667,5.44,1412.7925,5.434,1479.634,5.4012,1479.9475,5.373,1505.463,5.3907,2210.6373,5.5325,3523.729
3584,20040907,600064.SH,5.43,5.45,5.36,5.44,5.44,0.0,0.0,1142.3,617.756,0.0735,0.71,5.44,1226.15,5.4333,1290.39,5.4275,1404.5425,5.408,1373.834,5.3775,1426.9475,5.367,1467.388,5.42,2335.678,5.553,3655.476
3585,20040906,600064.SH,5.42,5.44,5.37,5.44,5.42,0.02,0.37,1310.0,709.711,0.0843,0.86,5.43,1364.435,5.4233,1491.9567,5.4,1431.7175,5.404,1605.55,5.3537,1516.5412,5.37,1617.913,5.452,2452.356,5.5705,3640.8625
3586,20040903,600064.SH,5.39,5.45,5.35,5.42,5.41,0.01,0.18,1418.87,765.816,0.0913,0.94,5.415,1582.935,5.3867,1472.29,5.395,1679.4375,5.374,1521.456,5.3487,1527.6975,5.361,1748.397,5.4847,2755.9727,5.585,3640.1715
3587,20040902,600064.SH,5.32,5.42,5.24,5.41,5.33,0.08,1.5,1747.0,929.407,0.1124,1.14,5.37,1499.0,5.3867,1766.2933,5.3625,1547.1025,5.344,1508.882,5.355,1681.2825,5.365,1955.882,5.5233,3057.2473,5.6045,3632.728
3588,20040901,600064.SH,5.46,5.46,5.33,5.33,5.42,-0.09,-1.66,1251.0,677.011,0.0805,0.8,5.375,1775.94,5.3467,1480.47,5.3275,1449.3525,5.312,1531.292,5.3475,1789.7625,5.369,2576.139,5.5653,4205.094,5.6265,3638.128
3589,20040831,600064.SH,5.5,5.53,5.36,5.42,5.29,0.13,2.46,2300.88,1247.697,0.148,1.41,5.355,1595.205,5.3267,1515.47,5.3075,1601.365,5.326,1560.942,5.3637,2070.1025,5.426,2816.6,5.6013,4416.0233,5.6565,3735.748
3590,20040830,600064.SH,5.27,5.38,5.2,5.29,5.27,0.02,0.38,889.53,469.329,0.0572,0.45,5.28,1122.765,5.27,1368.1933,5.3025,1375.9575,5.336,1630.276,5.3675,2776.1887,5.476,2875.759,5.626,4319.3,5.6755,3686.149
3591,20040827,600064.SH,5.23,5.3,5.2,5.27,5.25,0.02,0.38,1356.0,713.83,0.0872,0.56,5.26,1607.525,5.3067,1538.1,5.3475,1815.4625,5.348,1975.338,5.4437,3121.9487,5.54,3373.231,5.6553,4346.41,5.701,3715.797
3592,20040826,600064.SH,5.18,5.39,5.18,5.25,5.4,-0.15,-2.78,1859.05,985.692,0.1196,0.51,5.325,1629.15,5.3733,1968.6167,5.3675,2130.1725,5.386,2402.882,5.525,3314.0075,5.613,3831.43,5.6913,4340.6767,5.7245,3748.497
3593,20040825,600064.SH,5.45,5.48,5.39,5.4,5.47,-0.07,-1.28,1399.25,758.477,0.09,0.34,5.435,2023.4,5.4067,2220.5467,5.42,2538.84,5.426,3620.986,5.61,3814.6575,5.692,5541.995,5.7313,4340.4067,5.756,3759.694
3594,20040824,600064.SH,5.3,5.55,5.3,5.47,5.35,0.12,2.24,2647.55,1438.239,0.1703,0.64,5.41,2631.195,5.4267,2918.7033,5.4325,4176.42,5.526,4072.258,5.685,4382.0,5.739,5843.564,5.7667,4460.6833,5.7745,3818.158
3595,20040823,600064.SH,5.42,5.42,5.3,5.35,5.46,-0.11,-2.01,2614.84,1397.547,0.1682,0.55,5.405,3054.28,5.42,4686.0433,5.54,4428.435,5.616,4121.242,5.7562,6421.6437,5.771,5663.812,5.7887,4371.44,5.786,3849.6635
3596,20040820,600064.SH,5.44,5.54,5.35,5.46,5.45,0.01,0.18,3493.72,1899.453,0.2247,0.66,5.455,5721.645,5.6033,5032.9667,5.6825,4497.8425,5.732,4771.124,5.8212,6646.6562,5.809,5531.946,5.8187,4295.95,5.806,3867.3785
3597,20040819,600064.SH,5.85,5.9,5.43,5.45,5.9,-0.45,-7.63,7949.57,4386.992,0.5113,1.07,5.675,5802.59,5.7567,4832.55,5.8,5090.475,5.84,5259.978,5.8625,6316.195,5.844,5309.574,5.8373,4197.0353,5.8285,3814.53
3598,20040818,600064.SH,5.93,6.02,5.9,5.9,5.92,-0.02,-0.34,3655.61,2182.175,0.2351,0.48,5.91,3274.04,5.9167,4137.4433,5.9375,4587.58,5.958,7463.004,5.8975,5484.5212,5.884,4700.117,5.866,3805.93,5.8485,3562.8515
3599,20040817,600064.SH,5.92,5.94,5.79,5.92,5.93,-0.01,-0.17,2892.47,1697.639,0.186,0.4,5.925,4378.36,5.95,4898.2367,5.9725,8414.8525,5.952,7614.87,5.8862,5186.32,5.887,4654.896,5.8573,3733.458,5.8535,3544.2245
3600,20040816,600064.SH,6.0,6.03,5.78,5.93,6.0,-0.07,-1.17,5864.25,3464.684,0.3772,0.93,5.965,5901.12,5.99,10255.6467,5.96,8795.47,5.926,7206.382,5.8775,5056.6362,5.875,4496.539,5.8427,3759.1373,5.8605,3521.2535
3601,20040813,600064.SH,6.06,6.08,5.96,6.0,6.04,-0.04,-0.66,5937.99,3569.558,0.3819,1.11,6.02,12451.345,5.97,9772.5433,5.925,7541.915,5.886,6292.768,5.8775,4724.03,5.862,4058.363,5.8307,3566.13,5.871,3358.035
3602,20040812,600064.SH,5.91,6.06,5.84,6.04,5.87,0.17,2.9,18964.7,11303.328,1.2197,9.79,5.955,11689.82,5.9,8076.5567,5.8575,6381.4625,5.848,5359.17,5.8525,4145.3937,5.836,3665.564,5.8247,3332.714,5.878,3307.8725
3603,20040811,600064.SH,5.78,5.88,5.7,5.87,5.79,0.08,1.38,4414.94,2548.142,0.2839,2.6,5.83,2632.485,5.7967,2187.05,5.8,1957.7875,5.81,1937.23,5.8225,1960.1175,5.82,1977.393,5.812,2262.8007,5.8745,2495.5845
3604,20040810,600064.SH,5.72,5.8,5.72,5.79,5.73,0.06,1.05,850.03,489.641,0.0547,0.48,5.76,1073.105,5.7767,1138.7367,5.795,1317.8025,5.822,1694.922,5.8062,1659.5,5.81,1792.752,5.8207,2187.3427,5.877,2490.6775
3605,20040809,600064.SH,5.8,5.8,5.73,5.73,5.81,-0.08,-1.38,1296.18,747.09,0.0834,0.71,5.77,1283.09,5.7967,1473.7267,5.83,1906.145,5.824,1786.696,5.8175,1813.62,5.801,2035.515,5.8387,2292.8773,5.8905,2547.626
3606,20040806,600064.SH,5.85,5.88,5.79,5.81,5.85,-0.04,-0.68,1270.0,740.259,0.0817,0.64,5.83,1562.5,5.8633,2109.4667,5.8475,1909.325,5.838,1823.958,5.8225,1972.6637,5.803,2202.811,5.866,2379.7907,5.9055,2615.812
3607,20040805,600064.SH,5.94,5.94,5.83,5.85,5.93,-0.08,-1.35,1855.0,1088.96,0.1193,0.92,5.89,2529.2,5.86,2122.4333,5.845,1962.4475,5.824,1971.958,5.8087,2223.6212,5.813,2319.486,5.888,2624.1067,5.925,2662.1615
3608,20040804,600064.SH,5.8,5.97,5.77,5.93,5.8,0.13,2.24,3203.4,1884.351,0.206,1.69,5.865,2256.15,5.8433,1998.2633,5.8175,2001.1975,5.83,2017.556,5.7962,2362.8887,5.813,2425.586,5.896,2681.7027,5.9425,2659.411
3609,20040803,600064.SH,5.79,5.85,5.71,5.8,5.8,0.0,0.0,1308.9,757.133,0.0842,0.57,5.8,1395.695,5.78,1600.4633,5.805,1721.095,5.798,1890.582,5.7937,2267.0575,5.82,2433.553,5.8953,2755.9293,5.952,2577.511
3610,20040802,600064.SH,5.73,5.81,5.69,5.8,5.74,0.06,1.05,1482.49,850.049,0.0953,0.57,5.77,1746.245,5.8067,1858.4933,5.7975,2036.0025,5.778,2284.334,5.8,2467.945,5.846,2545.968,5.9127,2801.2693,5.973,2627.702
3611,20040730,600064.SH,5.9,5.92,5.74,5.74,5.88,-0.14,-2.38,2010.0,1171.796,0.1293,0.75,5.81,2046.495,5.7967,2220.5067,5.7725,2484.795,5.768,2581.664,5.825,2693.0175,5.88,2657.707,5.928,2879.7633,5.991,2624.073
3612,20040729,600064.SH,5.77,5.89,5.77,5.88,5.77,0.11,1.91,2082.99,1216.737,0.134,0.74,5.825,2325.76,5.7833,2643.06,5.775,2724.58,5.802,2667.014,5.865,2745.8987,5.92,2950.181,5.9587,2892.2293,6.013,2658.2755
3613,20040728,600064.SH,5.7,5.77,5.67,5.77,5.7,0.07,1.23,2568.53,1468.926,0.1652,0.86,5.735,2923.095,5.74,2938.4433,5.7825,2813.02,5.796,2833.616,5.8975,2810.51,5.929,3013.776,5.98,2873.3627,6.0315,2715.2235
3614,20040727,600064.SH,5.76,5.78,5.67,5.7,5.75,-0.05,-0.87,3277.66,1872.813,0.2108,1.17,5.725,3123.4,5.7867,2894.5167,5.8025,2899.8875,5.842,2976.524,5.9437,3106.2862,5.944,3188.603,6.0033,2806.4873,6.045,2666.947
3615,20040726,600064.SH,5.9,5.9,5.75,5.75,5.91,-0.16,-2.71,2969.14,1720.961,0.191,1.09,5.83,2702.945,5.8367,2773.9633,5.8775,2901.24,5.914,2807.602,5.9775,3036.4462,5.98,3059.737,6.038,2742.158,6.07,2683.2765
3616,20040723,600064.SH,5.86,5.94,5.81,5.91,5.85,0.06,1.03,2436.75,1425.845,0.1567,0.75,5.88,2676.375,5.92,2878.6067,5.955,2767.2175,5.992,2733.75,5.9987,3204.9037,6.008,3028.813,6.0653,2638.2093,6.0905,2687.792
3617,20040722,600064.SH,6.01,6.06,5.85,5.85,6.0,-0.15,-2.5,2916.0,1732.743,0.1875,0.91,5.925,3099.535,5.97,2877.3733,6.0125,2808.0,6.038,3233.348,6.0175,3148.935,6.037,3004.837,6.0833,2655.3627,6.115,2687.6555
3618,20040721,600064.SH,6.04,6.06,5.97,6.0,6.06,-0.06,-0.99,3283.07,1973.84,0.2111,0.97,6.03,2858.06,6.0667,2772.0,6.085,3312.685,6.062,3193.936,6.04,3116.9225,6.072,2893.236,6.11,2675.7593,6.148,2675.0555
3619,20040720,600064.SH,6.14,6.14,6.04,6.06,6.14,-0.08,-1.3,2433.05,1477.94,0.1565,0.73,6.1,2516.465,6.1133,3322.5567,6.0775,3171.6525,6.046,3400.682,6.065,2981.1625,6.084,2721.469,6.1127,2563.7547,6.178,2609.3735
3620,20040719,600064.SH,6.16,6.2,6.11,6.14,6.14,0.0,0.0,2599.88,1598.02,0.1672,0.78,6.14,3767.31,6.0833,3417.8533,6.0425,3642.59,6.046,3311.872,6.0825,2902.03,6.1,2709.436,6.122,2641.8347,6.2085,2642.9625
3621,20040716,600064.SH,5.97,6.2,5.97,6.14,5.97,0.17,2.85,4934.74,3017.656,0.3174,1.78,6.055,3826.84,6.01,3990.16,6.0225,3489.87,6.024,3323.876,6.08,2772.72,6.102,2590.439,6.1233,2672.4727,6.232,2598.3065
3622,20040715,600064.SH,6.0,6.02,5.89,5.97,5.92,0.05,0.84,2718.94,1614.609,0.1749,1.05,5.945,3517.87,5.9833,3008.2467,5.995,2921.16,6.036,2776.326,6.09,2444.9675,6.106,2366.37,6.1407,2505.758,6.2525,2492.192
3623,20040714,600064.SH,6.02,6.05,5.85,5.92,6.06,-0.14,-2.31,4316.8,2557.377,0.2776,2.11,5.99,3152.9,6.0033,2988.5667,6.0525,2790.6725,6.082,2592.536,6.1137,2281.3387,6.134,2416.671,6.1767,2502.0953,6.2795,2520.815
3624,20040713,600064.SH,6.05,6.13,5.99,6.06,6.03,0.03,0.5,1989.0,1199.8,0.1279,0.94,6.045,2324.45,6.0967,2281.9633,6.1225,2161.47,6.122,2042.256,6.1462,2078.495,6.146,2145.291,6.222,2345.604,6.319,2528.357
3625,20040712,600064.SH,6.18,6.18,6.01,6.03,6.2,-0.17,-2.74,2659.9,1618.555,0.1711,1.43,6.115,2428.445,6.1433,2218.96,6.1375,2055.57,6.154,2107.0,6.17,2232.6137,6.16,2306.816,6.2627,2419.9927,6.3545,2717.356
3626,20040709,600064.SH,6.1,6.22,6.1,6.2,6.2,0.0,0.0,2196.99,1359.827,0.1413,1.12,6.2,1998.49,6.1733,1854.1267,6.185,1968.775,6.18,1857.002,6.1712,2100.5012,6.173,2346.771,6.3013,2356.45,6.3815,2850.4995
3627,20040708,600064.SH,6.08,6.2,6.07,6.2,6.12,0.08,1.31,1799.99,1100.769,0.1158,0.8,6.16,1682.695,6.18,1892.7033,6.175,1772.005,6.176,1956.414,6.1712,2276.4087,6.193,2370.474,6.3247,2397.4807,6.4025,2954.045
3628,20040707,600064.SH,6.2,6.2,6.11,6.12,6.22,-0.1,-1.61,1565.4,959.602,0.1007,0.7,6.17,1939.06,6.1667,1762.6767,6.17,1995.52,6.186,2240.806,6.1662,2433.8412,6.224,2456.875,6.3453,2496.908,6.419,3086.2345
3629,20040706,600064.SH,6.16,6.25,6.1,6.22,6.16,0.06,0.97,2312.72,1434.286,0.1487,0.92,6.19,1861.315,6.1867,2138.8933,6.2025,2409.6575,6.17,2248.326,6.2012,2542.4187,6.272,2497.278,6.3847,2690.3907,6.4405,3390.151
3630,20040705,600064.SH,6.19,6.2,6.05,6.16,6.18,-0.02,-0.32,1409.91,863.661,0.0907,0.5,6.17,2051.98,6.1967,2441.97,6.1575,2232.2275,6.166,2506.632,6.2375,2586.3287,6.317,2576.489,6.4213,2920.808,6.472,3602.065
3631,20040702,600064.SH,6.23,6.24,6.16,6.18,6.25,-0.07,-1.12,2694.05,1666.226,0.1733,0.97,6.215,2958.0,6.1567,2506.3333,6.1675,2780.8125,6.166,2836.54,6.2925,2656.2687,6.362,2606.174,6.4487,3181.6653,6.519,3915.1995
3632,20040701,600064.SH,6.0,6.26,6.0,6.25,6.04,0.21,3.48,3221.95,1993.841,0.2072,1.21,6.145,2412.475,6.1633,2809.7333,6.1625,2872.1625,6.21,2784.534,6.3537,2707.6162,6.399,2618.014,6.478,3286.5887,6.568,4030.2275
3633,20040630,600064.SH,6.2,6.21,6.01,6.04,6.2,-0.16,-2.58,1603.0,985.102,0.1031,0.58,6.12,2603.625,6.1333,2755.5667,6.2,2675.18,6.262,2672.944,6.3987,2518.2175,6.425,2624.959,6.4967,3368.044,6.6085,4242.5975
3634,20040629,600064.SH,6.1,6.25,6.01,6.2,6.16,0.04,0.65,3604.25,2203.763,0.2318,1.36,6.18,3331.85,6.2533,3032.5733,6.3175,2940.43,6.374,2746.23,6.4625,2669.3987,6.492,2911.423,6.5307,3770.7593,6.6725,4430.288
3635,20040628,600064.SH,6.38,6.38,6.12,6.16,6.4,-0.24,-3.75,3059.45,1895.41,0.1968,1.29,6.28,2746.735,6.3567,2719.1567,6.4175,2531.725,6.468,2646.346,6.5012,2630.2925,6.549,3127.896,6.574,3967.2093,6.7275,4590.9055
3636,20040625,600064.SH,6.5,6.6,6.4,6.4,6.51,-0.11,-1.69,2434.02,1572.329,0.1565,0.99,6.455,2549.01,6.5033,2355.8167,6.545,2543.07,6.558,2375.808,6.57,2806.3162,6.59,3354.228,6.6367,4274.7527,6.7795,4591.92
3637,20040624,600064.SH,6.6,6.65,6.51,6.51,6.6,-0.09,-1.36,2664.0,1745.875,0.1713,1.03,6.555,2316.715,6.5933,2579.42,6.5975,2361.255,6.588,2451.494,6.6162,3223.1862,6.612,3537.616,6.6873,4445.4587,6.818,4639.768
3638,20040623,600064.SH,6.67,6.7,6.56,6.6,6.67,-0.07,-1.05,1969.43,1300.503,0.1267,0.64,6.635,2537.13,6.6267,2260.34,6.6075,2398.3675,6.588,2576.974,6.6237,3555.5325,6.614,3715.594,6.724,4765.8153,6.8555,4962.7735
3639,20040622,600064.SH,6.65,6.75,6.59,6.67,6.61,0.06,0.91,3104.83,2078.232,0.1997,0.86,6.64,2405.795,6.61,2541.3467,6.585,2728.86,6.61,3076.616,6.6262,3842.8412,6.609,4283.024,6.772,4991.6407,6.8795,5298.834
3640,20040621,600064.SH,6.46,6.68,6.41,6.61,6.55,0.06,0.92,1706.76,1121.179,0.1098,0.39,6.58,2259.605,6.5567,2603.5367,6.595,3069.5625,6.63,3609.446,6.6087,4010.21,6.627,4627.641,6.814,5239.092,6.9005,5455.6705
3641,20040618,600064.SH,6.52,6.75,6.46,6.55,6.51,0.04,0.61,2812.45,1841.912,0.1809,0.61,6.53,3051.925,6.59,3523.83,6.635,4085.1175,6.622,4332.648,6.6012,4752.3312,6.676,5224.225,6.8533,5330.624,6.9295,5709.24
3642,20040617,600064.SH,6.7,6.71,6.51,6.51,6.71,-0.2,-2.98,3291.4,2168.485,0.2117,0.68,6.61,3879.52,6.6633,4509.34,6.64,4712.6975,6.636,4623.738,6.6387,5219.65,6.737,5442.441,6.8947,5369.1927,6.955,5722.7045
3643,20040616,600064.SH,6.77,6.8,6.7,6.71,6.77,-0.06,-0.89,4467.64,3018.154,0.2873,0.81,6.74,5118.31,6.6833,5186.4633,6.6675,4956.8225,6.64,4854.214,6.7125,5767.3,6.792,5860.236,6.9447,5758.04,6.9805,5834.6985
3644,20040615,600064.SH,6.6,6.79,6.6,6.77,6.57,0.2,3.04,5768.98,3871.698,0.371,1.02,6.67,5545.875,6.6533,5119.8833,6.6225,4950.8575,6.608,5489.432,6.7687,5833.1712,6.853,5949.153,6.9693,6039.5733,7.001,5945.3855
3645,20040614,600064.SH,6.67,6.78,6.45,6.57,6.62,-0.05,-0.76,5322.77,3523.124,0.3423,0.87,6.595,4795.335,6.5733,4678.15,6.5675,5419.545,6.624,5645.836,6.805,6045.7175,6.906,6053.915,6.9907,6071.0787,7.019,5919.8245
3646,20040611,600064.SH,6.6,6.8,6.58,6.62,6.53,0.09,1.38,4267.9,2842.261,0.2745,0.68,6.575,4355.84,6.5667,5451.8033,6.6375,5726.6025,6.73,6115.802,6.8987,6049.9725,6.969,5829.612,7.032,6168.104,7.035,5803.656
3647,20040610,600064.SH,6.5,6.64,6.48,6.53,6.55,-0.02,-0.31,4443.78,2912.669,0.2858,0.65,6.54,6043.755,6.6433,6212.8367,6.7575,6577.7775,6.838,6261.144,6.9837,6368.56,7.024,5741.92,7.0613,6089.0267,7.049,5815.1955
3648,20040609,600064.SH,6.85,6.88,6.52,6.55,6.85,-0.3,-4.38,7643.73,5110.069,0.4916,1.19,6.7,7097.365,6.8333,7289.11,6.915,6715.485,6.944,6866.258,7.0675,6198.055,7.097,6209.953,7.094,6161.5267,7.0765,5884.3655
3649,20040608,600064.SH,7.07,7.08,6.84,6.85,7.1,-0.25,-3.52,6551.0,4546.757,0.4213,1.01,6.975,7111.8,7.0367,6406.07,7.0425,6671.89,7.098,6408.874,7.145,5666.4612,7.15,6314.644,7.132,6097.37,7.105,5741.8535
3650,20040607,600064.SH,7.16,7.22,7.02,7.1,7.16,-0.06,-0.84,7672.6,5470.191,0.4935,1.38,7.13,6333.605,7.1067,6712.1867,7.16,6373.3425,7.188,6461.994,7.1962,5988.1,7.174,6283.7,7.1507,6011.154,7.1075,5561.2535
3651,20040604,600064.SH,7.01,7.18,7.0,7.16,7.06,0.1,1.42,4994.61,3545.767,0.3212,0.96,7.11,6231.98,7.18,5940.2567,7.21,6159.3425,7.208,5543.422,7.1937,6115.355,7.183,6194.255,7.1367,5699.6073,7.093,5504.1835
3652,20040603,600064.SH,7.31,7.31,7.05,7.06,7.32,-0.26,-3.55,7469.35,5312.369,0.4804,1.34,7.19,6413.08,7.2267,6547.5867,7.22,5680.625,7.21,5222.696,7.185,6271.2237,7.173,6002.968,7.1193,5666.546,7.0905,5661.9225
3653,20040602,600064.SH,7.3,7.34,7.21,7.32,7.3,0.02,0.27,5356.81,3898.056,0.3445,0.86,7.31,6086.705,7.2733,5084.3833,7.2475,4661.0325,7.25,5553.648,7.2012,6184.8237,7.169,5809.161,7.1207,5557.068,7.091,6175.8535
3654,20040601,600064.SH,7.2,7.31,7.16,7.3,7.2,0.1,1.39,6816.6,4942.694,0.4384,1.12,7.25,4948.17,7.2233,4429.1067,7.2325,5602.8575,7.202,6220.414,7.1687,5900.44,7.149,5941.618,7.1073,5519.5133,7.098,6917.596
3655,20040531,600064.SH,7.2,7.24,7.08,7.2,7.17,0.03,0.42,3079.74,2208.093,0.1981,0.45,7.185,3235.36,7.21,5198.2767,7.1775,6071.3675,7.16,6105.406,7.1337,5739.775,7.132,5785.734,7.0807,5261.0067,7.1305,7315.001
3656,20040528,600064.SH,7.26,7.27,7.15,7.17,7.26,-0.09,-1.24,3390.98,2443.444,0.2181,0.5,7.215,6257.545,7.17,7068.5767,7.15,6861.8225,7.158,6845.088,7.1237,6189.98,7.101,5777.7,7.0547,5491.104,7.1625,8111.4155
3657,20040527,600064.SH,7.13,7.31,7.03,7.26,7.08,0.18,2.54,9124.11,6578.645,0.5868,1.5,7.17,8907.375,7.1433,8018.77,7.155,7708.615,7.136,6783.24,7.1187,6423.3275,7.074,5888.471,7.0507,5808.3313,7.2095,8940.5285
3658,20040526,600064.SH,7.0,7.17,6.98,7.08,7.09,-0.01,-0.14,8690.64,6146.127,0.5589,1.53,7.085,7466.1,7.12,7236.7833,7.105,6198.0225,7.088,6064.674,7.0725,5657.7387,7.056,5558.778,7.038,6383.2553,7.243,10461.2325
3659,20040525,600064.SH,7.18,7.18,6.93,7.09,7.19,-0.1,-1.39,6241.56,4393.075,0.4014,1.14,7.14,6509.855,7.1133,5367.15,7.09,5408.1825,7.096,5662.822,7.05,5133.745,7.06,5169.063,7.0633,7149.99,7.277,10998.1635
3660,20040524,600064.SH,7.05,7.22,7.05,7.19,7.06,0.13,1.84,6778.15,4837.599,0.4359,1.44,7.125,4929.945,7.09,5130.39,7.0975,5518.1375,7.104,5466.062,7.0487,5081.9475,7.041,4838.807,7.1207,7718.1993,7.2975,11028.253
3661,20040521,600064.SH,7.01,7.13,6.93,7.06,7.02,0.04,0.57,3081.74,2169.96,0.1982,0.62,7.04,4306.51,7.0667,5098.1333,7.0825,5138.04,7.044,4710.312,7.04,4833.865,7.003,4814.112,7.164,8533.5247,7.3175,11296.2975
3662,20040520,600064.SH,7.12,7.24,7.0,7.02,7.12,-0.1,-1.4,5531.28,3934.39,0.3557,1.09,7.07,6106.33,7.09,5823.4733,7.04,5117.455,7.012,4993.702,7.02,4816.0225,7.008,5320.877,7.234,9659.6247,7.339,11706.791
3663,20040519,600064.SH,7.13,7.17,7.05,7.12,7.13,-0.01,-0.14,6681.38,4758.956,0.4297,1.43,7.125,5969.57,7.0467,4979.5133,7.01,4859.3075,7.024,5052.882,6.9937,4941.0125,7.013,6542.546,7.2947,11926.752,7.3705,12148.641
3664,20040518,600064.SH,6.88,7.13,6.88,7.13,6.89,0.24,3.48,5257.76,3682.152,0.3381,1.25,7.01,4128.58,6.9733,4251.95,7.0,4645.7575,7.024,4675.304,6.9925,5124.5137,7.047,7893.574,7.3373,12776.6107,7.409,12991.637
3665,20040517,600064.SH,6.81,6.98,6.78,6.89,6.9,-0.01,-0.14,2999.4,2068.627,0.1929,0.61,6.895,3749.045,6.9567,4441.7567,6.9975,4529.69,6.978,4211.552,6.985,6685.79,7.129,8844.268,7.362,12882.3167,7.4525,13876.198
3666,20040514,600064.SH,7.08,7.08,6.85,6.9,7.08,-0.18,-2.54,4498.69,3117.478,0.2893,0.8,6.99,5162.935,7.0333,5039.7867,7.0,4514.59,6.962,4917.912,7.0562,8834.8225,7.224,10445.131,7.4087,13491.626,7.499,15570.377
3667,20040513,600064.SH,7.17,7.17,7.06,7.08,7.12,-0.04,-0.56,5827.18,4139.125,0.3748,0.73,7.1,5310.335,7.0333,4519.89,6.9775,5022.7175,7.004,5648.052,7.1875,10118.0737,7.345,11992.586,7.448,13944.4873,7.5515,16954.0325
3668,20040512,600064.SH,6.91,7.14,6.9,7.12,6.9,0.22,3.19,4793.49,3377.86,0.3083,0.43,7.01,3866.245,6.9433,4754.5633,6.985,5603.27,7.002,8032.21,7.2825,11765.68,7.43,15363.687,7.486,14513.894,7.593,21734.691
3669,20040511,600064.SH,6.81,6.97,6.8,6.9,6.81,0.09,1.32,2939.0,2020.786,0.189,0.22,6.855,4735.1,6.94,5873.1967,6.9725,8841.89,7.07,11111.844,7.4062,13663.1487,7.494,16827.264,7.5373,15763.748,7.6365,23126.433
3670,20040510,600064.SH,7.12,7.17,6.8,6.81,7.11,-0.3,-4.22,6531.2,4535.216,0.42,0.41,6.96,7340.295,6.9967,10809.52,7.1125,13155.055,7.28,13476.984,7.535,18238.0475,7.554,17217.699,7.6107,17097.7467,7.6855,24100.564
3671,20040430,600064.SH,6.98,7.18,6.98,7.11,7.07,0.04,0.57,8149.39,5783.391,0.5241,0.44,7.09,12948.68,7.2133,15363.0067,7.3975,15213.43,7.486,15972.35,7.6537,19850.305,7.632,17778.483,7.678,19121.1987,7.736,25347.912
3672,20040429,600064.SH,7.3,7.45,6.94,7.07,7.46,-0.39,-5.23,17747.97,12722.001,1.1414,0.78,7.265,18969.815,7.4933,17568.11,7.58,17928.09,7.686,18337.12,7.7025,19687.05,7.67,18092.705,7.734,20722.6927,7.759,25640.989
3673,20040427,600064.SH,7.94,8.0,7.45,7.46,7.95,-0.49,-6.16,20191.66,15519.384,1.2986,0.9,7.705,17478.18,7.75,17988.13,7.84,18484.4075,7.858,22695.164,7.7675,18985.9337,7.728,17754.736,7.79,26302.1847,7.783,25429.5875
3674,20040426,600064.SH,7.84,8.07,7.81,7.95,7.84,0.11,1.4,14764.7,11746.162,0.9496,0.7,7.895,16886.365,7.9667,17915.3233,7.9575,23321.04,7.918,22542.684,7.7712,17873.4275,7.771,18089.7,7.8253,27131.296,7.778,24872.513
3675,20040423,600064.SH,8.07,8.09,7.8,7.84,8.11,-0.27,-3.33,19008.03,15149.706,1.2225,0.97,7.975,19490.635,7.96,26173.1533,7.91,24487.18,7.828,20958.414,7.7337,17823.875,7.776,18908.128,7.8207,27641.7573,7.7455,24630.328
3676,20040422,600064.SH,7.93,8.12,7.79,8.11,7.93,0.18,2.27,19973.24,15931.582,1.2846,1.12,8.02,29755.715,7.9333,26313.5633,7.825,21446.01,7.778,19584.616,7.74,18390.5337,7.774,20695.623,7.8193,28473.0993,7.724,24457.0875
3677,20040421,600064.SH,7.83,8.16,7.82,7.93,7.76,0.17,2.19,39538.19,31544.718,2.5429,3.09,7.845,29483.725,7.73,21936.9333,7.695,19487.46,7.654,17848.29,7.7262,18762.5012,7.758,21915.479,7.7833,28075.612,7.682,23741.5395
3678,20040420,600064.SH,7.5,7.78,7.46,7.76,7.5,0.26,3.47,19429.26,14948.688,1.2496,1.42,7.63,13136.305,7.6167,12803.8833,7.585,12425.815,7.598,12814.308,7.7125,18430.6,7.756,28105.695,7.758,26341.062,7.653,22327.2495
3679,20040419,600064.SH,7.62,7.65,7.44,7.5,7.59,-0.09,-1.19,6843.35,5163.517,0.4401,0.41,7.545,9491.195,7.5267,10091.3333,7.5575,11160.57,7.624,13636.716,7.7362,20023.4175,7.779,29425.602,7.7313,25649.1227,7.6355,21904.735
3680,20040416,600064.SH,7.5,7.6,7.31,7.59,7.49,0.1,1.34,12139.04,9095.887,0.7807,0.56,7.54,11715.325,7.5767,12599.6433,7.655,15335.0575,7.724,16857.842,7.7875,31848.0425,7.817,30983.429,7.718,25854.2993,7.6305,22197.516
3681,20040415,600064.SH,7.6,7.7,7.48,7.49,7.65,-0.16,-2.09,11291.61,8583.508,0.7262,0.43,7.57,12829.945,7.6767,16400.3967,7.7575,18037.5425,7.77,21806.63,7.8375,34409.2037,7.84,32917.341,7.706,26081.2447,7.618,22426.4625
3682,20040414,600064.SH,7.86,7.96,7.57,7.65,7.89,-0.24,-3.04,14368.28,11093.99,0.9241,0.33,7.77,18954.79,7.8467,20286.1867,7.84,24435.385,7.862,25982.668,7.8862,35800.455,7.848,33189.273,7.6913,25705.956,7.6015,22344.4385
3683,20040413,600064.SH,8.08,8.16,7.85,7.89,8.0,-0.11,-1.38,23541.3,18847.653,1.514,0.52,7.945,23245.14,7.9033,27791.0867,7.915,28886.265,7.914,43397.082,7.9075,37939.19,7.838,33104.439,7.6713,25498.23,7.5825,22066.472
3684,20040412,600064.SH,7.82,8.05,7.71,8.0,7.82,0.18,2.3,22948.98,18138.388,1.4759,0.51,7.91,29915.98,7.9233,30667.92,7.92,48361.0275,7.934,45214.488,7.8675,36747.8937,7.785,31655.326,7.6393,24660.7413,7.5515,21479.0175
3685,20040409,600064.SH,8.05,8.14,7.71,7.82,7.95,-0.13,-1.64,36882.98,29430.589,2.3721,0.84,7.885,34527.39,7.8933,56831.71,7.9175,50780.865,7.91,45109.016,7.8112,35569.2637,7.715,30352.528,7.5993,23977.4073,7.5105,20707.57
3686,20040408,600064.SH,7.88,8.01,7.81,7.95,7.91,0.04,0.51,32171.8,25455.664,2.0691,0.8,7.93,66806.075,7.95,55413.4933,7.9325,47165.525,7.91,44028.052,7.7537,32090.1625,7.674,28218.552,7.5673,22633.0733,7.473,19419.8175
3687,20040407,600064.SH,8.15,8.3,7.9,7.91,7.99,-0.08,-1.0,101440.35,82015.355,6.524,4.45,7.95,67034.34,7.9267,52163.4333,7.9,46992.115,7.834,40395.878,7.6725,29308.8125,7.606,25567.6,7.5147,21131.6953,7.4265,18171.524
3688,20040406,600064.SH,7.9,8.03,7.78,7.99,7.88,0.11,1.4,32628.33,25808.972,2.0985,1.8,7.935,27524.975,7.8967,28842.7033,7.815,25134.76,7.762,22811.796,7.61,18571.6712,7.55,16548.804,7.472,14956.2687,7.379,13336.9605
3689,20040405,600064.SH,7.81,7.89,7.69,7.88,7.82,0.06,0.77,22421.62,17484.138,1.442,1.44,7.85,26949.89,7.7567,22636.9033,7.705,20357.6625,7.636,18096.164,7.52,15200.915,7.492,14383.868,7.424,13567.194,7.3195,12007.939
3690,20040402,600064.SH,7.58,7.85,7.51,7.82,7.57,0.25,3.3,31478.16,24319.807,2.0245,2.54,7.695,22744.545,7.6467,19669.6767,7.575,17014.8,7.52,15596.04,7.4537,13804.7612,7.444,13411.603,7.3773,12573.7547,7.274,11234.9075
3691,20040401,600064.SH,7.57,7.64,7.48,7.57,7.55,0.02,0.26,14010.93,10606.526,0.9011,1.3,7.56,13765.435,7.4933,12193.68,7.445,11625.51,7.438,12409.052,7.4025,11242.3625,7.396,11935.584,7.3273,11217.0727,7.238,10044.68
3692,20040331,600064.SH,7.36,7.55,7.36,7.55,7.36,0.19,2.58,13519.94,10145.703,0.8695,1.31,7.455,11285.055,7.4033,10830.37,7.405,12008.5825,7.378,10739.322,7.3812,11078.3675,7.355,11499.604,7.2907,10763.406,7.2175,9802.787
3693,20040330,600064.SH,7.3,7.37,7.25,7.36,7.3,0.06,0.82,9050.17,6631.28,0.5821,0.85,7.33,9485.585,7.3567,11504.7967,7.335,10044.1675,7.338,10285.812,7.355,11478.1212,7.327,11028.505,7.2513,10178.682,7.192,9518.67
3694,20040329,600064.SH,7.42,7.45,7.3,7.3,7.41,-0.11,-1.48,9921.0,7319.536,0.6381,0.88,7.355,12732.11,7.3267,10375.5,7.3325,10594.7225,7.348,10671.572,7.33,11553.2412,7.318,11302.709,7.214,9978.5307,7.1855,9484.734
3695,20040326,600064.SH,7.28,7.45,7.22,7.41,7.27,0.14,1.93,15543.22,11463.022,0.9996,1.36,7.34,10602.75,7.3433,10819.2967,7.36,10859.215,7.368,11227.166,7.3262,11414.235,7.306,11062.612,7.192,9781.1967,7.1835,9362.7375
3696,20040325,600064.SH,7.33,7.36,7.21,7.27,7.35,-0.08,-1.09,5662.28,4125.166,0.3642,0.46,7.31,8457.335,7.3433,9297.88,7.3575,10148.1525,7.354,11462.116,7.3087,10945.3587,7.272,10621.083,7.1713,9256.556,7.1725,8924.848
3697,20040324,600064.SH,7.38,7.49,7.28,7.35,7.41,-0.06,-0.81,11252.39,8336.129,0.7237,0.96,7.38,11115.68,7.3867,11643.4433,7.375,12912.075,7.332,12259.886,7.2975,11177.5775,7.247,10775.448,7.164,9490.6087,7.1645,9165.1415
3698,20040323,600064.SH,7.4,7.44,7.32,7.41,7.4,0.01,0.14,10978.97,8105.149,0.7061,0.92,7.405,11838.97,7.3833,13465.3033,7.3275,12511.76,7.316,11771.198,7.2625,11162.02,7.208,10125.117,7.1433,9262.956,7.1495,9224.037
3699,20040322,600064.SH,7.36,7.43,7.3,7.4,7.34,0.06,0.82,12698.97,9354.94,0.8167,1.17,7.37,14708.47,7.3,13022.69,7.2925,11969.255,7.288,11933.846,7.2137,10690.39,7.147,9632.01,7.1313,9089.1213,7.1395,9525.8805
3700,20040319,600064.SH,7.16,7.38,7.16,7.34,7.16,0.18,2.51,16717.97,12202.733,1.0752,1.71,7.25,13184.55,7.2567,11726.0167,7.26,11742.565,7.244,10898.058,7.1587,9696.6537,7.104,9058.212,7.122,8741.2613,7.14,9690.1815
3701,20040318,600064.SH,7.3,7.34,7.16,7.16,7.27,-0.11,-1.51,9651.13,6981.702,0.6207,1.04,7.215,9230.04,7.2333,10084.0967,7.22,9443.08,7.19,9780.05,7.0912,8362.895,7.08,8153.776,7.112,8079.092,7.159,9523.8935
3702,20040317,600064.SH,7.26,7.35,7.19,7.27,7.27,0.0,0.0,8808.95,6400.489,0.5665,1.04,7.27,10300.58,7.24,9373.73,7.1975,9812.28,7.162,9291.01,7.0675,8026.6275,7.08,8105.97,7.1087,8133.56,7.1835,9890.988
3703,20040316,600064.SH,7.22,7.28,7.14,7.27,7.18,0.09,1.25,11792.21,8506.618,0.7584,1.61,7.225,9656.12,7.1733,10146.7233,7.135,9411.525,7.1,8479.036,7.0462,7884.71,7.057,8008.835,7.094,8374.9833,7.207,10560.006
3704,20040315,600064.SH,7.09,7.25,7.08,7.18,7.07,0.11,1.56,7520.03,5391.869,0.4836,1.04,7.125,9323.98,7.09,8617.9633,7.0575,7650.7425,7.006,7330.174,7.0325,7557.3175,7.053,7666.759,7.09,8723.2253,7.2315,11254.711
3705,20040312,600064.SH,7.08,7.26,7.03,7.07,7.02,0.05,0.71,11127.93,7955.34,0.7157,1.7,7.045,9166.93,7.0167,7694.3133,6.9625,7282.71,6.964,7218.366,7.015,7597.0137,7.061,7662.863,7.1053,9287.556,7.258,11841.2185
3706,20040311,600064.SH,6.96,7.06,6.91,7.02,6.96,0.06,0.86,7205.93,5052.056,0.4634,1.04,6.99,5977.505,6.9267,6000.97,6.9375,6240.975,6.97,6527.502,7.035,7252.4537,7.073,7228.613,7.1487,9438.508,7.2785,12128.153
3707,20040310,600064.SH,6.76,6.96,6.76,6.96,6.8,0.16,2.35,4749.08,3259.194,0.3054,0.63,6.88,5398.49,6.91,5919.3233,6.9575,6357.895,6.998,6920.93,7.065,7286.8462,7.082,7554.835,7.1907,10090.9807,7.311,13593.535
3708,20040309,600064.SH,6.91,7.0,6.79,6.8,6.97,-0.17,-2.44,6047.9,4173.834,0.389,0.76,6.885,6504.445,6.9567,6894.1667,7.0075,7463.8925,7.014,7538.634,7.0937,7541.39,7.091,8322.957,7.2427,11253.6627,7.3305,14055.2085
3709,20040308,600064.SH,7.12,7.17,6.92,6.97,7.1,-0.13,-1.83,6960.99,4881.459,0.4477,0.86,7.035,7317.3,7.0767,7935.89,7.0675,7911.3175,7.1,8003.344,7.1325,8093.9212,7.132,9419.751,7.3067,12562.89,7.3615,15156.63
3710,20040305,600064.SH,7.15,7.29,7.1,7.1,7.16,-0.06,-0.84,7673.61,5526.214,0.4935,0.97,7.13,8423.34,7.1,8228.0933,7.1325,8263.9325,7.158,8107.36,7.1425,8777.585,7.176,10322.151,7.356,13382.1693,7.3755,15345.125
3711,20040304,600064.SH,7.04,7.17,6.91,7.16,7.04,0.12,1.7,9173.07,6442.674,0.59,1.12,7.1,8505.335,7.1433,8460.7067,7.1725,8215.7975,7.176,7929.724,7.1562,9945.3637,7.238,10894.011,7.3813,13995.0367,7.379,15800.709
3712,20040303,600064.SH,7.23,7.23,7.03,7.04,7.23,-0.19,-2.63,7837.6,5574.641,0.5041,0.86,7.135,8104.525,7.1767,7896.7067,7.18,7618.8875,7.166,8188.74,7.1875,10796.8537,7.287,11676.006,7.4153,15817.7367,7.3885,16052.7475
3713,20040302,600064.SH,7.26,7.28,7.16,7.23,7.26,-0.03,-0.41,8371.45,6041.513,0.5384,0.77,7.245,7926.26,7.2267,7545.9833,7.1975,8276.525,7.168,9107.28,7.2725,11491.18,7.357,13111.177,7.436,16227.4,7.407,16679.25
3714,20040301,600064.SH,7.18,7.29,7.1,7.26,7.19,0.07,0.97,7481.07,5382.273,0.4811,0.6,7.225,7133.25,7.1867,8244.8833,7.1525,9291.2375,7.164,10836.158,7.325,12568.8762,7.41,14842.663,7.4487,17541.0587,7.405,16844.341
3715,20040227,600064.SH,7.12,7.2,7.06,7.19,7.11,0.08,1.13,6785.43,4853.421,0.4364,0.49,7.15,8626.79,7.1167,9894.6267,7.14,11674.93,7.194,12536.942,7.385,14407.4062,7.455,16019.574,7.448,17757.7133,7.399,17466.983
3716,20040226,600064.SH,7.05,7.14,7.03,7.11,7.05,0.06,0.85,10468.15,7408.331,0.6732,0.69,7.08,11449.225,7.1233,13304.7633,7.195,13974.82,7.3,13858.298,7.4562,16770.0162,7.484,17027.693,7.4467,18424.3707,7.393,19087.1465
3717,20040225,600064.SH,7.22,7.38,7.04,7.05,7.21,-0.16,-2.22,12430.3,8991.553,0.7994,0.73,7.13,14723.07,7.2233,15143.71,7.3475,14705.835,7.408,15163.272,7.5312,17867.77,7.54,19632.235,7.4627,18674.0833,7.406,21562.1425
3718,20040224,600064.SH,7.4,7.4,7.13,7.21,7.41,-0.2,-2.7,17015.84,12310.387,1.0944,0.9,7.31,16500.415,7.4467,15464.3467,7.4975,15846.515,7.546,17115.074,7.585,18422.31,7.57,19787.46,7.4867,19203.24,7.3885,22559.0725
3719,20040223,600064.SH,7.8,7.8,7.4,7.41,7.72,-0.31,-4.02,15984.99,12146.268,1.0281,0.82,7.565,14688.6,7.5933,15456.74,7.63,17139.8825,7.656,18849.168,7.6425,20859.5262,7.591,20893.509,7.4853,18847.0687,7.355,22281.2705
3720,20040220,600064.SH,7.61,7.72,7.54,7.72,7.65,0.07,0.92,13392.21,10189.209,0.8613,0.66,7.685,15192.615,7.7033,17524.8467,7.7175,19565.2125,7.716,19502.206,7.635,20609.2212,7.575,20368.099,7.4673,19110.33,7.3065,22034.586
3721,20040219,600064.SH,7.75,7.79,7.57,7.65,7.74,-0.09,-1.16,16993.02,12995.615,1.0929,0.71,7.695,19591.165,7.7167,21622.88,7.715,21029.705,7.668,20197.088,7.5975,22444.7362,7.52,20707.407,7.424,20830.096,7.2465,22358.0465
3722,20040218,600064.SH,7.76,7.89,7.68,7.74,7.76,-0.02,-0.26,22189.31,17247.065,1.4271,0.99,7.75,23937.81,7.7367,22375.2667,7.6725,20998.105,7.672,24101.198,7.5475,21661.97,7.49,20429.489,7.4053,23695.0993,7.176,21923.6155
3723,20040217,600064.SH,7.75,7.92,7.66,7.76,7.71,0.05,0.65,25686.31,20021.145,1.652,1.12,7.735,22468.245,7.65,20601.0367,7.655,24579.17,7.594,22459.846,7.4762,20986.4675,7.457,20247.323,7.336,24373.7387,7.1025,21547.6825
3724,20040216,600064.SH,7.48,7.76,7.47,7.71,7.48,0.23,3.07,19250.18,14689.181,1.2381,0.91,7.595,18058.4,7.62,24210.1233,7.5525,21653.23,7.526,22937.85,7.425,19552.4087,7.4,18846.019,7.2547,23425.3047,7.033,21025.5555
3725,20040213,600064.SH,7.67,7.68,7.45,7.48,7.67,-0.19,-2.48,16866.62,12728.312,1.0848,0.79,7.575,26690.095,7.5,22454.2467,7.48,23859.7675,7.434,21233.992,7.3875,19692.0925,7.343,18914.392,7.17,22878.7127,6.9555,20641.447
3726,20040212,600064.SH,7.35,7.87,7.35,7.67,7.35,0.32,4.35,36513.57,27819.195,2.3483,2.18,7.51,25248.06,7.48,26190.8167,7.4225,22325.835,7.372,21217.726,7.3512,19042.9237,7.302,21146.6,7.106,23078.366,6.884,20443.6065
3727,20040211,600064.SH,7.42,7.46,7.22,7.35,7.42,-0.07,-0.94,13982.55,10229.696,0.8993,0.78,7.385,21029.44,7.34,17596.59,7.2975,17393.765,7.308,16757.78,7.285,16970.4662,7.272,23492.05,7.0107,21197.7547,6.8085,19232.3125
3728,20040210,600064.SH,7.25,7.51,7.22,7.42,7.25,0.17,2.34,28076.33,20797.022,1.8057,1.9,7.335,19403.61,7.28,18530.8367,7.2975,17451.5875,7.32,18034.8,7.25,20121.235,7.207,25330.685,6.9387,21243.628,6.7495,18794.9475
3729,20040209,600064.SH,7.13,7.29,7.12,7.25,7.17,0.08,1.12,10730.89,7753.465,0.6901,0.65,7.21,13758.09,7.2567,13910.0067,7.295,15524.4175,7.274,14754.188,7.2437,24107.7025,7.119,23669.032,6.8687,20388.124,6.6845,17575.811
3730,20040206,600064.SH,7.31,7.33,7.15,7.17,7.35,-0.18,-2.45,16785.29,12125.224,1.0795,0.8,7.26,15499.565,7.31,17122.26,7.28,15760.0125,7.252,16594.792,7.175,26812.4537,7.038,23701.073,6.796,20443.932,6.629,17376.8705
3731,20040205,600064.SH,7.41,7.41,7.25,7.35,7.41,-0.06,-0.81,14213.84,10399.316,0.9141,0.47,7.38,17290.745,7.3167,15418.2533,7.2725,16547.1675,7.232,21075.474,7.0962,26146.7675,6.973,24008.686,6.7213,20185.5667,6.5825,16797.0765
3732,20040204,600064.SH,7.19,7.47,7.16,7.41,7.19,0.22,3.06,20367.65,14762.42,1.3099,0.62,7.3,16020.46,7.2467,17324.9433,7.2025,22790.8825,7.236,30226.32,6.9825,25751.45,6.862,23417.742,6.642,20057.1567,6.5325,16948.954
3733,20040203,600064.SH,7.15,7.19,7.09,7.19,7.14,0.05,0.7,11673.27,8325.184,0.7508,0.36,7.165,15803.59,7.1333,23598.6267,7.1925,32690.9875,7.094,32626.57,6.8712,25688.1712,6.748,22848.042,6.5593,19048.33,6.473,16571.4965
3734,20040202,600064.SH,7.07,7.3,7.0,7.14,7.07,0.07,0.99,19933.91,14259.271,1.282,0.65,7.105,29561.305,7.1933,39696.8933,7.07,37864.895,6.964,32583.876,6.7525,25267.0625,6.666,23205.092,6.488,18516.352,6.4205,16350.4115
3735,20040130,600064.SH,7.48,7.5,7.06,7.07,7.37,-0.3,-4.07,39188.7,28309.72,2.5204,1.45,7.22,49578.385,7.0467,43841.89,6.92,35746.3675,6.824,30807.354,6.6437,24609.155,6.568,22368.502,6.4213,17637.5633,6.37,15821.1425
3736,20040129,600064.SH,6.79,7.37,6.78,7.37,6.7,0.67,10.0,59968.07,43000.752,3.8568,3.61,7.035,46168.485,6.87,34598.9233,6.7625,28712.0175,6.714,26941.898,6.5562,21616.0387,6.466,19740.613,6.366,15370.944,6.3265,14890.717
3737,20040116,600064.SH,6.54,6.77,6.48,6.7,6.54,0.16,2.45,32368.9,21497.064,2.0818,2.48,6.62,21914.35,6.56,18293.3333,6.55,18685.355,6.488,16609.164,6.405,15566.0312,6.345,14972.575,6.298,12523.1653,6.2555,12523.2475
3738,20040115,600064.SH,6.42,6.55,6.38,6.54,6.44,0.1,1.55,11459.8,7421.174,0.737,0.83,6.49,11255.55,6.5,14124.1733,6.435,12669.23,6.402,13069.514,6.3237,13133.645,6.292,12259.21,6.266,11219.8053,6.2305,11285.272
3739,20040114,600064.SH,6.52,6.53,6.37,6.44,6.52,-0.08,-1.23,11051.3,7131.304,0.7108,0.79,6.48,15456.36,6.4,13072.3733,6.3675,13471.9425,6.368,13826.308,6.2762,13237.1312,6.25,11482.59,6.2393,10939.2567,6.225,11041.732
3740,20040113,600064.SH,6.25,6.55,6.24,6.52,6.24,0.28,4.49,19861.42,12745.889,1.2774,1.58,6.38,14082.91,6.3433,14278.8233,6.35,14520.06,6.312,13929.65,6.2425,12510.125,6.22,11052.668,6.2187,10825.7387,6.228,11196.0565
3741,20040112,600064.SH,6.25,6.25,6.13,6.24,6.27,-0.03,-0.48,8304.4,5144.247,0.5341,0.62,6.255,11487.525,6.2933,12739.6067,6.26,12446.7075,6.218,12539.328,6.1925,10489.1475,6.192,9585.467,6.1973,10873.6567,6.238,10364.7355
3742,20040109,600064.SH,6.37,6.46,6.25,6.27,6.37,-0.1,-1.57,14670.65,9281.489,0.9435,1.28,6.32,14957.21,6.2667,13827.4767,6.2125,13598.06,6.202,13335.986,6.18,10295.1075,6.203,10480.166,6.178,11161.2753,6.2625,10232.296
3743,20040108,600064.SH,6.18,6.4,6.18,6.37,6.16,0.21,3.41,15243.77,9624.502,0.9804,1.67,6.265,13405.89,6.1933,13240.53,6.185,13002.32,6.182,11448.906,6.1762,9109.9525,6.198,10294.951,6.1733,10690.5247,6.2935,10054.996
3744,20040107,600064.SH,6.05,6.21,6.05,6.16,6.05,0.11,1.82,11568.01,7094.021,0.744,1.41,6.105,12238.91,6.1233,12255.17,6.135,10500.19,6.132,9138.872,6.1737,9360.905,6.175,9495.731,6.1773,10113.54,6.3165,10023.484
3745,20040106,600064.SH,6.18,6.18,6.01,6.05,6.16,-0.11,-1.79,12909.81,7813.566,0.8303,1.95,6.105,12598.75,6.1267,10144.25,6.125,8531.5875,6.128,8175.686,6.1812,9517.2162,6.172,9273.783,6.2,10284.8587,6.341,9652.2465
3746,20040105,600064.SH,6.18,6.18,6.05,6.16,6.17,-0.01,-0.16,12287.69,7490.453,0.7903,1.61,6.165,8761.47,6.15,7072.18,6.1475,6992.155,6.166,6631.606,6.1925,8809.9362,6.187,10040.821,6.2447,9639.8713,6.368,9212.9735
3747,20040102,600064.SH,6.12,6.33,6.1,6.17,6.12,0.05,0.82,5235.25,3250.01,0.3367,0.57,6.145,4464.425,6.1433,5226.9767,6.1675,5217.585,6.204,7624.346,6.1887,8442.5412,6.166,10073.92,6.2827,9197.7327,6.399,8961.045
3748,20031231,600064.SH,6.14,6.19,6.1,6.12,6.14,-0.02,-0.33,3693.6,2264.004,0.2375,0.37,6.13,5222.84,6.1667,5211.6967,6.2125,8221.62,6.214,9140.996,6.1925,10360.6587,6.169,10311.334,6.3307,9590.3593,6.4255,9053.922
3749,20031230,600064.SH,6.15,6.23,6.11,6.14,6.24,-0.1,-1.6,6752.08,4147.859,0.4343,0.65,6.19,5970.745,6.2433,9730.96,6.2375,10502.845,6.218,9852.59,6.1712,11476.2937,6.2,10600.874,6.378,10318.3547,6.451,9354.2915
3750,20031229,600064.SH,6.35,6.35,6.21,6.24,6.35,-0.11,-1.73,5189.41,3258.239,0.3338,0.39,6.295,11220.4,6.27,11753.1,6.2375,10627.7175,6.216,10371.88,6.1787,11583.4575,6.236,11339.445,6.412,10144.4333,6.48,9510.589
3751,20031226,600064.SH,6.25,6.38,6.25,6.35,6.22,0.13,2.09,17251.39,10919.144,1.1095,1.38,6.285,15034.945,6.2367,12440.4867,6.21,11667.4975,6.208,13450.036,6.2025,11758.4062,6.284,11144.004,6.4353,10073.4293,6.508,9967.2795
3752,20031225,600064.SH,6.16,6.24,5.92,6.22,6.14,0.08,1.3,12818.5,7812.191,0.8244,1.12,6.18,10035.035,6.1633,9806.2,6.1725,12499.6975,6.128,12523.494,6.2212,11369.2062,6.322,9984.426,6.464,9406.6113,6.5175,9496.603
3753,20031224,600064.SH,6.16,6.16,6.07,6.14,6.13,0.01,0.16,7251.57,4433.329,0.4664,0.64,6.135,8300.05,6.1567,12393.43,6.105,12449.7425,6.124,11481.672,6.2837,10171.2687,6.389,9815.041,6.496,9024.8973,6.534,9354.687
3754,20031223,600064.SH,6.21,6.24,6.1,6.13,6.2,-0.07,-1.13,9348.53,5746.591,0.6012,0.76,6.165,14964.36,6.0933,14182.4667,6.12,12539.1975,6.182,11349.158,6.3575,9971.7737,6.458,10551.237,6.5287,9188.192,6.5665,9479.935
3755,20031222,600064.SH,5.98,6.22,5.75,6.2,5.95,0.25,4.2,20580.19,12238.085,1.3236,2.33,6.075,16599.435,6.1167,13602.7533,6.195,11849.315,6.256,12307.01,6.4525,10193.7887,6.51,10030.71,6.568,9223.492,6.594,10093.681
3756,20031219,600064.SH,6.2,6.27,5.85,5.95,6.2,-0.25,-4.03,12618.68,7610.06,0.8116,1.69,6.075,10114.035,6.1933,8939.0233,6.27,10238.715,6.36,8837.972,6.5312,9447.9562,6.549,8385.126,6.608,8806.3607,6.626,10317.952
3757,20031218,600064.SH,6.35,6.44,6.15,6.2,6.43,-0.23,-3.58,7609.39,4771.899,0.4894,0.93,6.315,7099.195,6.3767,9445.3933,6.4625,7892.795,6.516,7445.358,6.6187,8388.5287,6.632,7848.17,6.6473,8487.6393,6.664,13547.2215
3758,20031217,600064.SH,6.5,6.55,6.41,6.43,6.5,-0.07,-1.08,6589.0,4273.058,0.4238,0.68,6.465,10363.395,6.55,7987.2633,6.595,7404.35,6.654,8148.41,6.6675,7952.8987,6.682,7796.51,6.6707,8645.692,6.6835,14615.383
3759,20031216,600064.SH,6.7,6.7,6.4,6.5,6.72,-0.22,-3.27,14137.79,9147.145,0.9093,1.82,6.61,8686.395,6.65,7676.1333,6.71,8538.2625,6.734,9753.316,6.7112,8035.4137,6.702,8107.709,6.6947,8856.8607,6.6615,14555.844
3760,20031215,600064.SH,6.89,6.89,6.68,6.72,6.73,-0.01,-0.15,3235.0,2179.824,0.2081,0.41,6.725,4445.305,6.78,6671.7533,6.7925,8657.1975,6.764,7754.41,6.7362,7154.7887,6.724,7681.733,6.7067,9355.9047,6.6275,13941.3545
3761,20031212,600064.SH,6.89,6.89,6.72,6.73,6.89,-0.16,-2.32,5655.61,3837.352,0.3637,0.69,6.81,8390.13,6.8167,10464.5967,6.775,8884.2625,6.738,7932.28,6.725,7963.0375,6.732,8790.555,6.7147,10811.2787,6.589,13890.767
3762,20031211,600064.SH,6.83,6.9,6.72,6.89,6.83,0.06,0.88,11124.65,7593.252,0.7155,1.49,6.86,12869.09,6.79,9960.48,6.74,8501.4475,6.748,8250.982,6.7237,8490.84,6.713,9008.78,6.7133,15581.176,6.555,13948.1785
3763,20031210,600064.SH,6.63,6.85,6.6,6.83,6.65,0.18,2.71,14613.53,9893.508,0.9399,2.26,6.74,9378.395,6.69,7627.0467,6.7125,7532.565,6.71,7444.61,6.7125,8890.6612,6.679,8894.333,6.6933,16771.0407,6.503,13533.0995
3764,20031209,600064.SH,6.59,6.7,6.53,6.65,6.59,0.06,0.91,4143.26,2731.602,0.2665,0.54,6.62,4133.805,6.6733,5172.2433,6.68,5652.38,6.67,6462.102,6.6762,8043.7025,6.675,8408.633,6.6373,16156.6867,6.448,12888.273
3765,20031208,600064.SH,6.78,6.8,6.58,6.59,6.78,-0.19,-2.8,4124.35,2744.165,0.2653,0.43,6.685,5686.735,6.69,6155.42,6.675,7041.8125,6.684,7609.056,6.6637,8773.3175,6.678,10156.652,6.582,16003.6693,6.4045,12770.9005
3766,20031205,600064.SH,6.68,6.78,6.67,6.78,6.7,0.08,1.19,7249.12,4873.363,0.4662,0.74,6.74,7170.955,6.7033,8014.3,6.7075,8480.2325,6.726,9648.83,6.6887,9477.34,6.703,12250.778,6.5393,15876.9293,6.3605,12662.062
3767,20031204,600064.SH,6.63,6.72,6.59,6.7,6.63,0.07,1.06,7092.79,4705.086,0.4562,0.69,6.665,8396.89,6.6833,8890.6033,6.7125,10248.7575,6.678,9766.578,6.6762,11274.1312,6.696,19246.273,6.4907,15847.244,6.311,12564.7455
3768,20031203,600064.SH,6.71,6.73,6.58,6.63,6.72,-0.09,-1.34,9700.99,6451.865,0.6239,0.94,6.675,9789.51,6.7167,11300.7467,6.6725,10435.025,6.648,10344.056,6.6937,13520.7337,6.685,21434.256,6.434,15562.596,6.264,12439.4195
3769,20031202,600064.SH,6.82,6.87,6.7,6.72,6.8,-0.08,-1.18,9878.03,6691.312,0.6353,0.78,6.76,12100.625,6.6867,10679.7033,6.6525,10504.8225,6.68,10355.164,6.7037,21958.6187,6.621,21003.979,6.374,15030.33,6.234,12122.475
3770,20031201,600064.SH,6.6,6.9,6.58,6.8,6.54,0.26,3.98,14323.22,9738.243,0.9212,0.96,6.67,11080.54,6.63,10713.7533,6.67,10474.4475,6.672,12704.248,6.6875,24345.4425,6.531,20200.976,6.3113,14491.5153,6.207,11841.073
3771,20031128,600064.SH,6.51,6.63,6.45,6.54,6.55,-0.01,-0.15,7837.86,5111.444,0.5041,0.27,6.545,8909.02,6.6267,9191.5233,6.64,12299.505,6.68,14852.726,6.5862,23229.8175,6.446,18990.979,6.2387,13666.4727,6.1715,11213.555
3772,20031127,600064.SH,6.8,6.83,6.5,6.55,6.79,-0.24,-3.53,9980.18,6600.506,0.6419,0.31,6.67,9868.355,6.6733,13786.72,6.715,16606.4425,6.714,28725.968,6.4962,22481.085,6.397,18887.577,6.1887,13497.468,6.1445,10941.462
3773,20031126,600064.SH,6.7,6.84,6.63,6.79,6.68,0.11,1.65,9756.53,6550.433,0.6275,0.31,6.735,15689.99,6.77,18815.1967,6.755,33412.415,6.722,32524.456,6.4212,21511.4687,6.327,18171.866,6.136,13137.874,6.1155,10541.097
3774,20031125,600064.SH,6.81,6.9,6.61,6.68,6.84,-0.16,-2.34,21623.45,14612.635,1.3907,0.78,6.76,23344.53,6.7433,41297.71,6.705,38216.4375,6.562,31652.794,6.3287,21142.3825,6.221,17367.913,6.0853,12711.5787,6.0785,10241.322
3775,20031124,600064.SH,6.66,6.9,6.59,6.84,6.71,0.13,1.94,25065.61,16903.998,1.6121,1.08,6.775,51134.84,6.7133,43747.4333,6.5325,34160.13,6.39,27697.704,6.225,18792.335,6.131,15385.149,6.052,11553.348,6.0545,9290.4755
3776,20031121,600064.SH,6.97,7.25,6.67,6.71,6.59,0.12,1.82,77204.07,53882.351,4.9653,8.53,6.65,53088.345,6.43,37191.6367,6.2775,28355.7275,6.212,23129.232,6.0862,15873.7587,6.018,13073.346,6.002,10000.498,6.029,8145.852
3777,20031120,600064.SH,6.15,6.59,6.15,6.59,5.99,0.6,10.02,28972.62,18938.52,1.8633,7.59,6.29,17185.42,6.1333,12072.9467,6.0875,9610.5225,6.08,9049.186,5.97,6447.7262,5.926,5883.218,5.9547,5013.2933,6.019,4389.8285
3778,20031119,600064.SH,5.82,6.07,5.76,5.99,5.82,0.17,2.92,5398.22,3240.492,0.3472,1.75,5.905,3623.11,5.92,3156.49,5.9525,4068.3275,5.932,3819.276,5.86,3069.5962,5.843,3444.583,5.9133,3213.3107,6.016,3041.6775
3779,20031118,600064.SH,5.89,5.9,5.8,5.82,5.95,-0.13,-2.18,1848.0,1077.778,0.1189,0.6,5.885,2035.625,5.94,3625.03,5.9175,3424.54,5.88,3083.032,5.835,3057.6675,5.847,3240.971,5.9173,3104.1647,6.0465,2870.6595
3780,20031117,600064.SH,6.02,6.04,5.91,5.95,6.05,-0.1,-1.65,2223.25,1323.486,0.143,0.74,6.0,4513.545,5.95,3950.0533,5.895,3391.79,5.872,3072.594,5.8275,3399.9512,5.883,3481.17,5.9427,3154.7327,6.078,2843.3595
3781,20031114,600064.SH,5.81,6.08,5.81,6.05,5.85,0.2,3.42,6803.84,4059.212,0.4376,2.5,5.95,4813.455,5.8767,3781.3033,5.8525,3284.93,5.824,3017.46,5.8375,3542.3075,5.897,3436.131,5.968,3151.392,6.104,2801.897
3782,20031113,600064.SH,5.65,5.9,5.65,5.85,5.73,0.12,2.09,2823.07,1643.165,0.1816,0.92,5.79,2270.035,5.7867,2111.96,5.7675,2070.865,5.772,2717.25,5.8537,3223.0762,5.892,2995.347,5.9987,2836.7093,6.129,2515.805
3783,20031112,600064.SH,5.82,5.85,5.72,5.73,5.78,-0.05,-0.87,1717.0,989.242,0.1104,0.51,5.755,1756.405,5.74,1820.13,5.7525,2690.795,5.754,3069.89,5.8837,3091.8,5.904,2910.328,6.044,2782.478,6.1655,2426.5515
3784,20031111,600064.SH,5.71,5.79,5.65,5.78,5.71,0.07,1.23,1795.81,1028.434,0.1155,0.46,5.745,1871.695,5.76,3015.3933,5.76,3408.1125,5.814,3398.91,5.9175,3176.675,5.936,3114.731,6.102,2799.8687,6.2125,2386.002
3785,20031110,600064.SH,5.76,5.77,5.68,5.71,5.79,-0.08,-1.38,1947.58,1113.606,0.1253,0.51,5.75,3625.185,5.7533,3945.5467,5.8225,3799.685,5.894,3889.746,5.9412,3198.8087,5.978,3195.802,6.1467,2766.948,6.2575,2338.8695
3786,20031107,600064.SH,5.76,5.89,5.59,5.79,5.76,0.03,0.52,5302.79,3033.085,0.341,1.62,5.775,4944.53,5.86,4417.0533,5.94,4375.2875,5.97,3854.802,5.9837,3425.49,6.04,3218.358,6.1973,2730.0427,6.3075,2308.571
3787,20031106,600064.SH,6.01,6.08,5.68,5.76,6.03,-0.27,-4.48,4586.27,2668.542,0.295,1.67,5.895,3974.185,5.99,4066.12,6.015,3492.805,6.012,3273.444,6.035,3088.4562,6.112,2896.439,6.248,2448.6567,6.3575,2159.2175
3788,20031105,600064.SH,6.18,6.18,6.01,6.03,6.18,-0.15,-2.43,3362.1,2044.651,0.2162,1.19,6.105,3806.045,6.1,3128.3167,6.075,2945.2375,6.054,2750.766,6.1062,2786.815,6.189,2638.772,6.3027,2212.1053,6.4,1984.0015
3789,20031104,600064.SH,6.09,6.28,6.09,6.18,6.09,0.09,1.48,4249.99,2626.083,0.2733,1.7,6.135,3011.425,6.09,2806.2833,6.06,2597.9325,6.058,2830.552,6.1662,2627.0025,6.246,2500.348,6.3453,2048.366,6.4305,1867.124
3790,20031103,600064.SH,6.05,6.1,5.95,6.09,6.0,0.09,1.5,1772.86,1070.879,0.114,0.69,6.045,2084.43,6.02,2047.2467,6.0275,2475.6925,6.062,2501.858,6.21,2346.9537,6.273,2205.549,6.3787,1821.9107,6.454,1735.5555
3791,20031031,600064.SH,5.94,6.15,5.94,6.0,5.97,0.03,0.5,2396.0,1446.736,0.1541,0.95,5.985,2184.44,6.0067,2709.97,6.055,2684.1075,6.11,2581.914,6.2737,2372.5787,6.311,2167.663,6.42,1793.1607,6.4785,1794.9775
3792,20031030,600064.SH,6.05,6.05,5.93,5.97,6.05,-0.08,-1.32,1972.88,1179.402,0.1269,0.78,6.01,2866.955,6.0733,2780.1433,6.1375,2628.3925,6.212,2519.434,6.33,2235.8287,6.366,2036.263,6.4727,1787.8087,6.516,1748.3695
3793,20031029,600064.SH,6.2,6.25,5.92,6.05,6.2,-0.15,-2.42,3761.03,2275.556,0.2419,1.73,6.125,3183.775,6.1933,2846.8967,6.2725,2656.0725,6.324,2526.778,6.3925,2163.4687,6.427,1942.775,6.5153,1728.4133,6.5595,1692.25
3794,20031028,600064.SH,6.3,6.4,6.17,6.2,6.33,-0.13,-2.05,2606.52,1630.475,0.1676,1.37,6.265,2389.83,6.3467,2287.7533,6.3925,2218.215,6.434,2170.144,6.455,1828.59,6.489,1657.273,6.5547,1545.9813,6.6055,1561.1235
3795,20031027,600064.SH,6.51,6.53,6.32,6.33,6.51,-0.18,-2.77,2173.14,1393.306,0.1398,1.24,6.42,2128.37,6.4567,2088.78,6.4925,2061.05,6.484,1909.24,6.5025,1632.525,6.537,1481.937,6.5847,1480.1213,6.643,1502.4535
3796,20031024,600064.SH,6.53,6.63,6.48,6.51,6.53,-0.02,-0.31,2083.6,1355.324,0.134,1.34,6.52,2046.6,6.5467,2023.6867,6.5225,1843.265,6.512,1753.412,6.545,1474.1337,6.575,1398.784,6.6013,1532.6653,6.668,1433.867
3797,20031023,600064.SH,6.6,6.68,6.52,6.53,6.6,-0.07,-1.06,2009.6,1325.884,0.1292,1.48,6.565,1993.73,6.5267,1763.1533,6.5125,1670.865,6.52,1553.092,6.5662,1320.3287,6.603,1421.996,6.6173,1491.348,6.685,1446.5865
3798,20031022,600064.SH,6.46,6.65,6.46,6.6,6.45,0.15,2.33,1977.86,1296.965,0.1272,1.73,6.525,1639.93,6.5067,1557.9533,6.5175,1438.965,6.53,1358.772,6.5887,1236.83,6.611,1329.231,6.638,1414.074,6.697,1448.057
3799,20031021,600064.SH,6.47,6.47,6.37,6.45,6.47,-0.02,-0.31,1302.0,836.509,0.0837,1.23,6.46,1348.0,6.49,1259.3333,6.5125,1204.0,6.544,1144.402,6.6125,1279.0625,6.615,1233.9,6.6627,1358.1167,6.708,1437.514
3800,20031020,600064.SH,6.52,6.55,6.45,6.47,6.55,-0.08,-1.22,1394.0,905.817,0.0897,1.34,6.51,1238.0,6.5333,1171.3333,6.5675,1105.0025,6.59,1054.634,6.6325,1251.5562,6.635,1265.562,6.696,1366.858,6.7315,1490.348
3801,20031017,600064.SH,6.6,6.62,6.53,6.55,6.58,-0.03,-0.46,1082.0,710.139,0.0696,0.84,6.565,1060.0,6.6,1008.67,6.62,969.7925,6.638,1044.156,6.6537,1205.375,6.646,1422.292,6.72,1327.352,6.7485,1660.3485
3802,20031016,600064.SH,6.67,6.68,6.56,6.58,6.67,-0.09,-1.35,1038.0,687.912,0.0668,0.8,6.625,972.005,6.6433,932.39,6.66,1034.695,6.686,1290.9,6.6662,1272.4525,6.666,1460.476,6.74,1411.0847,6.7715,2069.611
3803,20031015,600064.SH,6.64,6.8,6.64,6.67,6.68,-0.01,-0.15,906.01,606.372,0.0583,0.68,6.675,879.585,6.6867,1033.5933,6.7125,1354.125,6.692,1299.69,6.6662,1512.865,6.692,1441.725,6.7527,1477.8187,6.8065,2074.461
3804,20031014,600064.SH,6.78,6.78,6.66,6.68,6.71,-0.03,-0.45,853.16,571.185,0.0549,0.58,6.695,1097.385,6.7267,1503.4967,6.6975,1398.11,6.686,1323.398,6.6762,1582.5937,6.722,1464.974,6.7627,1535.218,6.8385,2102.164
3805,20031013,600064.SH,6.78,6.82,6.71,6.71,6.79,-0.08,-1.18,1341.61,910.093,0.0863,0.75,6.75,1828.665,6.7033,1579.76,6.6875,1440.9575,6.68,1476.49,6.6962,1582.26,6.749,1522.97,6.7787,1635.586,6.874,2197.815
3806,20031010,600064.SH,6.6,6.81,6.58,6.79,6.61,0.18,2.72,2315.72,1556.099,0.1489,1.42,6.7,1698.835,6.68,1474.0733,6.6725,1510.21,6.654,1800.428,6.7287,1556.8712,6.761,1468.95,6.7853,1865.746,6.901,2240.4965
3807,20031009,600064.SH,6.65,6.73,6.61,6.61,6.64,-0.03,-0.45,1081.95,720.522,0.0696,0.68,6.625,1053.25,6.6333,1241.7067,6.62,1671.605,6.646,1630.052,6.7487,1446.5462,6.767,1471.177,6.8,2329.1813,6.9255,2216.5905
3808,20031008,600064.SH,6.6,6.68,6.6,6.64,6.65,-0.01,-0.15,1024.55,679.721,0.0659,0.64,6.645,1321.585,6.6233,1868.1567,6.655,1767.0775,6.692,1583.76,6.7762,1411.4787,6.783,1566.883,6.8447,2332.718,6.965,2258.917
3809,20030930,600064.SH,6.59,6.69,6.58,6.65,6.58,0.07,1.06,1618.62,1074.229,0.1041,1.03,6.615,2289.96,6.66,2014.5867,6.705,1723.5625,6.758,1606.55,6.8025,1575.6587,6.801,1641.128,6.8893,2361.7527,7.0045,2299.4835
3810,20030929,600064.SH,6.75,6.75,6.56,6.58,6.75,-0.17,-2.52,2961.3,1956.631,0.1905,2.6,6.665,2212.57,6.7233,1758.5433,6.785,1603.5325,6.818,1569.45,6.8175,1628.2075,6.828,1715.134,6.9387,2438.2567,7.0465,2503.788
3811,20030926,600064.SH,6.81,6.85,6.73,6.75,6.84,-0.09,-1.32,1463.84,994.008,0.0941,1.12,6.795,1157.165,6.8533,1150.9433,6.8775,1221.4875,6.868,1137.472,6.8475,1478.92,6.851,1898.405,6.9833,2387.186,7.0875,2462.43
3812,20030925,600064.SH,6.97,6.98,6.83,6.84,6.97,-0.13,-1.87,850.49,584.443,0.0547,0.55,6.905,994.495,6.92,1140.7033,6.8975,1055.88,6.888,1312.302,6.8687,1590.775,6.877,2678.746,7.0187,2412.1033,7.1125,2528.0295
3813,20030924,600064.SH,6.97,6.97,6.89,6.97,6.95,0.02,0.29,1138.5,788.968,0.0732,0.68,6.96,1285.81,6.9167,1124.3433,6.9,1427.755,6.874,1550.006,6.865,2083.715,6.921,2707.197,7.056,2483.9693,7.1335,2646.105
3814,20030923,600064.SH,6.87,6.95,6.81,6.95,6.83,0.12,1.76,1433.12,985.585,0.0922,0.77,6.89,1117.265,6.8767,1524.1733,6.85,1652.8825,6.844,1675.706,6.87,3099.8087,6.955,2739.354,7.0867,2530.4613,7.1555,2681.58
3815,20030922,600064.SH,6.9,6.91,6.8,6.83,6.85,-0.02,-0.29,801.41,547.752,0.0515,0.3,6.84,1569.7,6.8167,1726.1367,6.8175,1736.3525,6.838,1860.818,6.9112,3062.5437,6.999,2872.66,7.1227,2815.234,7.183,2681.059
3816,20030919,600064.SH,6.77,6.92,6.75,6.85,6.77,0.08,1.18,2337.99,1602.013,0.1504,0.58,6.81,2188.5,6.8133,2048.0,6.84,2125.67,6.834,2659.338,6.9712,3144.8762,7.041,3012.043,7.1607,2904.0827,7.2145,2832.238
3817,20030918,600064.SH,6.8,6.83,6.71,6.77,6.82,-0.05,-0.73,2039.01,1380.615,0.1311,0.53,6.795,1903.005,6.8367,2054.8967,6.83,2739.675,6.866,4045.19,7.0387,3198.4,7.084,2962.004,7.1873,2933.272,7.261,2772.1885
3818,20030917,600064.SH,6.86,6.92,6.81,6.82,6.92,-0.1,-1.45,1767.0,1210.043,0.1136,0.46,6.87,2062.84,6.85,2973.23,6.89,4546.735,6.968,3864.388,7.0987,3217.9287,7.147,2950.951,7.22,3011.4713,7.311,2718.188
3819,20030916,600064.SH,6.81,6.97,6.8,6.92,6.81,0.11,1.62,2358.68,1620.253,0.1517,0.61,6.865,3576.345,6.9133,5473.3133,7.005,4388.735,7.066,3803.002,7.1562,3226.7537,7.208,2957.839,7.2593,3016.8713,7.361,2703.0655
3820,20030915,600064.SH,7.0,7.05,6.8,6.81,7.01,-0.2,-2.85,4794.01,3320.148,0.3083,1.42,6.91,7030.63,7.0333,5065.42,7.1025,4164.0825,7.16,3884.502,7.2162,3172.9787,7.265,3292.442,7.298,2954.4727,7.403,2672.8815
3821,20030912,600064.SH,7.25,7.26,6.99,7.01,7.28,-0.27,-3.71,9267.25,6553.909,0.596,4.93,7.145,5201.125,7.2,3954.1067,7.2475,3657.125,7.248,3364.748,7.2937,2803.2125,7.324,3026.455,7.3413,2889.8713,7.451,2519.023
3822,20030911,600064.SH,7.38,7.47,7.25,7.28,7.31,-0.03,-0.41,1135.0,828.53,0.073,0.56,7.295,1297.535,7.3267,1787.0833,7.3075,1889.1225,7.302,1878.818,7.3537,2357.895,7.348,2377.313,7.3927,2347.8547,7.492,2150.095
3823,20030910,600064.SH,7.39,7.39,7.25,7.31,7.39,-0.08,-1.08,1460.07,1067.358,0.0939,0.69,7.35,2113.125,7.3167,2140.4967,7.3075,2064.7725,7.326,2037.514,7.3687,2482.7875,7.346,2585.013,7.4253,2336.1213,7.532,2237.4665
3824,20030909,600064.SH,7.22,7.5,7.21,7.39,7.25,0.14,1.93,2766.18,2043.438,0.1779,1.02,7.32,2480.71,7.3067,2266.34,7.33,2181.875,7.35,2112.676,7.3612,2647.2575,7.356,2623.806,7.4593,2336.42,7.569,2237.511
3825,20030908,600064.SH,7.28,7.28,7.18,7.25,7.28,-0.03,-0.41,2195.24,1585.643,0.1412,0.82,7.265,2016.42,7.31,1987.1067,7.34,1949.3,7.37,2700.382,7.345,2702.985,7.367,2489.458,7.484,2269.008,7.606,2175.627
3826,20030905,600064.SH,7.4,7.4,7.22,7.28,7.4,-0.12,-1.62,1837.6,1345.527,0.1182,0.64,7.34,1883.04,7.37,1867.32,7.4,2826.6675,7.4,2688.162,7.365,2659.58,7.388,2652.433,7.5187,2237.1147,7.649,2166.959
3827,20030904,600064.SH,7.45,7.47,7.4,7.4,7.43,-0.03,-0.4,1928.48,1433.809,0.124,0.62,7.415,1882.18,7.44,3156.3567,7.43,2900.8025,7.394,2875.808,7.3925,2607.7175,7.438,2582.373,7.5553,2240.5207,7.6855,2298.921
3828,20030903,600064.SH,7.46,7.46,7.32,7.43,7.49,-0.06,-0.8,1835.88,1355.579,0.1181,0.59,7.46,3770.295,7.44,3224.91,7.3925,3112.64,7.366,3132.512,7.4,2844.7812,7.475,2485.425,7.6007,2304.1173,7.7205,2439.672
3829,20030902,600064.SH,7.4,7.58,7.38,7.49,7.4,0.09,1.22,5704.71,4252.557,0.3669,2.5,7.445,3919.425,7.38,3538.2267,7.35,3456.67,7.362,3134.936,7.4437,2757.4212,7.514,2448.292,7.642,2279.1227,7.7605,2904.323
3830,20030901,600064.SH,7.32,7.42,7.25,7.4,7.25,0.15,2.07,2134.14,1568.306,0.1373,0.82,7.325,2454.985,7.3033,2707.3233,7.33,2492.4925,7.364,2278.534,7.4787,2164.2075,7.541,2053.321,7.6847,2000.7087,7.796,3026.1725
3831,20030829,600064.SH,7.26,7.3,7.18,7.25,7.26,-0.01,-0.14,2775.83,2000.618,0.1785,1.21,7.255,2993.915,7.3067,2611.9433,7.355,2314.6325,7.376,2616.704,7.5312,2080.5087,7.578,2011.591,7.732,1993.2247,7.8265,3032.529
3832,20030828,600064.SH,7.41,7.43,7.25,7.26,7.41,-0.15,-2.02,3212.0,2359.993,0.2066,1.75,7.335,2530.0,7.39,2160.9,7.4075,2576.9225,7.482,2288.938,7.595,1952.905,7.636,1922.877,7.7827,2106.6253,7.859,2999.9025
3833,20030827,600064.SH,7.5,7.58,7.4,7.41,7.5,-0.09,-1.2,1848.0,1377.463,0.1189,1.05,7.455,1635.35,7.4567,2365.23,7.5375,2058.1725,7.584,1838.338,7.6587,1766.01,7.718,1889.92,7.8387,2208.7253,7.889,2916.2525
3834,20030826,600064.SH,7.46,7.54,7.46,7.5,7.46,0.04,0.54,1422.7,1067.017,0.0915,0.78,7.48,2623.845,7.58,2128.23,7.6275,1835.9225,7.666,1761.648,7.7112,1771.0962,7.782,1851.216,7.8933,2827.452,7.913,2898.56
3835,20030825,600064.SH,7.75,7.76,7.46,7.46,7.78,-0.32,-4.11,3824.99,2892.561,0.246,2.72,7.62,2480.995,7.67,1973.6633,7.7075,1846.385,7.718,1828.108,7.7837,1953.5625,7.845,1861.796,7.94,3275.3853,7.9365,2923.425
3836,20030822,600064.SH,7.75,7.82,7.75,7.78,7.77,0.01,0.13,1137.0,884.542,0.0731,0.73,7.775,1048.0,7.79,1186.85,7.7825,1328.8875,7.78,1406.478,7.8575,1658.0587,7.91,1681.485,7.9767,3171.1373,7.968,3035.022
3837,20030821,600064.SH,7.82,7.82,7.76,7.77,7.82,-0.05,-0.64,959.0,747.553,0.0617,0.49,7.795,1211.775,7.7833,1392.85,7.78,1473.8475,7.79,1556.816,7.9012,1706.9962,7.933,2015.469,7.9847,3236.8907,7.98,3265.766
3838,20030820,600064.SH,7.78,7.82,7.75,7.82,7.76,0.06,0.77,1464.55,1139.699,0.0942,0.75,7.79,1609.775,7.7833,1645.4633,7.795,1706.27,7.852,1941.502,7.9437,1839.8562,7.966,2393.919,7.9907,3275.5573,7.986,3278.216
3839,20030819,600064.SH,7.79,7.82,7.75,7.76,7.77,-0.01,-0.13,1755.0,1364.101,0.1129,0.93,7.765,1735.92,7.7867,1786.8433,7.86,2060.74,7.898,1940.784,7.9675,2216.3925,8.007,3360.354,7.9953,3277.5307,7.9905,3269.1505
3840,20030818,600064.SH,7.81,7.88,7.76,7.77,7.83,-0.06,-0.77,1716.84,1339.059,0.1104,0.88,7.8,1802.765,7.8933,2162.6533,7.9325,1987.23,7.972,1895.484,8.01,2589.955,8.051,3999.024,8.0093,3288.5307,7.997,3274.088
3841,20030815,600064.SH,7.88,7.91,7.81,7.83,7.88,-0.05,-0.63,1888.69,1482.128,0.1215,0.76,7.955,2385.56,7.9867,2077.36,8.0225,1940.145,8.04,1956.492,8.0675,3766.4625,8.075,4053.467,8.0307,3577.87,7.9995,3430.582
3842,20030814,600064.SH,8.05,8.19,8.02,8.08,8.05,0.03,0.37,2882.43,2337.394,0.1854,1.01,8.065,2171.695,8.0867,1957.2967,8.0925,1973.4425,8.076,2474.122,8.1137,4548.0887,8.082,4076.928,8.0433,3835.416,8.0065,3494.868
3843,20030813,600064.SH,8.1,8.11,8.04,8.05,8.13,-0.08,-0.98,1460.96,1177.878,0.094,0.31,8.09,1494.73,8.0967,1670.4467,8.075,2372.045,8.08,2846.336,8.105,4470.4437,8.06,3942.585,8.0307,3723.7873,8.0045,3594.064
3844,20030812,600064.SH,8.11,8.16,8.11,8.13,8.11,0.02,0.25,1528.5,1243.758,0.0983,0.25,8.12,1775.19,8.0833,2675.74,8.0875,3192.68,8.116,4779.924,8.0862,4553.2362,8.044,3945.904,8.0213,3711.9393,8.007,3602.182
3845,20030811,600064.SH,8.01,8.12,7.96,8.11,8.01,0.1,1.25,2021.88,1632.416,0.13,0.33,8.06,3249.36,8.0733,3747.4067,8.1125,5592.78,8.13,6102.564,8.0525,4554.5487,8.028,3985.054,8.0053,3733.6227,8.005,3681.7855
3846,20030808,600064.SH,8.1,8.1,7.99,8.01,8.1,-0.09,-1.11,4476.84,3594.994,0.2879,0.79,8.055,4610.17,8.1133,6783.08,8.135,7122.735,8.11,6150.442,8.025,4488.5825,8.026,4388.559,7.986,3921.9453,8.0055,3667.7265
3847,20030807,600064.SH,8.18,8.22,8.07,8.1,8.23,-0.13,-1.58,4743.5,3861.431,0.3051,0.94,8.165,7936.2,8.1767,8004.7,8.135,6568.8425,8.088,5679.734,8.02,4168.9775,8.027,4516.063,7.9833,3835.1167,8.015,3543.645
3848,20030806,600064.SH,8.23,8.26,8.18,8.23,8.2,0.03,0.37,11128.9,9150.226,0.7157,3.58,8.215,9635.3,8.1467,7177.29,8.085,5913.7925,8.04,5038.834,8.0187,4333.1562,8.006,4162.513,7.9793,3843.3067,8.023,3441.94
3849,20030805,600064.SH,8.0,8.22,7.97,8.2,8.01,0.19,2.37,8141.7,6634.121,0.5236,4.36,8.105,5201.485,8.0367,4175.4233,7.9925,3516.3175,7.972,3111.884,7.9925,3661.0287,7.974,3177.947,7.9707,3209.6013,8.0185,2934.897
3850,20030804,600064.SH,7.95,8.01,7.81,8.01,7.9,0.11,1.39,2261.27,1799.162,0.1454,0.86,7.955,2192.285,7.9233,1974.5233,7.915,1854.43,7.926,1867.544,7.9537,2794.3162,7.943,2549.152,7.9633,2874.8593,8.0185,2629.787
3851,20030801,600064.SH,7.85,7.9,7.8,7.9,7.86,0.04,0.51,2123.3,1663.878,0.1366,0.63,7.88,1831.15,7.8833,1718.8167,7.905,1769.1125,7.942,2626.676,7.9412,2672.0625,7.924,2807.697,7.9707,2840.1547,8.0205,2601.9095
3852,20030731,600064.SH,7.86,7.94,7.85,7.86,7.89,-0.03,-0.38,1539.0,1212.636,0.099,0.47,7.875,1516.575,7.9067,1651.05,7.9525,2752.52,7.966,3352.392,7.94,2638.3687,7.931,2912.808,7.9907,2831.6153,8.028,2603.496
3853,20030730,600064.SH,8.0,8.01,7.85,7.89,7.97,-0.08,-1.0,1494.15,1180.329,0.0961,0.46,7.93,1707.075,7.9833,3157.0267,7.9925,3805.74,7.972,3286.192,7.935,3051.8337,7.949,3245.543,8.0173,2909.642,8.042,2610.3025
3854,20030729,600064.SH,8.1,8.12,7.93,7.97,8.09,-0.12,-1.48,1920.0,1538.161,0.1235,0.59,8.03,3988.465,8.0267,4576.27,7.9925,3734.2025,7.976,3244.01,7.945,3261.8662,7.97,3258.46,8.034,2875.9013,8.0535,2663.198
3855,20030728,600064.SH,8.66,8.66,8.03,8.09,8.02,0.07,0.87,6056.93,4950.215,0.3895,2.03,8.055,5904.405,8.0,4338.9367,7.9775,3575.0125,7.96,3230.76,7.9537,3630.16,7.982,3378.517,8.0493,2883.868,8.0595,2741.9275
3856,20030725,600064.SH,7.89,8.06,7.82,8.02,7.89,0.13,1.65,5751.88,4593.45,0.3699,2.33,7.955,3479.94,7.94,2747.7067,7.9275,2524.2175,7.906,2988.718,7.955,3075.9587,7.985,2946.894,8.0467,2593.654,8.061,2623.961
3857,20030724,600064.SH,7.9,7.95,7.89,7.89,7.91,-0.02,-0.25,1208.0,955.543,0.0777,0.38,7.9,1245.62,7.8967,1448.33,7.8775,2297.9275,7.896,2473.224,7.9637,2747.045,8.003,2571.227,8.0487,2353.864,8.078,2491.5125
3858,20030723,600064.SH,7.9,7.93,7.86,7.91,7.89,0.02,0.25,1283.24,1014.324,0.0825,0.39,7.9,1568.495,7.8733,2661.2367,7.8975,2789.53,7.926,3204.894,7.9925,2813.6325,8.04,2721.367,8.0653,2385.006,8.0995,2533.6625
3859,20030722,600064.SH,7.85,8.07,7.83,7.89,7.82,0.07,0.9,1853.75,1460.347,0.1192,0.53,7.855,3350.235,7.8933,3291.6267,7.93,3685.3075,7.964,3272.91,8.0287,2902.6287,8.063,2691.847,8.0793,2469.594,8.1235,2548.6365
3860,20030721,600064.SH,7.96,7.96,7.8,7.82,7.97,-0.15,-1.88,4846.72,3793.495,0.3117,1.67,7.895,4010.565,7.9433,4295.8267,7.9825,3627.7,8.004,3526.274,8.075,3009.585,8.094,2710.422,8.0927,2578.9833,8.1435,2568.724
3861,20030718,600064.SH,8.04,8.1,7.95,7.97,8.04,-0.07,-0.87,3174.41,2545.994,0.2042,1.19,8.005,4020.38,8.0367,3221.36,8.05,3196.1625,8.064,2905.07,8.115,2527.25,8.117,2396.122,8.1127,2502.3753,8.17,2478.438
3862,20030717,600064.SH,8.07,8.1,8.02,8.04,8.1,-0.06,-0.74,4866.35,3914.492,0.313,2.17,8.07,3244.835,8.0767,3203.4133,8.0875,2837.735,8.11,2669.23,8.1437,2385.3862,8.125,2294.184,8.1387,2497.6087,8.189,2495.8425
3863,20030716,600064.SH,8.09,8.14,8.06,8.1,8.09,0.01,0.12,1623.32,1314.111,0.1044,0.77,8.095,2371.945,8.1033,2161.53,8.1275,2119.95,8.154,2237.84,8.145,1990.0575,8.135,1975.062,8.1573,2309.9187,8.2125,2407.5975
3864,20030715,600064.SH,8.13,8.13,8.04,8.09,8.12,-0.03,-0.37,3120.57,2518.872,0.2007,1.65,8.105,2430.635,8.1367,2285.4933,8.1675,2391.47,8.162,2110.784,8.1387,2056.5212,8.137,2067.936,8.1767,2307.212,8.2295,2466.0445
3865,20030714,600064.SH,8.2,8.25,8.1,8.12,8.2,-0.08,-0.98,1740.7,1415.065,0.112,0.92,8.16,1867.955,8.1933,2148.4367,8.18,1858.3375,8.184,1894.57,8.145,1875.8412,8.137,2105.338,8.19,2249.5407,8.248,2716.3115
3866,20030711,600064.SH,8.27,8.27,8.18,8.2,8.26,-0.06,-0.73,1995.21,1639.385,0.1283,1.04,8.23,2352.305,8.2,1897.55,8.2,1933.0375,8.17,1887.174,8.145,1977.2612,8.137,2301.028,8.2053,2336.2273,8.274,2794.372
3867,20030710,600064.SH,8.12,8.27,8.08,8.26,8.14,0.12,1.47,2709.4,2220.213,0.1743,1.58,8.2,1848.72,8.2,1912.3133,8.1625,1860.165,8.14,1919.138,8.1312,2164.6837,8.153,2411.798,8.2153,2438.0467,8.296,2940.6745
3868,20030709,600064.SH,8.23,8.23,8.14,8.14,8.2,-0.06,-0.73,988.04,805.957,0.0635,0.49,8.17,1513.77,8.13,1577.0867,8.11,1721.5725,8.116,1712.284,8.1137,2288.2087,8.159,2345.958,8.232,2464.1833,8.321,2924.875
3869,20030708,600064.SH,8.14,8.21,8.08,8.2,8.05,0.15,1.86,2039.5,1662.1,0.1312,0.88,8.125,1871.61,8.1,1966.0833,8.11,1893.345,8.112,2025.088,8.1412,2552.5675,8.184,2405.426,8.252,2584.4647,8.346,2999.5435
3870,20030707,600064.SH,8.0,8.08,8.0,8.05,8.05,0.0,0.0,1703.72,1368.759,0.1096,0.63,8.05,1929.375,8.08,1844.6267,8.09,2021.485,8.09,2316.106,8.1562,2554.005,8.193,2427.026,8.2693,2990.2253,8.365,3033.854
3871,20030704,600064.SH,8.14,8.17,8.04,8.05,8.14,-0.09,-1.11,2155.03,1744.123,0.1386,0.74,8.095,1915.08,8.1033,2127.4067,8.1,2469.2025,8.104,2714.882,8.1987,2538.88,8.223,2560.754,8.3087,3096.7713,8.393,3177.818
3872,20030703,600064.SH,8.12,8.18,8.09,8.14,8.12,0.02,0.25,1675.13,1361.197,0.1077,0.56,8.13,2113.595,8.1167,2573.9267,8.1175,2854.845,8.166,2904.458,8.2287,2551.4387,8.253,2697.501,8.348,3281.1867,8.424,3378.5165
3873,20030702,600064.SH,8.09,8.12,8.04,8.12,8.09,0.03,0.37,2552.06,2060.733,0.1641,0.92,8.105,3023.325,8.11,3248.0833,8.1725,3211.79,8.202,2979.632,8.255,2722.1725,8.29,2840.133,8.3893,3329.072,8.462,3572.596
3874,20030701,600064.SH,8.12,8.2,8.08,8.09,8.12,-0.03,-0.37,3494.59,2840.672,0.2248,1.38,8.105,3596.095,8.19,3431.7,8.2225,3086.525,8.256,2785.764,8.2837,2843.4775,8.322,2864.153,8.424,3324.362,8.4975,3815.52
3875,20030630,600064.SH,8.2,8.29,8.1,8.12,8.36,-0.24,-2.87,3697.6,3012.708,0.2378,1.54,8.24,3400.255,8.2667,2950.5033,8.2975,2608.5575,8.296,2537.946,8.3362,2794.335,8.359,3327.285,8.4567,3273.1033,8.542,3996.539
3876,20030626,600064.SH,8.28,8.45,8.2,8.36,8.32,0.04,0.48,3102.91,2571.042,0.1996,1.25,8.34,2576.955,8.3567,2245.5433,8.34,2248.0325,8.342,2406.626,8.3762,2681.1675,8.411,3287.716,8.4893,3332.13,8.589,5082.938
3877,20030625,600064.SH,8.4,8.4,8.26,8.32,8.39,-0.07,-0.83,2051.0,1704.452,0.1319,0.76,8.355,1816.86,8.3333,1963.0733,8.3375,2232.555,8.34,2490.544,8.3887,3309.0425,8.439,3469.551,8.51,3536.536,8.6245,5837.653
3878,20030624,600064.SH,8.3,8.4,8.3,8.39,8.29,0.1,1.21,1582.72,1319.956,0.1018,0.54,8.34,1919.11,8.3433,2293.0733,8.345,2600.43,8.378,2700.634,8.4287,3465.4062,8.483,3503.792,8.5487,3770.2507,8.6465,6218.651
3879,20030623,600064.SH,8.33,8.34,8.26,8.29,8.35,-0.06,-0.72,2255.5,1869.832,0.1451,0.55,8.32,2648.25,8.33,2939.6667,8.375,2980.1125,8.388,2942.542,8.46,3882.7237,8.508,3593.661,8.578,4158.772,8.672,6596.247
3880,20030620,600064.SH,8.35,8.39,8.3,8.35,8.35,0.0,0.0,3041.0,2536.985,0.1956,0.73,8.35,3281.75,8.4033,3221.65,8.4125,3114.3025,8.422,4116.624,8.5187,3899.9625,8.537,3640.682,8.624,4482.7367,8.699,6772.5775
3881,20030619,600064.SH,8.49,8.5,8.32,8.35,8.51,-0.16,-1.88,3522.5,2951.57,0.2265,0.79,8.43,3311.975,8.4333,3138.7367,8.44,4385.53,8.48,4168.806,8.555,3830.0137,8.563,3794.882,8.6713,5975.042,8.722,6986.8235
3882,20030618,600064.SH,8.46,8.51,8.4,8.51,8.44,0.07,0.83,3101.45,2628.259,0.1995,0.72,8.475,2946.855,8.47,4673.2067,8.5125,4330.3825,8.538,4448.558,8.5837,3730.415,8.595,4059.532,8.7193,6953.356,8.7355,7031.581
3883,20030617,600064.SH,8.46,8.53,8.42,8.44,8.46,-0.02,-0.24,2792.26,2366.014,0.1796,0.66,8.45,5459.085,8.5133,4740.0267,8.545,4785.335,8.588,4306.95,8.5962,3915.6087,8.634,4305.059,8.736,7391.3233,8.741,7145.529
3884,20030616,600064.SH,8.64,8.67,8.41,8.46,8.64,-0.18,-2.08,8125.91,6882.022,0.5226,2.57,8.55,5713.91,8.58,5449.6933,8.625,4685.6225,8.628,4244.78,8.625,4337.7012,8.673,4766.887,8.7667,7814.1487,8.7525,7446.4115
3885,20030613,600064.SH,8.64,8.72,8.6,8.64,8.64,0.0,0.0,3301.91,2856.491,0.2124,0.97,8.64,4111.585,8.68,3538.86,8.67,3274.4975,8.652,3164.74,8.68,4016.5525,8.725,4665.793,8.7913,7657.8953,8.7755,7624.5705
3886,20030612,600064.SH,8.75,8.75,8.58,8.64,8.76,-0.12,-1.37,4921.26,4249.404,0.3165,1.34,8.7,3657.335,8.68,3265.36,8.655,3130.4475,8.646,3420.958,8.7037,4530.1312,8.767,6878.16,8.8027,7926.1627,8.787,8100.592
3887,20030611,600064.SH,8.65,8.78,8.65,8.76,8.64,0.12,1.39,2393.41,2090.646,0.1539,0.56,8.7,2437.41,8.66,2533.51,8.6475,3045.8825,8.652,3670.506,8.7462,4804.345,8.81,8205.755,8.8013,7892.5887,8.8055,9517.697
3888,20030610,600064.SH,8.6,8.69,8.56,8.64,8.58,0.06,0.7,2481.41,2141.2,0.1596,0.47,8.61,2603.56,8.61,3263.3733,8.625,3989.78,8.68,4303.168,8.7837,7683.3662,8.81,8933.51,8.792,8091.722,8.803,9894.8775
3889,20030609,600064.SH,8.61,8.65,8.55,8.58,8.61,-0.03,-0.35,2725.71,2342.992,0.1753,0.44,8.595,3654.355,8.62,4492.57,8.69,4758.6075,8.718,5288.994,8.8375,9647.8412,8.836,9598.833,8.794,8513.622,8.7995,11385.525
3890,20030606,600064.SH,8.69,8.79,8.6,8.61,8.67,-0.06,-0.69,4583.0,3976.696,0.2948,0.44,8.64,5376.0,8.7267,5436.24,8.7525,5929.815,8.798,6166.846,8.86,10515.9975,8.861,9904.473,8.8167,9111.1807,8.7945,11503.811
3891,20030605,600064.SH,8.83,8.9,8.66,8.67,8.9,-0.23,-2.58,6169.0,5407.55,0.3968,0.48,8.785,5862.86,8.8,6378.7533,8.845,6562.8075,8.888,10335.362,8.8962,11084.9525,8.881,10178.765,8.834,9660.47,,
3892,20030604,600064.SH,8.8,8.91,8.75,8.9,8.83,0.07,0.79,5556.72,4903.625,0.3574,0.41,8.865,6483.63,8.9033,6694.0767,8.9425,11376.9525,8.968,12741.004,8.9162,11036.5912,8.876,10003.63,8.8567,11466.7607,,
3893,20030603,600064.SH,8.95,9.04,8.8,8.83,8.98,-0.15,-1.67,7410.54,6586.566,0.4766,0.53,8.905,7262.755,8.9567,13317.03,8.985,14537.075,8.94,13563.852,8.905,11257.7412,8.848,9985.999,8.844,11758.7807,,
3894,20030602,600064.SH,9.06,9.12,8.94,8.98,9.06,-0.08,-0.88,7114.97,6415.203,0.4576,0.52,9.02,16270.275,9.0367,16912.5867,8.9675,15102.18,8.954,13908.672,8.8787,10883.63,8.832,10125.936,8.8267,13417.702,,
3895,20030530,600064.SH,9.1,9.26,9.0,9.06,9.07,-0.01,-0.11,25425.58,23236.501,1.6352,2.54,9.065,21811.395,8.9633,17764.5833,8.9475,15607.0975,8.924,13642.1,8.8337,10666.81,8.826,10583.348,8.7933,13282.7993,,
3896,20030529,600064.SH,8.75,9.07,8.68,9.07,8.76,0.31,3.54,18197.21,16329.846,1.1703,2.5,8.915,13934.085,8.91,12334.27,8.89,10696.23,8.874,10022.168,8.785,8589.8512,8.807,9323.024,,,,
3897,20030528,600064.SH,8.99,9.07,8.75,8.76,8.9,-0.14,-1.57,9670.96,8625.451,0.622,1.51,8.83,9402.8,8.83,8195.9033,8.825,7978.4075,8.784,7266.256,8.7662,7776.3362,8.801,10829.639,,,,
3898,20030527,600064.SH,8.86,9.0,8.81,8.9,8.83,0.07,0.79,9134.64,8143.58,0.5875,1.44,8.865,7458.375,8.8467,7414.2233,8.79,6665.08,8.756,6408.146,8.78,8170.2587,8.796,10856.245,,,,
3899,20030526,600064.SH,8.82,8.9,8.75,8.83,8.81,0.02,0.23,5782.11,5103.06,0.3719,0.77,8.82,6554.015,8.7533,5841.8933,8.72,5726.5225,8.71,6343.2,8.7937,11186.3487,8.763,13172.217,,,,
3900,20030523,600064.SH,8.66,8.93,8.63,8.81,8.62,0.19,2.2,7325.92,6457.235,0.4712,0.85,8.715,5871.785,8.6833,5707.9933,8.68,6483.4725,8.728,7524.596,8.7787,11705.7125,8.728,13103.149,,,,
3901,20030522,600064.SH,8.61,8.66,8.48,8.62,8.62,0.0,0.0,4417.65,3781.054,0.2841,0.31,8.62,4899.03,8.6367,6202.6567,8.7075,7574.265,8.74,8623.88,8.7487,14826.7675,,,,,,
3902,20030521,600064.SH,8.71,8.75,8.61,8.62,8.67,-0.05,-0.58,5380.41,4666.974,0.346,0.35,8.645,7095.16,8.7367,8626.47,8.77,9675.4375,8.818,14393.022,8.7312,14910.99,,,,,,
3903,20030520,600064.SH,8.9,8.9,8.62,8.67,8.92,-0.25,-2.8,8809.91,7661.824,0.5666,0.44,8.795,10249.5,8.82,11107.1133,8.8675,16646.175,8.836,15304.344,,,,,,,,
3904,20030519,600064.SH,8.87,9.1,8.87,8.92,8.87,0.05,0.56,11689.09,10503.114,0.7518,0.63,8.895,12255.715,8.9333,19258.2633,8.8775,16927.9525,8.816,20001.234,,,,,,,,
3905,20030516,600064.SH,8.94,9.0,8.8,8.87,9.01,-0.14,-1.55,12822.34,11395.606,0.8247,0.76,8.94,23042.85,8.8633,18674.24,8.79,22079.27,8.728,18681.702,,,,,,,,
3906,20030515,600064.SH,8.72,9.18,8.64,9.01,8.71,0.3,3.44,33263.36,29866.82,2.1393,2.93,8.86,21600.19,8.7633,25164.9133,8.6925,20146.5425,,,,,,,,,,
3907,20030514,600064.SH,8.5,8.72,8.3,8.71,8.57,0.14,1.63,9937.02,8467.756,0.6391,0.94,8.64,21115.69,8.5867,15774.27,,,,,,,,,,,,
3908,20030513,600064.SH,8.62,8.98,8.56,8.57,8.48,0.09,1.06,32294.36,28201.656,2.077,6.46,8.525,18692.895,,,,,,,,,,,,,,
3909,20030512,600064.SH,8.3,8.5,8.25,8.48,8.26,0.22,2.66,5091.43,4274.889,0.3274,0.98,,,,,,,,,,,,,,,,
